date,geography,geography code,Hours worked: Total: All usual residents aged 16 years and over in employment the week before the census,Hours worked: Part-time,Hours worked: Part-time: 15 hours or less worked,Hours worked: Part-time: 16 to 30 hours worked,Hours worked: Full-time,Hours worked: Full-time: 31 to 48 hours worked,Hours worked: Full-time: 49 or more hours worked
2021,City of London 001A,E01000001,866,165,85,80,701,435,266
2021,City of London 001B,E01000002,875,131,53,78,744,430,314
2021,City of London 001C,E01000003,1000,210,78,132,790,545,245
2021,City of London 001E,E01000005,498,133,57,76,365,303,62
2021,Barking and Dagenham 016A,E01000006,886,322,118,204,564,483,81
2021,Barking and Dagenham 015A,E01000007,1385,398,137,261,987,868,119
2021,Barking and Dagenham 015B,E01000008,646,266,108,158,380,339,41
2021,Barking and Dagenham 016B,E01000009,782,250,98,152,532,460,72
2021,Barking and Dagenham 016C,E01000011,737,291,103,188,446,357,89
2021,Barking and Dagenham 015D,E01000012,902,340,109,231,562,491,71
2021,Barking and Dagenham 013A,E01000013,800,255,80,175,545,480,65
2021,Barking and Dagenham 013B,E01000014,797,257,86,171,540,466,74
2021,Barking and Dagenham 009A,E01000015,1063,352,105,247,711,624,87
2021,Barking and Dagenham 009B,E01000016,862,248,86,162,614,538,76
2021,Barking and Dagenham 009C,E01000017,749,224,80,144,525,455,70
2021,Barking and Dagenham 009D,E01000018,833,263,77,186,570,486,84
2021,Barking and Dagenham 023A,E01000019,690,264,80,184,426,362,64
2021,Barking and Dagenham 023B,E01000020,892,308,121,187,584,515,69
2021,Barking and Dagenham 008A,E01000021,686,251,92,159,435,384,51
2021,Barking and Dagenham 008B,E01000022,640,241,77,164,399,340,59
2021,Barking and Dagenham 008D,E01000024,630,205,82,123,425,375,50
2021,Barking and Dagenham 008E,E01000025,838,274,104,170,564,499,65
2021,Barking and Dagenham 001A,E01000027,803,267,104,163,536,466,70
2021,Barking and Dagenham 001B,E01000028,688,244,84,160,444,399,45
2021,Barking and Dagenham 001C,E01000029,775,245,99,146,530,474,56
2021,Barking and Dagenham 001D,E01000030,976,336,126,210,640,553,87
2021,Barking and Dagenham 002A,E01000031,788,267,99,168,521,456,65
2021,Barking and Dagenham 002B,E01000032,882,284,99,185,598,521,77
2021,Barking and Dagenham 006A,E01000033,591,201,70,131,390,336,54
2021,Barking and Dagenham 003A,E01000034,653,183,60,123,470,412,58
2021,Barking and Dagenham 010A,E01000035,817,248,91,157,569,500,69
2021,Barking and Dagenham 010B,E01000036,692,192,86,106,500,439,61
2021,Barking and Dagenham 003B,E01000037,855,235,74,161,620,530,90
2021,Barking and Dagenham 003C,E01000038,782,212,68,144,570,493,77
2021,Barking and Dagenham 003D,E01000039,824,216,71,145,608,516,92
2021,Barking and Dagenham 019A,E01000040,740,266,97,169,474,412,62
2021,Barking and Dagenham 017A,E01000041,824,249,87,162,575,501,74
2021,Barking and Dagenham 017B,E01000042,709,236,84,152,473,425,48
2021,Barking and Dagenham 019B,E01000043,703,246,98,148,457,391,66
2021,Barking and Dagenham 016D,E01000044,897,295,109,186,602,515,87
2021,Barking and Dagenham 017C,E01000045,729,248,84,164,481,395,86
2021,Barking and Dagenham 017D,E01000046,859,253,87,166,606,523,83
2021,Barking and Dagenham 021C,E01000049,680,259,97,162,421,356,65
2021,Barking and Dagenham 019C,E01000050,816,253,93,160,563,479,84
2021,Barking and Dagenham 021D,E01000051,575,149,43,106,426,383,43
2021,Barking and Dagenham 019D,E01000052,970,362,121,241,608,508,100
2021,Barking and Dagenham 020A,E01000053,694,224,68,156,470,397,73
2021,Barking and Dagenham 018A,E01000054,821,234,77,157,587,512,75
2021,Barking and Dagenham 018B,E01000055,748,257,87,170,491,422,69
2021,Barking and Dagenham 018C,E01000056,707,234,75,159,473,414,59
2021,Barking and Dagenham 012A,E01000057,656,222,79,143,434,376,58
2021,Barking and Dagenham 018D,E01000058,924,344,129,215,580,517,63
2021,Barking and Dagenham 013C,E01000059,784,237,65,172,547,482,65
2021,Barking and Dagenham 006B,E01000060,869,331,117,214,538,469,69
2021,Barking and Dagenham 006C,E01000061,761,244,91,153,517,448,69
2021,Barking and Dagenham 006D,E01000062,1022,344,139,205,678,599,79
2021,Barking and Dagenham 004A,E01000063,800,254,82,172,546,469,77
2021,Barking and Dagenham 006E,E01000064,1024,314,105,209,710,613,97
2021,Barking and Dagenham 007A,E01000065,814,286,112,174,528,468,60
2021,Barking and Dagenham 011A,E01000066,971,348,140,208,623,553,70
2021,Barking and Dagenham 011B,E01000067,931,343,132,211,588,527,61
2021,Barking and Dagenham 016E,E01000068,848,297,128,169,551,480,71
2021,Barking and Dagenham 011C,E01000069,1017,348,120,228,669,601,68
2021,Barking and Dagenham 011D,E01000070,892,267,99,168,625,544,81
2021,Barking and Dagenham 011E,E01000071,1213,390,145,245,823,721,102
2021,Barking and Dagenham 017E,E01000072,870,291,97,194,579,487,92
2021,Barking and Dagenham 012B,E01000073,786,259,99,160,527,461,66
2021,Barking and Dagenham 012C,E01000074,753,254,90,164,499,435,64
2021,Barking and Dagenham 012D,E01000075,957,331,111,220,626,540,86
2021,Barking and Dagenham 012E,E01000076,854,273,90,183,581,500,81
2021,Barking and Dagenham 008F,E01000077,712,240,92,148,472,407,65
2021,Barking and Dagenham 007B,E01000078,783,254,97,157,529,473,56
2021,Barking and Dagenham 009E,E01000079,721,234,66,168,487,427,60
2021,Barking and Dagenham 007C,E01000080,827,257,83,174,570,496,74
2021,Barking and Dagenham 007D,E01000081,889,301,97,204,588,515,73
2021,Barking and Dagenham 007E,E01000082,860,281,107,174,579,490,89
2021,Barking and Dagenham 007F,E01000083,777,264,100,164,513,441,72
2021,Barking and Dagenham 013D,E01000084,633,197,68,129,436,367,69
2021,Barking and Dagenham 013E,E01000085,731,227,85,142,504,441,63
2021,Barking and Dagenham 013F,E01000086,638,179,60,119,459,391,68
2021,Barking and Dagenham 020B,E01000087,700,238,82,156,462,409,53
2021,Barking and Dagenham 020C,E01000088,808,277,100,177,531,457,74
2021,Barking and Dagenham 020D,E01000089,774,292,98,194,482,429,53
2021,Barking and Dagenham 020E,E01000090,731,271,94,177,460,412,48
2021,Barking and Dagenham 022A,E01000091,804,296,104,192,508,449,59
2021,Barking and Dagenham 022B,E01000093,689,241,75,166,448,399,49
2021,Barking and Dagenham 022C,E01000094,1124,337,101,236,787,707,80
2021,Barking and Dagenham 018E,E01000095,952,288,98,190,664,587,77
2021,Barking and Dagenham 022D,E01000096,610,205,67,138,405,361,44
2021,Barking and Dagenham 023C,E01000097,794,252,84,168,542,469,73
2021,Barking and Dagenham 023D,E01000098,790,275,97,178,515,453,62
2021,Barking and Dagenham 023E,E01000099,1301,378,148,230,923,814,109
2021,Barking and Dagenham 004B,E01000100,813,265,94,171,548,487,61
2021,Barking and Dagenham 004C,E01000101,736,251,89,162,485,407,78
2021,Barking and Dagenham 007G,E01000102,747,287,92,195,460,416,44
2021,Barking and Dagenham 014A,E01000103,805,238,76,162,567,508,59
2021,Barking and Dagenham 014B,E01000104,820,244,90,154,576,510,66
2021,Barking and Dagenham 014C,E01000105,1020,313,97,216,707,604,103
2021,Barking and Dagenham 014D,E01000106,865,281,81,200,584,499,85
2021,Barking and Dagenham 010C,E01000107,736,233,84,149,503,429,74
2021,Barking and Dagenham 010D,E01000108,855,262,88,174,593,498,95
2021,Barking and Dagenham 002C,E01000110,743,255,104,151,488,430,58
2021,Barking and Dagenham 002D,E01000111,961,302,107,195,659,597,62
2021,Barking and Dagenham 002E,E01000112,918,288,122,166,630,530,100
2021,Barking and Dagenham 002F,E01000113,945,311,104,207,634,538,96
2021,Barking and Dagenham 004E,E01000114,1036,340,103,237,696,611,85
2021,Barnet 009A,E01000115,672,215,90,125,457,368,89
2021,Barnet 009B,E01000116,829,265,88,177,564,482,82
2021,Barnet 010A,E01000117,817,259,93,166,558,454,104
2021,Barnet 010B,E01000118,1000,304,113,191,696,579,117
2021,Barnet 009C,E01000119,843,264,96,168,579,466,113
2021,Barnet 009D,E01000120,709,206,75,131,503,402,101
2021,Barnet 010C,E01000121,629,239,97,142,390,335,55
2021,Barnet 009E,E01000122,738,245,86,159,493,407,86
2021,Barnet 010D,E01000123,975,299,100,199,676,581,95
2021,Barnet 010E,E01000124,871,300,115,185,571,476,95
2021,Barnet 026A,E01000126,1019,331,131,200,688,591,97
2021,Barnet 024B,E01000127,692,246,83,163,446,388,58
2021,Barnet 024C,E01000128,914,295,107,188,619,528,91
2021,Barnet 024D,E01000129,719,236,91,145,483,403,80
2021,Barnet 021A,E01000130,923,321,127,194,602,493,109
2021,Barnet 024E,E01000131,961,292,106,186,669,561,108
2021,Barnet 021B,E01000132,736,235,74,161,501,442,59
2021,Barnet 021C,E01000133,735,266,87,179,469,399,70
2021,Barnet 024F,E01000134,802,271,97,174,531,464,67
2021,Barnet 038A,E01000135,780,234,106,128,546,397,149
2021,Barnet 038B,E01000136,665,208,104,104,457,299,158
2021,Barnet 041A,E01000137,686,252,89,163,434,367,67
2021,Barnet 040A,E01000138,758,282,114,168,476,398,78
2021,Barnet 041B,E01000139,720,207,94,113,513,385,128
2021,Barnet 041C,E01000140,1034,301,115,186,733,528,205
2021,Barnet 039A,E01000141,997,329,136,193,668,559,109
2021,Barnet 040B,E01000142,1071,371,158,213,700,577,123
2021,Barnet 041D,E01000143,747,265,91,174,482,421,61
2021,Barnet 038C,E01000144,818,268,123,145,550,419,131
2021,Barnet 037A,E01000145,652,245,115,130,407,325,82
2021,Barnet 038D,E01000146,1023,312,140,172,711,551,160
2021,Barnet 043F,E01000147,969,282,115,167,687,567,120
2021,Barnet 036A,E01000150,1137,363,152,211,774,655,119
2021,Barnet 026B,E01000151,590,251,85,166,339,290,49
2021,Barnet 026C,E01000152,1318,387,160,227,931,801,130
2021,Barnet 026D,E01000153,824,315,123,192,509,451,58
2021,Barnet 026E,E01000154,894,270,117,153,624,533,91
2021,Barnet 022A,E01000156,1008,274,110,164,734,577,157
2021,Barnet 022B,E01000157,810,271,99,172,539,442,97
2021,Barnet 015A,E01000158,743,243,103,140,500,401,99
2021,Barnet 015B,E01000159,885,308,139,169,577,466,111
2021,Barnet 015C,E01000160,1060,315,136,179,745,596,149
2021,Barnet 015D,E01000161,934,287,104,183,647,499,148
2021,Barnet 015E,E01000162,701,274,112,162,427,352,75
2021,Barnet 022C,E01000163,767,243,95,148,524,458,66
2021,Barnet 022D,E01000164,772,258,87,171,514,448,66
2021,Barnet 022E,E01000165,846,287,111,176,559,464,95
2021,Barnet 003A,E01000166,712,214,75,139,498,409,89
2021,Barnet 002A,E01000167,668,206,75,131,462,403,59
2021,Barnet 003B,E01000168,703,226,83,143,477,370,107
2021,Barnet 003C,E01000169,828,253,115,138,575,465,110
2021,Barnet 006A,E01000170,907,318,114,204,589,493,96
2021,Barnet 006B,E01000171,1065,360,145,215,705,574,131
2021,Barnet 003D,E01000172,734,234,102,132,500,408,92
2021,Barnet 006C,E01000173,818,257,74,183,561,477,84
2021,Barnet 006D,E01000174,810,252,93,159,558,467,91
2021,Barnet 006E,E01000175,1022,379,130,249,643,541,102
2021,Barnet 027A,E01000176,741,233,73,160,508,411,97
2021,Barnet 029A,E01000177,865,246,78,168,619,477,142
2021,Barnet 027B,E01000178,811,259,91,168,552,440,112
2021,Barnet 029B,E01000179,1022,261,110,151,761,626,135
2021,Barnet 029C,E01000180,758,220,84,136,538,417,121
2021,Barnet 029D,E01000181,963,252,102,150,711,560,151
2021,Barnet 029E,E01000182,885,245,111,134,640,486,154
2021,Barnet 033A,E01000183,671,192,81,111,479,350,129
2021,Barnet 027C,E01000184,822,237,92,145,585,513,72
2021,Barnet 029F,E01000185,636,211,85,126,425,372,53
2021,Barnet 014A,E01000186,843,330,118,212,513,385,128
2021,Barnet 014B,E01000187,707,285,103,182,422,331,91
2021,Barnet 014C,E01000188,727,278,118,160,449,339,110
2021,Barnet 014D,E01000189,1243,323,106,217,920,769,151
2021,Barnet 014E,E01000190,792,252,92,160,540,425,115
2021,Barnet 014F,E01000191,670,262,103,159,408,313,95
2021,Barnet 018A,E01000192,951,378,156,222,573,459,114
2021,Barnet 018B,E01000193,957,368,132,236,589,481,108
2021,Barnet 018C,E01000194,853,308,103,205,545,463,82
2021,Barnet 013A,E01000195,886,300,105,195,586,510,76
2021,Barnet 028A,E01000196,1103,338,159,179,765,629,136
2021,Barnet 023A,E01000197,1009,301,125,176,708,577,131
2021,Barnet 025A,E01000198,975,349,148,201,626,480,146
2021,Barnet 025B,E01000199,699,231,109,122,468,332,136
2021,Barnet 028B,E01000200,872,280,120,160,592,462,130
2021,Barnet 028C,E01000201,703,235,130,105,468,313,155
2021,Barnet 028D,E01000202,864,297,131,166,567,427,140
2021,Barnet 028E,E01000203,798,278,113,165,520,404,116
2021,Barnet 025C,E01000204,851,290,130,160,561,414,147
2021,Barnet 035A,E01000205,747,227,110,117,520,359,161
2021,Barnet 033B,E01000206,685,232,116,116,453,310,143
2021,Barnet 033C,E01000207,665,198,101,97,467,315,152
2021,Barnet 033D,E01000208,851,257,122,135,594,404,190
2021,Barnet 035B,E01000209,649,220,95,125,429,298,131
2021,Barnet 033E,E01000210,778,249,114,135,529,390,139
2021,Barnet 035C,E01000211,1026,335,142,193,691,561,130
2021,Barnet 035D,E01000212,676,244,92,152,432,270,162
2021,Barnet 033F,E01000213,610,198,96,102,412,264,148
2021,Barnet 038E,E01000214,910,249,116,133,661,457,204
2021,Barnet 037B,E01000215,796,409,167,242,387,289,98
2021,Barnet 035E,E01000216,864,335,131,204,529,394,135
2021,Barnet 035F,E01000217,798,342,114,228,456,368,88
2021,Barnet 037C,E01000218,780,387,165,222,393,319,74
2021,Barnet 037D,E01000219,976,470,162,308,506,412,94
2021,Barnet 037E,E01000220,775,388,144,244,387,327,60
2021,Barnet 039B,E01000221,496,195,64,131,301,269,32
2021,Barnet 040C,E01000222,890,335,152,183,555,479,76
2021,Barnet 039C,E01000223,861,326,132,194,535,451,84
2021,Barnet 040D,E01000224,711,269,98,171,442,348,94
2021,Barnet 037F,E01000225,694,315,113,202,379,271,108
2021,Barnet 018D,E01000226,789,266,97,169,523,426,97
2021,Barnet 018E,E01000227,922,293,112,181,629,533,96
2021,Barnet 007A,E01000228,703,224,86,138,479,357,122
2021,Barnet 013B,E01000229,786,245,99,146,541,462,79
2021,Barnet 013C,E01000230,829,328,120,208,501,410,91
2021,Barnet 013D,E01000231,878,285,102,183,593,496,97
2021,Barnet 013E,E01000232,869,271,104,167,598,468,130
2021,Barnet 013F,E01000233,1003,333,122,211,670,531,139
2021,Barnet 021D,E01000234,921,279,111,168,642,480,162
2021,Barnet 021E,E01000235,889,298,122,176,591,481,110
2021,Barnet 034A,E01000236,837,319,124,195,518,413,105
2021,Barnet 032A,E01000237,1069,331,116,215,738,596,142
2021,Barnet 034B,E01000238,913,350,151,199,563,452,111
2021,Barnet 031A,E01000239,1016,330,130,200,686,561,125
2021,Barnet 031B,E01000240,860,273,119,154,587,465,122
2021,Barnet 031C,E01000241,893,298,135,163,595,465,130
2021,Barnet 032B,E01000242,678,259,123,136,419,322,97
2021,Barnet 032C,E01000243,1103,406,139,267,697,569,128
2021,Barnet 032D,E01000244,814,296,120,176,518,414,104
2021,Barnet 032E,E01000245,967,352,137,215,615,514,101
2021,Barnet 002B,E01000246,729,206,83,123,523,426,97
2021,Barnet 002C,E01000247,905,248,88,160,657,549,108
2021,Barnet 001A,E01000248,850,235,106,129,615,489,126
2021,Barnet 001B,E01000249,790,256,97,159,534,431,103
2021,Barnet 001C,E01000250,1314,378,139,239,936,769,167
2021,Barnet 002D,E01000251,1010,332,146,186,678,565,113
2021,Barnet 002E,E01000252,885,216,91,125,669,555,114
2021,Barnet 007B,E01000253,945,313,157,156,632,435,197
2021,Barnet 001D,E01000254,776,270,116,154,506,375,131
2021,Barnet 017A,E01000255,765,251,122,129,514,412,102
2021,Barnet 016A,E01000256,878,285,99,186,593,441,152
2021,Barnet 017B,E01000257,1047,308,101,207,739,620,119
2021,Barnet 016B,E01000258,919,301,126,175,618,461,157
2021,Barnet 025D,E01000259,1238,375,161,214,863,694,169
2021,Barnet 025E,E01000260,1073,363,158,205,710,595,115
2021,Barnet 017C,E01000261,751,223,93,130,528,383,145
2021,Barnet 016C,E01000263,759,242,109,133,517,343,174
2021,Barnet 016D,E01000264,976,313,127,186,663,505,158
2021,Barnet 011A,E01000265,920,316,125,191,604,518,86
2021,Barnet 011B,E01000266,687,210,89,121,477,371,106
2021,Barnet 005A,E01000267,834,262,105,157,572,460,112
2021,Barnet 005B,E01000268,1000,274,106,168,726,583,143
2021,Barnet 005C,E01000269,673,222,98,124,451,378,73
2021,Barnet 005D,E01000270,760,213,86,127,547,431,116
2021,Barnet 008A,E01000271,768,240,108,132,528,392,136
2021,Barnet 008B,E01000272,639,193,89,104,446,327,119
2021,Barnet 008C,E01000273,803,241,95,146,562,453,109
2021,Barnet 011C,E01000274,940,314,113,201,626,520,106
2021,Barnet 012A,E01000275,839,247,103,144,592,472,120
2021,Barnet 020A,E01000276,717,227,99,128,490,347,143
2021,Barnet 012B,E01000277,814,245,124,121,569,469,100
2021,Barnet 020B,E01000278,656,177,74,103,479,348,131
2021,Barnet 007C,E01000279,604,212,92,120,392,248,144
2021,Barnet 007D,E01000280,625,189,89,100,436,313,123
2021,Barnet 008D,E01000281,991,192,73,119,799,653,146
2021,Barnet 008E,E01000282,887,251,95,156,636,477,159
2021,Barnet 012C,E01000283,650,216,81,135,434,309,125
2021,Barnet 012D,E01000284,940,294,115,179,646,529,117
2021,Barnet 004A,E01000285,692,192,77,115,500,421,79
2021,Barnet 007E,E01000286,773,221,70,151,552,478,74
2021,Barnet 004B,E01000287,737,235,90,145,502,416,86
2021,Barnet 004C,E01000288,763,228,92,136,535,444,91
2021,Barnet 004D,E01000289,657,240,71,169,417,363,54
2021,Barnet 007F,E01000290,722,216,83,133,506,396,110
2021,Barnet 004E,E01000291,736,213,76,137,523,425,98
2021,Barnet 001E,E01000292,686,211,79,132,475,374,101
2021,Barnet 001F,E01000293,908,257,96,161,651,514,137
2021,Barnet 004F,E01000294,840,228,104,124,612,525,87
2021,Barnet 023B,E01000295,878,242,99,143,636,485,151
2021,Barnet 023C,E01000296,1007,253,128,125,754,634,120
2021,Barnet 027D,E01000297,754,215,88,127,539,452,87
2021,Barnet 023D,E01000298,932,258,109,149,674,531,143
2021,Barnet 019A,E01000299,1025,321,136,185,704,566,138
2021,Barnet 019B,E01000300,872,237,105,132,635,538,97
2021,Barnet 020C,E01000301,686,170,66,104,516,371,145
2021,Barnet 019C,E01000302,849,266,118,148,583,486,97
2021,Barnet 020D,E01000303,714,188,80,108,526,403,123
2021,Barnet 020E,E01000304,865,240,92,148,625,521,104
2021,Barnet 036B,E01000305,849,238,96,142,611,512,99
2021,Barnet 036C,E01000306,1062,301,112,189,761,626,135
2021,Barnet 039D,E01000307,759,240,79,161,519,434,85
2021,Barnet 036D,E01000308,1187,324,123,201,863,721,142
2021,Barnet 031D,E01000309,1026,342,118,224,684,559,125
2021,Barnet 034C,E01000310,1040,313,110,203,727,625,102
2021,Barnet 034D,E01000311,746,309,132,177,437,344,93
2021,Barnet 036E,E01000312,852,262,116,146,590,497,93
2021,Barnet 036F,E01000313,960,332,127,205,628,516,112
2021,Barnet 032F,E01000314,1145,358,172,186,787,648,139
2021,Barnet 022F,E01000315,768,296,92,204,472,398,74
2021,Barnet 027E,E01000316,1086,321,112,209,765,640,125
2021,Barnet 019D,E01000317,746,216,91,125,530,423,107
2021,Barnet 019E,E01000318,858,288,108,180,570,476,94
2021,Barnet 027F,E01000319,706,217,86,131,489,396,93
2021,Barnet 011D,E01000320,992,282,103,179,710,566,144
2021,Barnet 012E,E01000321,1077,279,113,166,798,677,121
2021,Barnet 011E,E01000322,901,317,134,183,584,468,116
2021,Barnet 019F,E01000323,1222,363,150,213,859,677,182
2021,Barnet 015F,E01000324,919,303,101,202,616,511,105
2021,Bexley 014A,E01000325,802,197,70,127,605,517,88
2021,Bexley 014B,E01000326,722,166,68,98,556,498,58
2021,Bexley 017A,E01000327,755,234,83,151,521,443,78
2021,Bexley 017B,E01000328,750,201,76,125,549,469,80
2021,Bexley 017C,E01000329,807,230,89,141,577,486,91
2021,Bexley 017D,E01000330,774,213,61,152,561,478,83
2021,Bexley 017E,E01000331,763,238,81,157,525,441,84
2021,Bexley 005A,E01000332,721,187,58,129,534,462,72
2021,Bexley 003A,E01000333,868,245,108,137,623,527,96
2021,Bexley 006A,E01000334,797,237,77,160,560,477,83
2021,Bexley 003B,E01000335,1425,358,125,233,1067,944,123
2021,Bexley 003C,E01000336,865,254,83,171,611,539,72
2021,Bexley 003D,E01000337,834,198,59,139,636,557,79
2021,Bexley 003E,E01000338,969,225,78,147,744,648,96
2021,Bexley 025A,E01000339,752,221,87,134,531,447,84
2021,Bexley 018A,E01000340,759,226,94,132,533,457,76
2021,Bexley 022A,E01000341,718,206,81,125,512,439,73
2021,Bexley 022B,E01000342,832,224,75,149,608,536,72
2021,Bexley 022C,E01000343,731,221,77,144,510,429,81
2021,Bexley 025B,E01000344,789,216,82,134,573,494,79
2021,Bexley 022D,E01000345,715,192,72,120,523,455,68
2021,Bexley 021A,E01000346,819,215,59,156,604,529,75
2021,Bexley 021B,E01000347,740,204,70,134,536,469,67
2021,Bexley 020A,E01000348,784,216,84,132,568,484,84
2021,Bexley 020B,E01000349,818,231,85,146,587,480,107
2021,Bexley 021C,E01000350,793,223,73,150,570,479,91
2021,Bexley 024A,E01000351,811,216,81,135,595,524,71
2021,Bexley 021D,E01000352,788,207,78,129,581,508,73
2021,Bexley 011A,E01000353,723,177,66,111,546,459,87
2021,Bexley 011B,E01000354,708,187,49,138,521,459,62
2021,Bexley 011C,E01000355,671,173,63,110,498,416,82
2021,Bexley 009A,E01000356,677,211,86,125,466,402,64
2021,Bexley 009B,E01000357,723,196,61,135,527,456,71
2021,Bexley 011D,E01000358,794,225,91,134,569,487,82
2021,Bexley 009C,E01000359,623,155,62,93,468,400,68
2021,Bexley 015A,E01000360,950,266,89,177,684,582,102
2021,Bexley 020C,E01000361,845,249,96,153,596,503,93
2021,Bexley 015B,E01000362,911,244,91,153,667,563,104
2021,Bexley 020D,E01000363,745,206,73,133,539,450,89
2021,Bexley 023A,E01000364,831,244,100,144,587,498,89
2021,Bexley 015C,E01000365,781,230,86,144,551,471,80
2021,Bexley 015D,E01000366,871,201,71,130,670,583,87
2021,Bexley 010A,E01000367,977,278,93,185,699,613,86
2021,Bexley 010B,E01000368,755,218,72,146,537,483,54
2021,Bexley 014C,E01000369,837,228,67,161,609,534,75
2021,Bexley 014D,E01000370,746,199,66,133,547,478,69
2021,Bexley 014E,E01000371,833,224,77,147,609,516,93
2021,Bexley 010C,E01000372,741,206,69,137,535,455,80
2021,Bexley 008A,E01000373,638,159,52,107,479,429,50
2021,Bexley 019A,E01000374,645,204,64,140,441,376,65
2021,Bexley 019B,E01000375,1108,285,102,183,823,722,101
2021,Bexley 019C,E01000376,873,243,82,161,630,555,75
2021,Bexley 019D,E01000377,730,184,57,127,546,463,83
2021,Bexley 019F,E01000379,875,234,90,144,641,552,89
2021,Bexley 010D,E01000380,915,250,84,166,665,591,74
2021,Bexley 028A,E01000381,715,205,77,128,510,449,61
2021,Bexley 027A,E01000382,760,191,78,113,569,445,124
2021,Bexley 028B,E01000383,731,233,83,150,498,425,73
2021,Bexley 027B,E01000384,867,228,98,130,639,552,87
2021,Bexley 028C,E01000385,838,270,98,172,568,506,62
2021,Bexley 028D,E01000386,633,199,86,113,434,382,52
2021,Bexley 027C,E01000387,754,194,55,139,560,479,81
2021,Bexley 016A,E01000388,684,181,81,100,503,439,64
2021,Bexley 020E,E01000389,811,207,85,122,604,513,91
2021,Bexley 020F,E01000390,631,163,53,110,468,403,65
2021,Bexley 021E,E01000391,884,244,95,149,640,566,74
2021,Bexley 016B,E01000392,987,280,91,189,707,641,66
2021,Bexley 020G,E01000393,872,246,80,166,626,545,81
2021,Bexley 015E,E01000394,783,197,77,120,586,504,82
2021,Bexley 018B,E01000395,790,232,86,146,558,465,93
2021,Bexley 018C,E01000396,758,200,68,132,558,492,66
2021,Bexley 029A,E01000398,723,206,76,130,517,456,61
2021,Bexley 029B,E01000399,774,219,81,138,555,464,91
2021,Bexley 029C,E01000400,773,204,80,124,569,499,70
2021,Bexley 013A,E01000401,768,247,87,160,521,469,52
2021,Bexley 005B,E01000402,724,192,59,133,532,480,52
2021,Bexley 004A,E01000403,989,283,89,194,706,610,96
2021,Bexley 004B,E01000404,1020,268,93,175,752,669,83
2021,Bexley 004C,E01000405,752,214,70,144,538,465,73
2021,Bexley 005C,E01000406,1102,301,91,210,801,692,109
2021,Bexley 005D,E01000407,912,253,94,159,659,554,105
2021,Bexley 004D,E01000408,845,220,71,149,625,549,76
2021,Bexley 016C,E01000409,892,222,79,143,670,586,84
2021,Bexley 018D,E01000410,892,249,97,152,643,555,88
2021,Bexley 016D,E01000411,745,218,77,141,527,455,72
2021,Bexley 018E,E01000412,952,259,98,161,693,603,90
2021,Bexley 018F,E01000413,699,176,59,117,523,468,55
2021,Bexley 016E,E01000414,918,249,100,149,669,568,101
2021,Bexley 016F,E01000415,723,202,69,133,521,459,62
2021,Bexley 002A,E01000416,734,252,95,157,482,405,77
2021,Bexley 006B,E01000417,823,229,80,149,594,516,78
2021,Bexley 002B,E01000418,953,262,79,183,691,581,110
2021,Bexley 006C,E01000419,693,190,75,115,503,441,62
2021,Bexley 006D,E01000420,733,218,76,142,515,429,86
2021,Bexley 009D,E01000421,746,224,79,145,522,453,69
2021,Bexley 002C,E01000422,568,195,69,126,373,329,44
2021,Bexley 025C,E01000423,760,217,83,134,543,456,87
2021,Bexley 026A,E01000424,868,214,93,121,654,541,113
2021,Bexley 025D,E01000425,804,224,80,144,580,476,104
2021,Bexley 026B,E01000426,914,240,88,152,674,589,85
2021,Bexley 026C,E01000427,921,239,88,151,682,586,96
2021,Bexley 027D,E01000428,851,231,79,152,620,534,86
2021,Bexley 008B,E01000429,724,216,66,150,508,455,53
2021,Bexley 008C,E01000430,991,276,87,189,715,626,89
2021,Bexley 008D,E01000431,492,143,38,105,349,316,33
2021,Bexley 008F,E01000433,825,258,86,172,567,501,66
2021,Bexley 008G,E01000434,681,228,60,168,453,397,56
2021,Bexley 010E,E01000435,667,175,62,113,492,431,61
2021,Bexley 011E,E01000436,865,265,87,178,600,502,98
2021,Bexley 007A,E01000437,713,207,73,134,506,433,73
2021,Bexley 007B,E01000438,791,213,77,136,578,515,63
2021,Bexley 007C,E01000439,645,177,56,121,468,410,58
2021,Bexley 007D,E01000440,678,202,72,130,476,405,71
2021,Bexley 007E,E01000441,780,253,91,162,527,470,57
2021,Bexley 006E,E01000442,820,218,71,147,602,514,88
2021,Bexley 024B,E01000443,648,151,48,103,497,429,68
2021,Bexley 023B,E01000444,762,228,93,135,534,419,115
2021,Bexley 024C,E01000445,785,217,83,134,568,479,89
2021,Bexley 024D,E01000446,839,217,70,147,622,532,90
2021,Bexley 023C,E01000447,1054,245,90,155,809,654,155
2021,Bexley 023D,E01000448,641,174,66,108,467,387,80
2021,Bexley 023E,E01000449,698,164,75,89,534,412,122
2021,Bexley 009E,E01000450,866,240,81,159,626,549,77
2021,Bexley 009F,E01000451,922,248,90,158,674,600,74
2021,Bexley 009G,E01000452,786,223,80,143,563,481,82
2021,Bexley 013B,E01000453,757,202,58,144,555,475,80
2021,Bexley 013C,E01000454,779,188,54,134,591,521,70
2021,Bexley 013D,E01000455,895,220,72,148,675,613,62
2021,Bexley 013E,E01000456,730,178,52,126,552,499,53
2021,Bexley 026D,E01000457,1068,252,113,139,816,691,125
2021,Bexley 027E,E01000458,684,208,93,115,476,390,86
2021,Bexley 027F,E01000459,832,229,108,121,603,509,94
2021,Bexley 022E,E01000460,624,169,63,106,455,359,96
2021,Bexley 024E,E01000461,804,225,101,124,579,480,99
2021,Bexley 026E,E01000462,954,239,98,141,715,616,99
2021,Bexley 025E,E01000463,643,175,58,117,468,400,68
2021,Bexley 002D,E01000464,659,208,69,139,451,398,53
2021,Bexley 002E,E01000465,722,234,91,143,488,432,56
2021,Bexley 001A,E01000466,740,254,81,173,486,412,74
2021,Bexley 001B,E01000467,724,221,77,144,503,449,54
2021,Bexley 001C,E01000468,1282,407,137,270,875,755,120
2021,Bexley 001D,E01000469,827,244,87,157,583,507,76
2021,Bexley 002F,E01000470,502,171,48,123,331,290,41
2021,Brent 026A,E01000471,913,220,81,139,693,624,69
2021,Brent 029A,E01000472,1219,331,117,214,888,786,102
2021,Brent 029B,E01000473,1290,373,142,231,917,837,80
2021,Brent 026B,E01000474,1109,298,119,179,811,735,76
2021,Brent 029C,E01000475,1017,323,121,202,694,613,81
2021,Brent 026C,E01000476,1078,277,109,168,801,729,72
2021,Brent 026D,E01000477,1191,310,109,201,881,786,95
2021,Brent 029D,E01000478,1200,332,126,206,868,789,79
2021,Brent 009A,E01000479,791,254,109,145,537,435,102
2021,Brent 006A,E01000480,793,210,86,124,583,461,122
2021,Brent 009B,E01000481,752,275,112,163,477,413,64
2021,Brent 009D,E01000483,770,290,111,179,480,412,68
2021,Brent 006B,E01000484,728,273,100,173,455,402,53
2021,Brent 006C,E01000485,697,218,79,139,479,399,80
2021,Brent 006D,E01000486,770,240,94,146,530,438,92
2021,Brent 006E,E01000487,894,313,137,176,581,472,109
2021,Brent 022A,E01000488,862,280,90,190,582,462,120
2021,Brent 030A,E01000489,848,297,144,153,551,419,132
2021,Brent 023A,E01000490,1001,237,79,158,764,618,146
2021,Brent 030B,E01000491,1033,285,119,166,748,575,173
2021,Brent 030C,E01000492,644,191,76,115,453,340,113
2021,Brent 030D,E01000493,803,248,101,147,555,455,100
2021,Brent 023B,E01000494,794,193,72,121,601,474,127
2021,Brent 023C,E01000495,804,214,80,134,590,482,108
2021,Brent 011A,E01000497,995,305,104,201,690,593,97
2021,Brent 010B,E01000498,620,265,101,164,355,303,52
2021,Brent 011B,E01000499,754,293,99,194,461,409,52
2021,Brent 011C,E01000501,851,350,115,235,501,430,71
2021,Brent 011D,E01000502,730,283,93,190,447,374,73
2021,Brent 011E,E01000503,924,310,126,184,614,519,95
2021,Brent 018A,E01000504,938,280,131,149,658,512,146
2021,Brent 018B,E01000505,709,241,115,126,468,388,80
2021,Brent 014A,E01000506,780,269,102,167,511,441,70
2021,Brent 018C,E01000507,761,240,92,148,521,423,98
2021,Brent 025A,E01000508,922,345,116,229,577,496,81
2021,Brent 014B,E01000509,595,211,77,134,384,327,57
2021,Brent 014C,E01000510,686,249,84,165,437,365,72
2021,Brent 014D,E01000511,737,312,141,171,425,352,73
2021,Brent 018D,E01000512,799,248,119,129,551,449,102
2021,Brent 002A,E01000513,769,257,92,165,512,423,89
2021,Brent 002B,E01000514,789,221,92,129,568,471,97
2021,Brent 003A,E01000515,880,295,100,195,585,484,101
2021,Brent 002C,E01000516,1200,324,136,188,876,722,154
2021,Brent 003B,E01000517,767,211,79,132,556,470,86
2021,Brent 005A,E01000518,921,325,127,198,596,489,107
2021,Brent 005B,E01000519,958,327,125,202,631,517,114
2021,Brent 002D,E01000520,744,237,91,146,507,415,92
2021,Brent 025B,E01000521,922,391,149,242,531,449,82
2021,Brent 025C,E01000522,837,312,107,205,525,435,90
2021,Brent 031A,E01000523,1022,393,138,255,629,534,95
2021,Brent 031B,E01000524,1060,408,156,252,652,547,105
2021,Brent 031C,E01000525,853,299,103,196,554,476,78
2021,Brent 025D,E01000526,857,355,129,226,502,448,54
2021,Brent 025E,E01000527,728,275,94,181,453,374,79
2021,Brent 025F,E01000528,756,251,95,156,505,432,73
2021,Brent 033A,E01000530,945,238,90,148,707,579,128
2021,Brent 033B,E01000531,865,252,102,150,613,497,116
2021,Brent 033C,E01000532,833,194,79,115,639,483,156
2021,Brent 031E,E01000533,920,356,126,230,564,471,93
2021,Brent 033D,E01000534,936,287,112,175,649,526,123
2021,Brent 031F,E01000535,1051,341,129,212,710,598,112
2021,Brent 004A,E01000536,732,226,88,138,506,430,76
2021,Brent 004B,E01000538,752,212,85,127,540,417,123
2021,Brent 004C,E01000539,753,205,81,124,548,420,128
2021,Brent 004D,E01000540,735,211,75,136,524,419,105
2021,Brent 004E,E01000541,706,220,93,127,486,384,102
2021,Brent 003E,E01000543,795,211,79,132,584,503,81
2021,Brent 034A,E01000544,875,263,125,138,612,481,131
2021,Brent 028A,E01000545,1052,289,97,192,763,619,144
2021,Brent 028B,E01000546,875,265,108,157,610,484,126
2021,Brent 028C,E01000547,874,201,78,123,673,524,149
2021,Brent 028D,E01000548,1133,293,135,158,840,708,132
2021,Brent 028E,E01000549,1118,267,118,149,851,615,236
2021,Brent 034B,E01000550,930,253,99,154,677,561,116
2021,Brent 034C,E01000551,1320,454,171,283,866,728,138
2021,Brent 034D,E01000552,641,218,66,152,423,354,69
2021,Brent 015A,E01000553,1075,348,132,216,727,622,105
2021,Brent 015B,E01000554,964,330,114,216,634,516,118
2021,Brent 015C,E01000555,759,210,88,122,549,415,134
2021,Brent 015D,E01000556,1122,334,92,242,788,684,104
2021,Brent 015E,E01000557,936,311,148,163,625,519,106
2021,Brent 015F,E01000558,673,199,91,108,474,357,117
2021,Brent 018E,E01000559,766,188,91,97,578,450,128
2021,Brent 023D,E01000560,855,257,107,150,598,455,143
2021,Brent 023E,E01000561,983,277,110,167,706,574,132
2021,Brent 008A,E01000562,737,224,89,135,513,405,108
2021,Brent 008B,E01000563,814,242,107,135,572,471,101
2021,Brent 013A,E01000564,779,245,74,171,534,456,78
2021,Brent 013B,E01000565,659,200,66,134,459,400,59
2021,Brent 008C,E01000566,782,226,93,133,556,470,86
2021,Brent 016A,E01000567,653,204,71,133,449,371,78
2021,Brent 008D,E01000568,1138,286,143,143,852,779,73
2021,Brent 008E,E01000569,740,222,81,141,518,446,72
2021,Brent 012A,E01000570,766,255,90,165,511,453,58
2021,Brent 012B,E01000571,897,267,117,150,630,510,120
2021,Brent 007A,E01000572,716,198,72,126,518,440,78
2021,Brent 007B,E01000573,823,218,88,130,605,500,105
2021,Brent 007C,E01000574,858,231,96,135,627,493,134
2021,Brent 007D,E01000575,1202,362,142,220,840,646,194
2021,Brent 012C,E01000576,957,305,134,171,652,490,162
2021,Brent 007E,E01000577,1109,377,140,237,732,642,90
2021,Brent 012D,E01000578,965,302,107,195,663,547,116
2021,Brent 032A,E01000579,864,212,69,143,652,526,126
2021,Brent 032B,E01000580,1009,272,112,160,737,520,217
2021,Brent 030E,E01000581,768,240,98,142,528,400,128
2021,Brent 032C,E01000582,921,207,87,120,714,482,232
2021,Brent 032D,E01000583,1110,291,131,160,819,621,198
2021,Brent 033E,E01000584,799,216,94,122,583,448,135
2021,Brent 033F,E01000585,845,233,90,143,612,473,139
2021,Brent 032E,E01000586,1398,354,169,185,1044,815,229
2021,Brent 001A,E01000587,830,235,74,161,595,493,102
2021,Brent 001B,E01000589,1271,355,142,213,916,765,151
2021,Brent 001C,E01000590,969,275,105,170,694,553,141
2021,Brent 003F,E01000591,1054,331,122,209,723,566,157
2021,Brent 001D,E01000592,961,287,98,189,674,548,126
2021,Brent 001E,E01000593,1018,313,130,183,705,587,118
2021,Brent 001F,E01000594,939,289,120,169,650,536,114
2021,Brent 027A,E01000595,646,330,87,243,316,284,32
2021,Brent 021A,E01000596,633,270,87,183,363,301,62
2021,Brent 027D,E01000599,801,234,67,167,567,505,62
2021,Brent 021B,E01000601,463,196,66,130,267,244,23
2021,Brent 021C,E01000602,557,219,61,158,338,310,28
2021,Brent 021D,E01000603,548,217,65,152,331,293,38
2021,Brent 021E,E01000604,669,241,76,165,428,378,50
2021,Brent 021F,E01000605,574,217,70,147,357,306,51
2021,Brent 016B,E01000606,859,265,83,182,594,517,77
2021,Brent 013C,E01000607,1201,345,100,245,856,737,119
2021,Brent 013D,E01000608,1143,357,124,233,786,690,96
2021,Brent 016C,E01000609,1008,282,94,188,726,639,87
2021,Brent 019A,E01000610,990,294,96,198,696,633,63
2021,Brent 016D,E01000611,994,274,99,175,720,637,83
2021,Brent 019B,E01000612,842,273,104,169,569,502,67
2021,Brent 013E,E01000613,829,256,89,167,573,507,66
2021,Brent 036A,E01000615,1315,478,222,256,837,719,118
2021,Brent 020A,E01000616,1072,306,106,200,766,663,103
2021,Brent 036B,E01000617,1142,281,89,192,861,762,99
2021,Brent 036D,E01000618,815,225,75,150,590,510,80
2021,Brent 036C,E01000619,771,222,70,152,549,497,52
2021,Brent 020B,E01000620,826,235,76,159,591,536,55
2021,Brent 020C,E01000621,906,248,98,150,658,578,80
2021,Brent 010D,E01000622,844,320,137,183,524,445,79
2021,Brent 005C,E01000623,932,255,78,177,677,532,145
2021,Brent 005D,E01000624,803,246,98,148,557,470,87
2021,Brent 009E,E01000625,704,233,89,144,471,387,84
2021,Brent 010E,E01000626,665,214,68,146,451,407,44
2021,Brent 014E,E01000627,915,314,122,192,601,506,95
2021,Brent 014F,E01000628,774,296,109,187,478,412,66
2021,Brent 005E,E01000629,951,292,105,187,659,552,107
2021,Brent 026E,E01000630,1363,386,138,248,977,886,91
2021,Brent 019C,E01000631,1004,294,94,200,710,650,60
2021,Brent 029E,E01000632,1165,327,109,218,838,764,74
2021,Brent 019D,E01000633,1202,367,131,236,835,736,99
2021,Brent 019E,E01000634,1269,337,87,250,932,841,91
2021,Brent 020E,E01000636,1337,356,122,234,981,891,90
2021,Brent 022B,E01000637,736,240,89,151,496,408,88
2021,Brent 024A,E01000638,983,359,129,230,624,514,110
2021,Brent 022C,E01000639,984,277,111,166,707,604,103
2021,Brent 024B,E01000640,991,367,129,238,624,514,110
2021,Brent 024C,E01000641,853,296,121,175,557,467,90
2021,Brent 022D,E01000642,1268,383,139,244,885,741,144
2021,Brent 024D,E01000643,898,306,106,200,592,527,65
2021,Brent 022E,E01000644,946,282,95,187,664,550,114
2021,Bromley 007A,E01000645,720,194,89,105,526,372,154
2021,Bromley 016A,E01000646,896,226,94,132,670,539,131
2021,Bromley 016B,E01000647,902,228,82,146,674,567,107
2021,Bromley 016C,E01000648,984,275,111,164,709,578,131
2021,Bromley 007B,E01000649,997,256,97,159,741,527,214
2021,Bromley 022A,E01000650,773,218,103,115,555,392,163
2021,Bromley 020A,E01000651,803,230,81,149,573,460,113
2021,Bromley 022B,E01000652,846,228,102,126,618,505,113
2021,Bromley 016D,E01000653,653,153,69,84,500,365,135
2021,Bromley 039A,E01000654,667,199,80,119,468,392,76
2021,Bromley 039B,E01000655,689,210,67,143,479,408,71
2021,Bromley 039C,E01000656,765,228,83,145,537,445,92
2021,Bromley 039D,E01000657,806,227,84,143,579,503,76
2021,Bromley 042A,E01000658,583,196,77,119,387,332,55
2021,Bromley 039E,E01000659,794,225,64,161,569,479,90
2021,Bromley 026A,E01000661,1227,310,111,199,917,797,120
2021,Bromley 026B,E01000662,923,289,115,174,634,534,100
2021,Bromley 026C,E01000663,775,244,94,150,531,460,71
2021,Bromley 026D,E01000664,819,236,86,150,583,498,85
2021,Bromley 033A,E01000665,924,277,101,176,647,529,118
2021,Bromley 033B,E01000666,879,288,148,140,591,452,139
2021,Bromley 033C,E01000667,780,263,98,165,517,375,142
2021,Bromley 020B,E01000668,1200,285,94,191,915,766,149
2021,Bromley 020C,E01000669,971,267,88,179,704,583,121
2021,Bromley 018A,E01000670,1024,221,88,133,803,662,141
2021,Bromley 020D,E01000671,1199,262,91,171,937,787,150
2021,Bromley 011A,E01000672,859,204,86,118,655,547,108
2021,Bromley 011B,E01000673,883,251,98,153,632,505,127
2021,Bromley 008A,E01000674,936,278,119,159,658,558,100
2021,Bromley 008B,E01000676,1082,265,95,170,817,694,123
2021,Bromley 018C,E01000677,1065,250,85,165,815,686,129
2021,Bromley 016E,E01000678,975,223,70,153,752,632,120
2021,Bromley 020E,E01000679,984,243,95,148,741,620,121
2021,Bromley 037A,E01000680,780,231,91,140,549,402,147
2021,Bromley 035A,E01000681,891,244,85,159,647,549,98
2021,Bromley 035B,E01000682,707,168,61,107,539,464,75
2021,Bromley 035C,E01000683,852,221,83,138,631,564,67
2021,Bromley 035D,E01000684,1020,266,99,167,754,594,160
2021,Bromley 037B,E01000685,814,220,79,141,594,500,94
2021,Bromley 037C,E01000686,667,217,94,123,450,366,84
2021,Bromley 037D,E01000687,763,229,92,137,534,433,101
2021,Bromley 037E,E01000688,667,192,74,118,475,358,117
2021,Bromley 002A,E01000689,679,213,84,129,466,393,73
2021,Bromley 002B,E01000690,662,169,65,104,493,383,110
2021,Bromley 002C,E01000691,783,223,84,139,560,454,106
2021,Bromley 002D,E01000692,832,221,79,142,611,475,136
2021,Bromley 010A,E01000693,565,153,69,84,412,296,116
2021,Bromley 007C,E01000694,1066,238,99,139,828,584,244
2021,Bromley 007D,E01000695,731,193,79,114,538,404,134
2021,Bromley 007E,E01000696,722,193,81,112,529,348,181
2021,Bromley 007F,E01000697,970,231,106,125,739,533,206
2021,Bromley 010B,E01000698,537,157,68,89,380,273,107
2021,Bromley 015A,E01000699,834,221,80,141,613,524,89
2021,Bromley 013A,E01000700,825,211,87,124,614,515,99
2021,Bromley 015B,E01000701,805,193,67,126,612,513,99
2021,Bromley 013B,E01000702,852,192,75,117,660,558,102
2021,Bromley 013C,E01000703,897,211,71,140,686,530,156
2021,Bromley 015C,E01000704,790,205,81,124,585,496,89
2021,Bromley 015D,E01000705,718,202,79,123,516,428,88
2021,Bromley 013D,E01000706,726,188,60,128,538,462,76
2021,Bromley 041A,E01000707,804,200,71,129,604,490,114
2021,Bromley 041B,E01000708,866,221,77,144,645,524,121
2021,Bromley 006A,E01000709,724,146,59,87,578,483,95
2021,Bromley 006B,E01000710,1429,264,118,146,1165,979,186
2021,Bromley 006C,E01000711,1104,226,80,146,878,711,167
2021,Bromley 012A,E01000712,1022,218,85,133,804,652,152
2021,Bromley 012B,E01000713,1043,193,65,128,850,669,181
2021,Bromley 006D,E01000714,1244,278,117,161,966,795,171
2021,Bromley 012C,E01000715,943,171,71,100,772,643,129
2021,Bromley 011C,E01000716,752,169,71,98,583,465,118
2021,Bromley 011D,E01000717,932,209,83,126,723,601,122
2021,Bromley 006E,E01000718,1034,278,111,167,756,647,109
2021,Bromley 019A,E01000719,996,275,94,181,721,626,95
2021,Bromley 019B,E01000720,802,254,94,160,548,469,79
2021,Bromley 019C,E01000721,687,191,64,127,496,414,82
2021,Bromley 023A,E01000722,940,267,85,182,673,596,77
2021,Bromley 029A,E01000723,562,161,70,91,401,343,58
2021,Bromley 019D,E01000724,731,217,78,139,514,459,55
2021,Bromley 023B,E01000725,821,217,89,128,604,525,79
2021,Bromley 029B,E01000726,649,163,61,102,486,418,68
2021,Bromley 028A,E01000727,807,218,74,144,589,501,88
2021,Bromley 019E,E01000728,720,212,93,119,508,427,81
2021,Bromley 014A,E01000729,857,228,95,133,629,561,68
2021,Bromley 014B,E01000730,769,245,80,165,524,456,68
2021,Bromley 023C,E01000731,646,190,65,125,456,395,61
2021,Bromley 023D,E01000732,746,210,77,133,536,435,101
2021,Bromley 023E,E01000733,826,220,74,146,606,507,99
2021,Bromley 028B,E01000734,667,188,73,115,479,396,83
2021,Bromley 014C,E01000735,692,197,62,135,495,417,78
2021,Bromley 010C,E01000736,750,236,74,162,514,444,70
2021,Bromley 010D,E01000737,650,176,59,117,474,410,64
2021,Bromley 014D,E01000738,824,220,84,136,604,518,86
2021,Bromley 014E,E01000739,675,217,71,146,458,394,64
2021,Bromley 005B,E01000741,1144,245,88,157,899,766,133
2021,Bromley 005C,E01000742,1262,309,120,189,953,819,134
2021,Bromley 009A,E01000743,858,253,76,177,605,510,95
2021,Bromley 009B,E01000744,689,222,83,139,467,413,54
2021,Bromley 005D,E01000745,1096,248,99,149,848,702,146
2021,Bromley 005E,E01000746,1184,304,124,180,880,741,139
2021,Bromley 042B,E01000747,966,291,133,158,675,511,164
2021,Bromley 042C,E01000748,763,267,111,156,496,384,112
2021,Bromley 036A,E01000749,724,244,103,141,480,388,92
2021,Bromley 036B,E01000750,570,197,78,119,373,326,47
2021,Bromley 036C,E01000751,1081,273,93,180,808,663,145
2021,Bromley 036D,E01000752,774,243,101,142,531,438,93
2021,Bromley 031A,E01000753,859,254,92,162,605,488,117
2021,Bromley 031B,E01000754,882,222,93,129,660,536,124
2021,Bromley 031C,E01000755,773,216,86,130,557,472,85
2021,Bromley 033D,E01000756,765,213,86,127,552,413,139
2021,Bromley 031D,E01000757,700,218,88,130,482,389,93
2021,Bromley 031E,E01000758,710,185,71,114,525,443,82
2021,Bromley 034A,E01000759,820,266,99,167,554,440,114
2021,Bromley 034B,E01000760,730,219,71,148,511,427,84
2021,Bromley 034C,E01000761,738,231,75,156,507,433,74
2021,Bromley 018D,E01000762,887,231,80,151,656,559,97
2021,Bromley 027A,E01000763,713,218,79,139,495,393,102
2021,Bromley 027B,E01000764,877,248,81,167,629,549,80
2021,Bromley 034D,E01000765,861,252,105,147,609,485,124
2021,Bromley 027C,E01000766,870,278,110,168,592,456,136
2021,Bromley 027D,E01000767,779,230,82,148,549,455,94
2021,Bromley 034E,E01000768,654,197,75,122,457,369,88
2021,Bromley 024A,E01000769,647,191,52,139,456,397,59
2021,Bromley 012D,E01000770,654,198,91,107,456,347,109
2021,Bromley 041C,E01000771,781,232,95,137,549,456,93
2021,Bromley 012E,E01000772,711,202,86,116,509,386,123
2021,Bromley 024B,E01000773,763,221,77,144,542,436,106
2021,Bromley 041D,E01000774,755,196,52,144,559,470,89
2021,Bromley 024C,E01000775,1092,297,124,173,795,635,160
2021,Bromley 024D,E01000777,819,225,71,154,594,497,97
2021,Bromley 024E,E01000778,848,253,81,172,595,486,109
2021,Bromley 001A,E01000779,660,191,76,115,469,374,95
2021,Bromley 001B,E01000780,759,203,82,121,556,475,81
2021,Bromley 001C,E01000781,699,225,78,147,474,405,69
2021,Bromley 001D,E01000782,681,222,68,154,459,402,57
2021,Bromley 001E,E01000783,741,203,65,138,538,469,69
2021,Bromley 002E,E01000784,785,193,66,127,592,477,115
2021,Bromley 001F,E01000785,724,220,83,137,504,442,62
2021,Bromley 032A,E01000786,661,204,87,117,457,371,86
2021,Bromley 029C,E01000787,649,188,69,119,461,406,55
2021,Bromley 029D,E01000788,745,208,76,132,537,458,79
2021,Bromley 032B,E01000789,719,242,81,161,477,423,54
2021,Bromley 028C,E01000790,1302,308,125,183,994,828,166
2021,Bromley 029E,E01000791,681,168,50,118,513,443,70
2021,Bromley 032C,E01000792,683,195,81,114,488,427,61
2021,Bromley 032D,E01000793,715,226,98,128,489,379,110
2021,Bromley 035E,E01000794,675,206,81,125,469,383,86
2021,Bromley 032E,E01000795,595,169,66,103,426,358,68
2021,Bromley 009C,E01000796,706,232,82,150,474,426,48
2021,Bromley 013E,E01000797,838,202,83,119,636,512,124
2021,Bromley 009D,E01000798,774,214,77,137,560,492,68
2021,Bromley 004A,E01000799,971,266,92,174,705,602,103
2021,Bromley 009E,E01000800,942,249,102,147,693,592,101
2021,Bromley 015E,E01000801,765,218,80,138,547,477,70
2021,Bromley 004B,E01000802,1057,253,86,167,804,669,135
2021,Bromley 004C,E01000803,882,237,89,148,645,523,122
2021,Bromley 004D,E01000804,730,225,94,131,505,405,100
2021,Bromley 004E,E01000805,918,237,75,162,681,581,100
2021,Bromley 009F,E01000806,894,253,92,161,641,546,95
2021,Bromley 022C,E01000807,787,232,91,141,555,426,129
2021,Bromley 025A,E01000808,714,179,65,114,535,428,107
2021,Bromley 022D,E01000809,726,191,66,125,535,433,102
2021,Bromley 025B,E01000810,709,189,83,106,520,409,111
2021,Bromley 025C,E01000811,683,157,63,94,526,439,87
2021,Bromley 028D,E01000812,761,209,82,127,552,439,113
2021,Bromley 025D,E01000813,715,186,73,113,529,431,98
2021,Bromley 028E,E01000814,691,196,75,121,495,375,120
2021,Bromley 025E,E01000815,686,171,67,104,515,351,164
2021,Bromley 040A,E01000816,781,221,84,137,560,483,77
2021,Bromley 040B,E01000818,857,241,99,142,616,526,90
2021,Bromley 040C,E01000819,887,267,108,159,620,524,96
2021,Bromley 008C,E01000820,758,197,68,129,561,457,104
2021,Bromley 008D,E01000822,818,197,72,125,621,513,108
2021,Bromley 008E,E01000823,903,235,103,132,668,547,121
2021,Bromley 008F,E01000824,784,212,80,132,572,473,99
2021,Bromley 008G,E01000825,866,193,67,126,673,570,103
2021,Bromley 021A,E01000826,746,243,103,140,503,363,140
2021,Bromley 021B,E01000827,809,184,62,122,625,517,108
2021,Bromley 011E,E01000828,823,205,86,119,618,513,105
2021,Bromley 018E,E01000829,955,209,73,136,746,629,117
2021,Bromley 021C,E01000830,729,224,86,138,505,353,152
2021,Bromley 021D,E01000831,776,215,84,131,561,453,108
2021,Bromley 030A,E01000832,738,220,98,122,518,411,107
2021,Bromley 021E,E01000833,709,230,81,149,479,380,99
2021,Bromley 027E,E01000834,704,210,68,142,494,409,85
2021,Bromley 030B,E01000835,857,268,92,176,589,479,110
2021,Bromley 030C,E01000836,717,208,80,128,509,415,94
2021,Bromley 030D,E01000837,719,219,92,127,500,416,84
2021,Bromley 030E,E01000838,661,190,70,120,471,375,96
2021,Bromley 030F,E01000839,663,189,73,116,474,385,89
2021,Bromley 030G,E01000840,584,175,78,97,409,310,99
2021,Bromley 030H,E01000841,843,240,96,144,603,505,98
2021,Camden 011A,E01000842,818,189,76,113,629,397,232
2021,Camden 014A,E01000843,723,144,81,63,579,357,222
2021,Camden 011B,E01000844,944,189,76,113,755,442,313
2021,Camden 014B,E01000845,825,177,76,101,648,457,191
2021,Camden 014C,E01000846,620,240,83,157,380,280,100
2021,Camden 014D,E01000847,687,230,93,137,457,328,129
2021,Camden 011C,E01000848,874,186,87,99,688,428,260
2021,Camden 011D,E01000849,827,156,73,83,671,477,194
2021,Camden 026A,E01000850,749,167,112,55,582,419,163
2021,Camden 026B,E01000851,628,164,98,66,464,297,167
2021,Camden 029H,E01000853,514,177,86,91,337,281,56
2021,Camden 028A,E01000855,685,148,73,75,537,392,145
2021,Camden 019A,E01000856,752,223,104,119,529,425,104
2021,Camden 018A,E01000857,700,173,87,86,527,359,168
2021,Camden 018B,E01000858,882,252,111,141,630,509,121
2021,Camden 018C,E01000859,809,186,96,90,623,379,244
2021,Camden 018D,E01000860,508,150,79,71,358,231,127
2021,Camden 019B,E01000861,763,202,96,106,561,423,138
2021,Camden 018E,E01000862,943,198,94,104,745,433,312
2021,Camden 021A,E01000863,757,156,79,77,601,447,154
2021,Camden 009A,E01000866,964,259,99,160,705,563,142
2021,Camden 015C,E01000867,826,232,92,140,594,477,117
2021,Camden 015D,E01000868,778,233,99,134,545,456,89
2021,Camden 015E,E01000869,1037,267,130,137,770,602,168
2021,Camden 009B,E01000870,842,216,78,138,626,474,152
2021,Camden 005A,E01000871,839,206,94,112,633,445,188
2021,Camden 005B,E01000872,991,258,113,145,733,593,140
2021,Camden 005C,E01000873,939,206,109,97,733,521,212
2021,Camden 005D,E01000874,823,186,96,90,637,422,215
2021,Camden 013A,E01000875,937,223,99,124,714,565,149
2021,Camden 013B,E01000876,1001,235,104,131,766,610,156
2021,Camden 005E,E01000877,858,181,92,89,677,492,185
2021,Camden 004A,E01000878,794,206,88,118,588,384,204
2021,Camden 004B,E01000879,707,151,67,84,556,355,201
2021,Camden 004C,E01000880,753,167,94,73,586,354,232
2021,Camden 008A,E01000881,726,154,70,84,572,396,176
2021,Camden 008B,E01000882,807,173,85,88,634,408,226
2021,Camden 008C,E01000883,917,171,94,77,746,525,221
2021,Camden 004D,E01000884,708,197,102,95,511,273,238
2021,Camden 004E,E01000885,613,177,74,103,436,272,164
2021,Camden 006A,E01000886,753,186,76,110,567,402,165
2021,Camden 006B,E01000887,814,171,68,103,643,467,176
2021,Camden 006C,E01000888,722,204,81,123,518,378,140
2021,Camden 007A,E01000889,726,223,73,150,503,437,66
2021,Camden 007B,E01000890,489,180,59,121,309,261,48
2021,Camden 007C,E01000891,610,173,58,115,437,366,71
2021,Camden 006D,E01000892,933,239,119,120,694,515,179
2021,Camden 002A,E01000893,786,196,92,104,590,400,190
2021,Camden 002B,E01000894,637,147,61,86,490,285,205
2021,Camden 002C,E01000895,804,179,72,107,625,405,220
2021,Camden 002D,E01000896,796,184,94,90,612,375,237
2021,Camden 008D,E01000897,809,175,71,104,634,364,270
2021,Camden 008E,E01000898,857,147,53,94,710,582,128
2021,Camden 002E,E01000899,805,195,111,84,610,369,241
2021,Camden 012A,E01000900,878,228,82,146,650,521,129
2021,Camden 007D,E01000901,802,293,100,193,509,421,88
2021,Camden 012B,E01000902,573,205,71,134,368,298,70
2021,Camden 006E,E01000903,741,210,101,109,531,363,168
2021,Camden 012C,E01000904,958,254,100,154,704,548,156
2021,Camden 012D,E01000905,747,272,101,171,475,397,78
2021,Camden 012E,E01000906,886,169,66,103,717,510,207
2021,Camden 001A,E01000907,648,188,70,118,460,357,103
2021,Camden 001B,E01000908,687,212,78,134,475,381,94
2021,Camden 001C,E01000909,784,256,126,130,528,374,154
2021,Camden 003A,E01000910,746,191,80,111,555,388,167
2021,Camden 003B,E01000911,679,182,69,113,497,391,106
2021,Camden 001D,E01000912,753,232,73,159,521,423,98
2021,Camden 001E,E01000913,800,250,135,115,550,344,206
2021,Camden 028B,E01000914,713,170,77,93,543,350,193
2021,Camden 027A,E01000915,640,252,95,157,388,310,78
2021,Camden 027B,E01000916,997,260,117,143,737,497,240
2021,Camden 027C,E01000917,652,232,94,138,420,348,72
2021,Camden 028C,E01000918,774,244,129,115,530,370,160
2021,Camden 028D,E01000919,653,180,86,94,473,327,146
2021,Camden 027D,E01000920,855,216,105,111,639,462,177
2021,Camden 003C,E01000921,1179,272,111,161,907,704,203
2021,Camden 007E,E01000922,860,224,92,132,636,481,155
2021,Camden 003D,E01000923,793,185,85,100,608,436,172
2021,Camden 009C,E01000924,911,177,93,84,734,574,160
2021,Camden 009D,E01000925,592,214,97,117,378,300,78
2021,Camden 009E,E01000926,763,219,91,128,544,434,110
2021,Camden 007F,E01000927,826,213,95,118,613,434,179
2021,Camden 003E,E01000928,937,249,116,133,688,531,157
2021,Camden 020A,E01000929,742,265,96,169,477,382,95
2021,Camden 020B,E01000930,860,263,98,165,597,474,123
2021,Camden 013C,E01000931,950,289,111,178,661,530,131
2021,Camden 013D,E01000932,1085,202,90,112,883,666,217
2021,Camden 020C,E01000933,951,238,98,140,713,546,167
2021,Camden 020D,E01000934,645,232,93,139,413,338,75
2021,Camden 020E,E01000935,707,276,88,188,431,354,77
2021,Camden 029G,E01000937,367,117,63,54,250,186,64
2021,Camden 029A,E01000938,606,194,86,108,412,338,74
2021,Camden 029B,E01000939,506,201,86,115,305,255,50
2021,Camden 029D,E01000941,445,163,63,100,282,235,47
2021,Camden 029C,E01000942,436,119,60,59,317,240,77
2021,Camden 029F,E01000943,450,155,98,57,295,241,54
2021,Camden 023A,E01000944,544,191,90,101,353,303,50
2021,Camden 021B,E01000946,764,183,79,104,581,427,154
2021,Camden 021C,E01000947,834,245,105,140,589,477,112
2021,Camden 021D,E01000948,755,210,94,116,545,395,150
2021,Camden 023C,E01000949,760,210,67,143,550,467,83
2021,Camden 023E,E01000951,542,205,81,124,337,294,43
2021,Camden 022A,E01000952,673,262,110,152,411,358,53
2021,Camden 022C,E01000954,550,238,86,152,312,275,37
2021,Camden 022D,E01000955,477,190,81,109,287,249,38
2021,Camden 022E,E01000956,572,186,83,103,386,324,62
2021,Camden 019C,E01000957,711,183,73,110,528,438,90
2021,Camden 019D,E01000958,1104,338,152,186,766,603,163
2021,Camden 019E,E01000959,620,219,100,119,401,356,45
2021,Camden 017A,E01000960,1032,199,81,118,833,580,253
2021,Camden 017B,E01000961,794,222,88,134,572,436,136
2021,Camden 016A,E01000962,1009,156,73,83,853,560,293
2021,Camden 017C,E01000963,858,167,62,105,691,439,252
2021,Camden 016B,E01000964,924,207,87,120,717,504,213
2021,Camden 016C,E01000965,979,191,69,122,788,560,228
2021,Camden 016D,E01000966,998,185,93,92,813,525,288
2021,Camden 017D,E01000967,710,189,89,100,521,340,181
2021,Camden 016E,E01000968,931,143,73,70,788,579,209
2021,Camden 010A,E01000969,1180,208,91,117,972,677,295
2021,Camden 010B,E01000970,971,143,75,68,828,599,229
2021,Camden 010C,E01000971,746,156,56,100,590,407,183
2021,Camden 010D,E01000972,968,267,107,160,701,569,132
2021,Camden 010E,E01000973,1457,302,140,162,1155,873,282
2021,Camden 013E,E01000974,851,192,79,113,659,503,156
2021,Croydon 022A,E01000975,1363,308,130,178,1055,869,186
2021,Croydon 022B,E01000976,1128,306,115,191,822,720,102
2021,Croydon 022C,E01000977,929,261,106,155,668,585,83
2021,Croydon 022D,E01000978,937,236,97,139,701,595,106
2021,Croydon 022E,E01000979,1019,265,106,159,754,646,108
2021,Croydon 017A,E01000980,712,202,60,142,510,437,73
2021,Croydon 017B,E01000981,925,227,76,151,698,598,100
2021,Croydon 017C,E01000982,899,240,96,144,659,584,75
2021,Croydon 017D,E01000983,1060,232,69,163,828,694,134
2021,Croydon 022F,E01000984,884,286,139,147,598,521,77
2021,Croydon 021A,E01000985,690,179,62,117,511,423,88
2021,Croydon 021B,E01000986,854,254,93,161,600,501,99
2021,Croydon 021C,E01000987,731,204,73,131,527,454,73
2021,Croydon 018A,E01000989,900,252,86,166,648,557,91
2021,Croydon 045A,E01000990,577,204,78,126,373,335,38
2021,Croydon 018B,E01000991,827,255,84,171,572,474,98
2021,Croydon 014A,E01000992,903,267,99,168,636,553,83
2021,Croydon 021D,E01000993,819,233,84,149,586,506,80
2021,Croydon 009A,E01000994,758,243,87,156,515,427,88
2021,Croydon 009B,E01000995,787,280,112,168,507,447,60
2021,Croydon 009C,E01000996,638,186,72,114,452,397,55
2021,Croydon 009D,E01000997,654,221,71,150,433,381,52
2021,Croydon 010A,E01000998,715,234,103,131,481,415,66
2021,Croydon 009E,E01000999,598,204,58,146,394,340,54
2021,Croydon 010B,E01001000,654,227,90,137,427,368,59
2021,Croydon 013A,E01001001,656,226,95,131,430,375,55
2021,Croydon 009F,E01001002,683,223,74,149,460,400,60
2021,Croydon 010C,E01001003,756,226,84,142,530,460,70
2021,Croydon 015A,E01001004,1052,341,127,214,711,635,76
2021,Croydon 019A,E01001005,829,290,106,184,539,467,72
2021,Croydon 016A,E01001006,851,249,82,167,602,543,59
2021,Croydon 016B,E01001007,941,372,136,236,569,510,59
2021,Croydon 019B,E01001008,698,249,70,179,449,406,43
2021,Croydon 019C,E01001009,962,304,90,214,658,594,64
2021,Croydon 019D,E01001010,750,246,84,162,504,449,55
2021,Croydon 019E,E01001011,985,382,137,245,603,540,63
2021,Croydon 020A,E01001012,964,283,115,168,681,585,96
2021,Croydon 020B,E01001013,784,296,104,192,488,431,57
2021,Croydon 041A,E01001015,656,215,65,150,441,365,76
2021,Croydon 041B,E01001016,813,221,85,136,592,500,92
2021,Croydon 043A,E01001017,832,230,91,139,602,507,95
2021,Croydon 044A,E01001018,824,237,85,152,587,506,81
2021,Croydon 044B,E01001019,676,200,84,116,476,381,95
2021,Croydon 044C,E01001020,778,237,95,142,541,463,78
2021,Croydon 044D,E01001021,551,187,51,136,364,306,58
2021,Croydon 044E,E01001022,682,203,77,126,479,407,72
2021,Croydon 041C,E01001023,1350,296,110,186,1054,897,157
2021,Croydon 043B,E01001024,667,166,49,117,501,430,71
2021,Croydon 043C,E01001025,703,187,63,124,516,437,79
2021,Croydon 043D,E01001026,919,269,91,178,650,563,87
2021,Croydon 043E,E01001027,1541,327,118,209,1214,995,219
2021,Croydon 038A,E01001028,785,230,97,133,555,425,130
2021,Croydon 038B,E01001029,793,201,79,122,592,476,116
2021,Croydon 038C,E01001030,729,225,92,133,504,386,118
2021,Croydon 038D,E01001031,759,209,83,126,550,435,115
2021,Croydon 035A,E01001032,722,215,82,133,507,397,110
2021,Croydon 031A,E01001033,950,251,97,154,699,588,111
2021,Croydon 031B,E01001034,907,230,91,139,677,587,90
2021,Croydon 047C,E01001035,1021,252,103,149,769,660,109
2021,Croydon 029A,E01001036,776,166,64,102,610,486,124
2021,Croydon 029B,E01001037,850,189,63,126,661,561,100
2021,Croydon 029C,E01001038,1115,253,88,165,862,756,106
2021,Croydon 029D,E01001039,797,204,80,124,593,486,107
2021,Croydon 029E,E01001040,955,239,81,158,716,592,124
2021,Croydon 031C,E01001041,911,255,104,151,656,565,91
2021,Croydon 024B,E01001042,1156,347,112,235,809,705,104
2021,Croydon 023A,E01001044,982,216,87,129,766,646,120
2021,Croydon 023B,E01001046,969,197,75,122,772,695,77
2021,Croydon 047A,E01001047,963,241,98,143,722,630,92
2021,Croydon 023C,E01001049,710,207,99,108,503,381,122
2021,Croydon 023D,E01001050,807,192,68,124,615,532,83
2021,Croydon 030A,E01001051,605,208,49,159,397,349,48
2021,Croydon 030B,E01001052,545,196,81,115,349,315,34
2021,Croydon 032A,E01001053,699,221,80,141,478,430,48
2021,Croydon 030C,E01001054,747,246,73,173,501,434,67
2021,Croydon 032B,E01001055,661,239,68,171,422,360,62
2021,Croydon 030D,E01001056,675,293,90,203,382,341,41
2021,Croydon 030E,E01001057,630,241,83,158,389,342,47
2021,Croydon 034A,E01001058,687,207,80,127,480,412,68
2021,Croydon 034B,E01001059,714,180,61,119,534,447,87
2021,Croydon 034C,E01001060,798,251,95,156,547,468,79
2021,Croydon 034D,E01001061,849,230,76,154,619,528,91
2021,Croydon 026A,E01001062,662,194,84,110,468,390,78
2021,Croydon 026B,E01001063,799,246,97,149,553,477,76
2021,Croydon 026C,E01001064,781,237,108,129,544,452,92
2021,Croydon 034E,E01001065,697,178,70,108,519,440,79
2021,Croydon 034F,E01001066,594,224,69,155,370,321,49
2021,Croydon 041D,E01001067,788,223,88,135,565,446,119
2021,Croydon 042A,E01001068,940,250,99,151,690,576,114
2021,Croydon 040A,E01001069,719,190,74,116,529,425,104
2021,Croydon 040B,E01001070,802,221,72,149,581,488,93
2021,Croydon 042B,E01001071,1016,258,97,161,758,655,103
2021,Croydon 042C,E01001072,670,218,97,121,452,348,104
2021,Croydon 037A,E01001073,715,173,72,101,542,463,79
2021,Croydon 041E,E01001074,957,253,82,171,704,606,98
2021,Croydon 040C,E01001075,880,222,81,141,658,562,96
2021,Croydon 036A,E01001076,671,220,65,155,451,403,48
2021,Croydon 032C,E01001077,658,188,59,129,470,408,62
2021,Croydon 032D,E01001078,630,197,74,123,433,382,51
2021,Croydon 036B,E01001079,719,224,65,159,495,436,59
2021,Croydon 036C,E01001080,518,198,79,119,320,283,37
2021,Croydon 036D,E01001081,633,218,73,145,415,362,53
2021,Croydon 032E,E01001082,734,227,68,159,507,439,68
2021,Croydon 003A,E01001083,753,218,81,137,535,435,100
2021,Croydon 002A,E01001084,907,288,97,191,619,494,125
2021,Croydon 004A,E01001085,871,277,117,160,594,517,77
2021,Croydon 003B,E01001086,865,242,90,152,623,551,72
2021,Croydon 003C,E01001087,1364,456,172,284,908,784,124
2021,Croydon 004B,E01001088,835,232,83,149,603,536,67
2021,Croydon 004C,E01001089,850,277,95,182,573,490,83
2021,Croydon 004D,E01001090,1136,351,123,228,785,679,106
2021,Croydon 004E,E01001091,766,253,106,147,513,424,89
2021,Croydon 037B,E01001092,842,205,87,118,637,498,139
2021,Croydon 037C,E01001093,908,249,79,170,659,559,100
2021,Croydon 038E,E01001094,785,240,106,134,545,395,150
2021,Croydon 031D,E01001095,767,199,60,139,568,482,86
2021,Croydon 037D,E01001096,709,198,67,131,511,412,99
2021,Croydon 037E,E01001097,1178,307,135,172,871,739,132
2021,Croydon 037F,E01001098,730,194,75,119,536,418,118
2021,Croydon 040D,E01001099,773,209,81,128,564,481,83
2021,Croydon 031E,E01001100,819,197,80,117,622,522,100
2021,Croydon 035B,E01001101,724,198,72,126,526,424,102
2021,Croydon 035C,E01001102,628,215,99,116,413,330,83
2021,Croydon 039A,E01001103,699,213,73,140,486,391,95
2021,Croydon 042D,E01001104,825,208,80,128,617,512,105
2021,Croydon 039B,E01001105,860,263,90,173,597,512,85
2021,Croydon 039C,E01001106,747,230,94,136,517,451,66
2021,Croydon 035D,E01001107,739,208,91,117,531,419,112
2021,Croydon 035E,E01001108,840,243,101,142,597,481,116
2021,Croydon 013B,E01001109,1049,320,115,205,729,632,97
2021,Croydon 020D,E01001110,1001,313,112,201,688,615,73
2021,Croydon 010D,E01001111,914,285,112,173,629,569,60
2021,Croydon 013C,E01001112,972,263,87,176,709,638,71
2021,Croydon 013D,E01001113,1049,324,118,206,725,636,89
2021,Croydon 013E,E01001114,689,223,85,138,466,424,42
2021,Croydon 015B,E01001115,724,245,102,143,479,430,49
2021,Croydon 013F,E01001116,693,186,71,115,507,452,55
2021,Croydon 020E,E01001118,907,329,116,213,578,507,71
2021,Croydon 034G,E01001119,677,214,70,144,463,396,67
2021,Croydon 033A,E01001120,644,185,72,113,459,394,65
2021,Croydon 039D,E01001121,592,194,76,118,398,322,76
2021,Croydon 033B,E01001122,670,180,76,104,490,390,100
2021,Croydon 033C,E01001123,804,212,91,121,592,501,91
2021,Croydon 033D,E01001124,686,202,79,123,484,402,82
2021,Croydon 033E,E01001125,750,226,84,142,524,447,77
2021,Croydon 034H,E01001126,703,205,74,131,498,439,59
2021,Croydon 025A,E01001127,768,219,88,131,549,479,70
2021,Croydon 025B,E01001128,632,207,70,137,425,369,56
2021,Croydon 026D,E01001129,691,187,64,123,504,418,86
2021,Croydon 025C,E01001130,607,259,84,175,348,318,30
2021,Croydon 018C,E01001131,776,211,77,134,565,504,61
2021,Croydon 018D,E01001132,762,220,80,140,542,469,73
2021,Croydon 026E,E01001133,715,224,88,136,491,427,64
2021,Croydon 018E,E01001134,816,229,73,156,587,499,88
2021,Croydon 025D,E01001135,783,229,79,150,554,468,86
2021,Croydon 007A,E01001136,1103,325,128,197,778,666,112
2021,Croydon 001A,E01001137,1135,272,106,166,863,727,136
2021,Croydon 001B,E01001138,811,210,70,140,601,489,112
2021,Croydon 007B,E01001139,857,251,89,162,606,530,76
2021,Croydon 007C,E01001140,926,256,90,166,670,565,105
2021,Croydon 008A,E01001141,659,210,73,137,449,400,49
2021,Croydon 007D,E01001142,939,248,77,171,691,578,113
2021,Croydon 008B,E01001143,943,295,110,185,648,561,87
2021,Croydon 007E,E01001144,911,243,96,147,668,599,69
2021,Croydon 008C,E01001145,768,259,95,164,509,457,52
2021,Croydon 006A,E01001146,743,245,78,167,498,436,62
2021,Croydon 005A,E01001147,824,305,103,202,519,460,59
2021,Croydon 005B,E01001148,856,268,86,182,588,515,73
2021,Croydon 006B,E01001149,788,245,81,164,543,456,87
2021,Croydon 006C,E01001150,921,253,90,163,668,561,107
2021,Croydon 005C,E01001151,773,264,95,169,509,447,62
2021,Croydon 005D,E01001152,1029,347,93,254,682,609,73
2021,Croydon 006D,E01001153,821,232,90,142,589,506,83
2021,Croydon 006E,E01001154,977,316,107,209,661,566,95
2021,Croydon 010E,E01001155,677,216,81,135,461,395,66
2021,Croydon 001C,E01001156,898,234,84,150,664,560,104
2021,Croydon 002B,E01001157,822,250,114,136,572,487,85
2021,Croydon 005E,E01001158,784,205,66,139,579,503,76
2021,Croydon 002C,E01001159,934,288,115,173,646,546,100
2021,Croydon 002D,E01001160,895,301,130,171,594,488,106
2021,Croydon 003D,E01001161,774,262,88,174,512,442,70
2021,Croydon 001D,E01001162,944,315,106,209,629,549,80
2021,Croydon 002E,E01001163,1021,298,117,181,723,617,106
2021,Croydon 001E,E01001164,1215,313,122,191,902,744,158
2021,Croydon 024C,E01001165,1030,295,98,197,735,632,103
2021,Croydon 024D,E01001166,859,294,137,157,565,497,68
2021,Croydon 028A,E01001167,1155,330,108,222,825,705,120
2021,Croydon 024E,E01001168,1000,261,88,173,739,616,123
2021,Croydon 028B,E01001169,798,249,89,160,549,494,55
2021,Croydon 047D,E01001170,917,266,86,180,651,567,84
2021,Croydon 028C,E01001171,743,219,83,136,524,441,83
2021,Croydon 028D,E01001172,887,311,83,228,576,518,58
2021,Croydon 028E,E01001173,1408,428,166,262,980,841,139
2021,Croydon 011A,E01001174,733,262,94,168,471,415,56
2021,Croydon 011B,E01001175,712,234,69,165,478,423,55
2021,Croydon 011C,E01001176,797,292,107,185,505,443,62
2021,Croydon 016C,E01001177,792,286,98,188,506,454,52
2021,Croydon 015D,E01001178,637,243,109,134,394,343,51
2021,Croydon 016D,E01001179,742,263,95,168,479,420,59
2021,Croydon 016E,E01001180,907,337,106,231,570,512,58
2021,Croydon 015E,E01001181,822,308,101,207,514,478,36
2021,Croydon 011D,E01001182,649,193,71,122,456,391,65
2021,Croydon 011E,E01001183,790,282,97,185,508,462,46
2021,Croydon 011F,E01001184,659,206,63,143,453,394,59
2021,Croydon 014B,E01001185,906,227,89,138,679,596,83
2021,Croydon 014C,E01001186,822,236,93,143,586,525,61
2021,Croydon 017E,E01001187,988,271,100,171,717,602,115
2021,Croydon 014D,E01001188,929,277,97,180,652,575,77
2021,Croydon 045B,E01001189,632,185,69,116,447,393,54
2021,Croydon 045C,E01001190,822,215,73,142,607,521,86
2021,Croydon 008D,E01001191,987,308,114,194,679,586,93
2021,Croydon 008E,E01001192,839,244,81,163,595,518,77
2021,Croydon 014E,E01001193,801,249,86,163,552,487,65
2021,Croydon 045D,E01001194,881,229,92,137,652,557,95
2021,Ealing 021A,E01001195,817,230,82,148,587,467,120
2021,Ealing 015A,E01001196,700,215,84,131,485,415,70
2021,Ealing 021B,E01001197,844,247,109,138,597,449,148
2021,Ealing 021C,E01001198,855,227,89,138,628,482,146
2021,Ealing 021D,E01001199,869,278,124,154,591,511,80
2021,Ealing 025A,E01001200,893,253,107,146,640,479,161
2021,Ealing 025B,E01001201,898,239,83,156,659,501,158
2021,Ealing 025C,E01001202,1206,349,124,225,857,731,126
2021,Ealing 025D,E01001203,865,254,104,150,611,507,104
2021,Ealing 018A,E01001204,768,185,82,103,583,441,142
2021,Ealing 018B,E01001205,751,246,98,148,505,431,74
2021,Ealing 018C,E01001206,576,242,88,154,334,290,44
2021,Ealing 018D,E01001207,1042,241,90,151,801,667,134
2021,Ealing 018E,E01001208,636,200,78,122,436,334,102
2021,Ealing 013A,E01001209,859,232,109,123,627,488,139
2021,Ealing 016A,E01001210,651,256,110,146,395,339,56
2021,Ealing 013B,E01001211,873,245,109,136,628,494,134
2021,Ealing 018F,E01001212,812,215,96,119,597,474,123
2021,Ealing 023A,E01001213,817,297,100,197,520,467,53
2021,Ealing 023B,E01001214,690,212,67,145,478,418,60
2021,Ealing 023C,E01001215,771,268,95,173,503,450,53
2021,Ealing 023D,E01001216,643,226,81,145,417,378,39
2021,Ealing 014A,E01001217,662,194,68,126,468,395,73
2021,Ealing 012A,E01001218,820,316,124,192,504,438,66
2021,Ealing 029A,E01001219,791,310,88,222,481,439,42
2021,Ealing 029B,E01001220,574,221,83,138,353,319,34
2021,Ealing 041B,E01001223,742,172,88,84,570,433,137
2021,Ealing 019B,E01001224,817,217,99,118,600,447,153
2021,Ealing 041A,E01001225,954,228,96,132,726,546,180
2021,Ealing 019C,E01001226,840,181,62,119,659,511,148
2021,Ealing 019D,E01001227,828,185,82,103,643,490,153
2021,Ealing 019E,E01001228,1128,295,117,178,833,684,149
2021,Ealing 031A,E01001229,723,210,79,131,513,439,74
2021,Ealing 031B,E01001230,765,183,82,101,582,437,145
2021,Ealing 027A,E01001231,1085,320,165,155,765,605,160
2021,Ealing 031C,E01001232,704,212,95,117,492,412,80
2021,Ealing 031D,E01001233,771,224,93,131,547,431,116
2021,Ealing 027B,E01001234,817,180,79,101,637,517,120
2021,Ealing 042D,E01001235,1084,224,99,125,860,715,145
2021,Ealing 042C,E01001236,815,190,79,111,625,505,120
2021,Ealing 031E,E01001237,901,201,104,97,700,548,152
2021,Ealing 015C,E01001239,722,198,74,124,524,453,71
2021,Ealing 024A,E01001240,963,285,118,167,678,593,85
2021,Ealing 024B,E01001241,1003,239,95,144,764,660,104
2021,Ealing 024C,E01001242,787,253,113,140,534,413,121
2021,Ealing 024D,E01001243,1209,326,139,187,883,739,144
2021,Ealing 024E,E01001244,1302,409,158,251,893,726,167
2021,Ealing 024F,E01001245,1244,296,117,179,948,745,203
2021,Ealing 015D,E01001246,998,258,103,155,740,630,110
2021,Ealing 015E,E01001247,1020,307,111,196,713,593,120
2021,Ealing 035A,E01001248,759,231,99,132,528,435,93
2021,Ealing 028A,E01001249,1173,362,144,218,811,673,138
2021,Ealing 028B,E01001250,1027,308,126,182,719,627,92
2021,Ealing 030A,E01001251,950,251,97,154,699,581,118
2021,Ealing 030B,E01001252,1243,390,145,245,853,696,157
2021,Ealing 030C,E01001253,1099,307,129,178,792,649,143
2021,Ealing 030D,E01001254,896,259,88,171,637,518,119
2021,Ealing 028C,E01001255,806,217,72,145,589,482,107
2021,Ealing 008A,E01001257,966,283,80,203,683,598,85
2021,Ealing 010B,E01001258,854,243,89,154,611,537,74
2021,Ealing 014B,E01001259,742,277,98,179,465,389,76
2021,Ealing 012B,E01001260,980,339,121,218,641,547,94
2021,Ealing 012C,E01001261,1149,348,131,217,801,677,124
2021,Ealing 010C,E01001262,671,211,66,145,460,404,56
2021,Ealing 010D,E01001263,841,254,91,163,587,516,71
2021,Ealing 010E,E01001264,819,253,88,165,566,499,67
2021,Ealing 006A,E01001265,885,253,94,159,632,560,72
2021,Ealing 006B,E01001266,906,279,122,157,627,541,86
2021,Ealing 006C,E01001267,854,267,111,156,587,513,74
2021,Ealing 012D,E01001268,910,272,86,186,638,541,97
2021,Ealing 001A,E01001269,1220,380,155,225,840,716,124
2021,Ealing 004A,E01001270,897,256,90,166,641,559,82
2021,Ealing 001B,E01001271,939,316,98,218,623,545,78
2021,Ealing 006D,E01001272,865,267,91,176,598,499,99
2021,Ealing 041C,E01001273,800,207,74,133,593,419,174
2021,Ealing 041E,E01001274,702,173,71,102,529,407,122
2021,Ealing 041D,E01001275,996,214,90,124,782,627,155
2021,Ealing 011A,E01001276,905,285,115,170,620,507,113
2021,Ealing 011B,E01001277,1011,285,105,180,726,589,137
2021,Ealing 011C,E01001278,955,347,152,195,608,455,153
2021,Ealing 013C,E01001279,661,174,81,93,487,361,126
2021,Ealing 011D,E01001280,843,246,108,138,597,470,127
2021,Ealing 013D,E01001281,773,218,92,126,555,427,128
2021,Ealing 016B,E01001282,689,213,70,143,476,422,54
2021,Ealing 016C,E01001283,746,256,98,158,490,421,69
2021,Ealing 022A,E01001284,808,252,99,153,556,471,85
2021,Ealing 016D,E01001285,824,303,119,184,521,458,63
2021,Ealing 016E,E01001286,738,228,79,149,510,431,79
2021,Ealing 016F,E01001287,600,245,100,145,355,314,41
2021,Ealing 022B,E01001288,707,206,78,128,501,399,102
2021,Ealing 022C,E01001289,694,180,78,102,514,425,89
2021,Ealing 022D,E01001290,1104,322,115,207,782,640,142
2021,Ealing 014C,E01001291,820,250,89,161,570,500,70
2021,Ealing 014D,E01001292,808,235,76,159,573,517,56
2021,Ealing 014E,E01001293,814,260,93,167,554,499,55
2021,Ealing 017A,E01001294,871,255,92,163,616,541,75
2021,Ealing 017B,E01001295,848,267,100,167,581,528,53
2021,Ealing 017C,E01001296,642,210,67,143,432,379,53
2021,Ealing 017D,E01001297,762,271,98,173,491,455,36
2021,Ealing 017E,E01001298,877,301,115,186,576,525,51
2021,Ealing 035B,E01001299,851,253,98,155,598,470,128
2021,Ealing 039A,E01001300,836,206,83,123,630,485,145
2021,Ealing 039B,E01001301,1040,282,112,170,758,626,132
2021,Ealing 039C,E01001302,871,200,78,122,671,524,147
2021,Ealing 032A,E01001303,842,207,84,123,635,495,140
2021,Ealing 039D,E01001304,915,191,67,124,724,589,135
2021,Ealing 035C,E01001305,870,249,100,149,621,500,121
2021,Ealing 035D,E01001306,864,210,84,126,654,509,145
2021,Ealing 002A,E01001307,999,306,121,185,693,598,95
2021,Ealing 002B,E01001308,984,272,96,176,712,601,111
2021,Ealing 001C,E01001309,954,323,115,208,631,537,94
2021,Ealing 001D,E01001310,1074,297,105,192,777,655,122
2021,Ealing 001E,E01001311,1322,367,133,234,955,824,131
2021,Ealing 002C,E01001312,988,274,97,177,714,617,97
2021,Ealing 002D,E01001313,855,249,106,143,606,535,71
2021,Ealing 002E,E01001314,757,220,85,135,537,458,79
2021,Ealing 003A,E01001315,739,210,90,120,529,472,57
2021,Ealing 003B,E01001316,726,254,97,157,472,409,63
2021,Ealing 003C,E01001317,993,324,111,213,669,587,82
2021,Ealing 003D,E01001318,850,271,96,175,579,530,49
2021,Ealing 004B,E01001319,789,225,80,145,564,497,67
2021,Ealing 003E,E01001320,656,220,72,148,436,378,58
2021,Ealing 003F,E01001321,961,296,113,183,665,584,81
2021,Ealing 004C,E01001322,984,332,97,235,652,556,96
2021,Ealing 004D,E01001323,901,270,94,176,631,527,104
2021,Ealing 008B,E01001324,750,246,78,168,504,435,69
2021,Ealing 009A,E01001325,841,225,82,143,616,547,69
2021,Ealing 008C,E01001326,793,273,101,172,520,458,62
2021,Ealing 009B,E01001327,865,267,112,155,598,521,77
2021,Ealing 009C,E01001328,797,312,120,192,485,434,51
2021,Ealing 009D,E01001329,843,290,100,190,553,489,64
2021,Ealing 008D,E01001330,753,254,75,179,499,440,59
2021,Ealing 009E,E01001331,731,297,89,208,434,379,55
2021,Ealing 008E,E01001332,662,237,75,162,425,377,48
2021,Ealing 038A,E01001333,976,338,122,216,638,576,62
2021,Ealing 029C,E01001334,547,209,91,118,338,293,45
2021,Ealing 038B,E01001335,814,249,75,174,565,479,86
2021,Ealing 038C,E01001336,798,276,104,172,522,461,61
2021,Ealing 029D,E01001337,1086,260,78,182,826,744,82
2021,Ealing 029E,E01001338,787,231,79,152,556,483,73
2021,Ealing 029F,E01001339,991,299,113,186,692,623,69
2021,Ealing 029G,E01001340,690,193,91,102,497,427,70
2021,Ealing 005A,E01001341,843,266,102,164,577,496,81
2021,Ealing 005B,E01001342,925,292,120,172,633,535,98
2021,Ealing 005C,E01001343,690,196,74,122,494,414,80
2021,Ealing 007A,E01001344,1085,312,101,211,773,646,127
2021,Ealing 005D,E01001345,828,248,105,143,580,506,74
2021,Ealing 007B,E01001346,915,306,125,181,609,509,100
2021,Ealing 007C,E01001347,992,304,120,184,688,570,118
2021,Ealing 007D,E01001348,778,254,96,158,524,451,73
2021,Ealing 006E,E01001349,649,247,86,161,402,345,57
2021,Ealing 027C,E01001350,764,211,98,113,553,433,120
2021,Ealing 025E,E01001351,1025,302,143,159,723,593,130
2021,Ealing 027D,E01001352,927,248,104,144,679,524,155
2021,Ealing 033A,E01001353,782,226,102,124,556,458,98
2021,Ealing 027E,E01001354,1070,273,105,168,797,598,199
2021,Ealing 033B,E01001355,1130,281,98,183,849,680,169
2021,Ealing 033C,E01001356,538,194,73,121,344,305,39
2021,Ealing 033D,E01001357,1529,336,114,222,1193,978,215
2021,Ealing 033E,E01001358,1081,211,79,132,870,691,179
2021,Ealing 026A,E01001359,969,344,117,227,625,579,46
2021,Ealing 026B,E01001360,994,302,93,209,692,640,52
2021,Ealing 023E,E01001361,892,294,106,188,598,548,50
2021,Ealing 026C,E01001362,1031,321,105,216,710,646,64
2021,Ealing 026D,E01001363,801,291,87,204,510,456,54
2021,Ealing 026E,E01001364,686,207,77,130,479,441,38
2021,Ealing 026F,E01001365,1041,326,117,209,715,658,57
2021,Ealing 044C,E01001366,771,278,85,193,493,435,58
2021,Ealing 043B,E01001367,1087,350,111,239,737,649,88
2021,Ealing 044D,E01001368,723,243,85,158,480,431,49
2021,Ealing 038D,E01001369,803,276,95,181,527,469,58
2021,Ealing 044A,E01001370,951,283,86,197,668,601,67
2021,Ealing 044B,E01001371,863,316,107,209,547,492,55
2021,Ealing 043C,E01001372,1065,342,102,240,723,656,67
2021,Ealing 043A,E01001373,869,290,91,199,579,517,62
2021,Ealing 040A,E01001374,1155,245,89,156,910,683,227
2021,Ealing 034A,E01001375,929,185,85,100,744,526,218
2021,Ealing 040B,E01001376,890,212,93,119,678,526,152
2021,Ealing 034B,E01001377,819,217,105,112,602,416,186
2021,Ealing 034C,E01001379,939,203,87,116,736,524,212
2021,Ealing 040C,E01001380,1378,253,107,146,1125,846,279
2021,Ealing 034D,E01001381,1043,264,111,153,779,620,159
2021,Ealing 032B,E01001382,756,205,92,113,551,404,147
2021,Ealing 028D,E01001383,962,236,104,132,726,592,134
2021,Ealing 032C,E01001384,1015,209,69,140,806,654,152
2021,Ealing 032D,E01001385,922,211,76,135,711,569,142
2021,Ealing 031F,E01001386,1011,279,121,158,732,544,188
2021,Ealing 032E,E01001387,897,214,84,130,683,522,161
2021,Ealing 028E,E01001388,678,200,71,129,478,383,95
2021,Ealing 028F,E01001389,887,236,87,149,651,528,123
2021,Enfield 036A,E01001390,1015,300,131,169,715,581,134
2021,Enfield 036B,E01001391,966,326,123,203,640,555,85
2021,Enfield 032A,E01001392,1004,287,116,171,717,598,119
2021,Enfield 036C,E01001393,1090,330,143,187,760,652,108
2021,Enfield 035A,E01001394,929,351,152,199,578,489,89
2021,Enfield 035B,E01001395,741,285,86,199,456,408,48
2021,Enfield 036D,E01001396,749,265,104,161,484,408,76
2021,Enfield 035C,E01001397,927,343,114,229,584,505,79
2021,Enfield 021A,E01001398,655,192,67,125,463,403,60
2021,Enfield 021B,E01001399,738,231,92,139,507,436,71
2021,Enfield 021C,E01001400,692,221,80,141,471,377,94
2021,Enfield 016A,E01001401,641,182,66,116,459,397,62
2021,Enfield 021D,E01001402,915,274,97,177,641,533,108
2021,Enfield 021E,E01001403,786,273,107,166,513,446,67
2021,Enfield 026A,E01001404,663,233,77,156,430,374,56
2021,Enfield 015A,E01001405,716,210,93,117,506,398,108
2021,Enfield 015B,E01001406,787,241,89,152,546,463,83
2021,Enfield 005A,E01001407,761,238,73,165,523,455,68
2021,Enfield 004A,E01001408,865,254,87,167,611,523,88
2021,Enfield 005B,E01001409,915,310,91,219,605,535,70
2021,Enfield 005C,E01001410,818,295,96,199,523,473,50
2021,Enfield 004B,E01001411,875,257,84,173,618,526,92
2021,Enfield 004C,E01001412,818,257,106,151,561,461,100
2021,Enfield 004D,E01001413,781,255,105,150,526,421,105
2021,Enfield 004E,E01001414,624,229,60,169,395,350,45
2021,Enfield 011A,E01001415,998,323,132,191,675,557,118
2021,Enfield 013A,E01001416,857,279,111,168,578,472,106
2021,Enfield 011B,E01001417,898,281,142,139,617,428,189
2021,Enfield 011C,E01001418,766,257,89,168,509,418,91
2021,Enfield 020A,E01001419,874,286,101,185,588,489,99
2021,Enfield 020B,E01001420,761,261,86,175,500,430,70
2021,Enfield 020C,E01001421,753,265,97,168,488,431,57
2021,Enfield 011D,E01001422,760,249,114,135,511,338,173
2021,Enfield 027A,E01001423,661,287,81,206,374,329,45
2021,Enfield 030A,E01001424,463,185,64,121,278,247,31
2021,Enfield 027B,E01001425,732,340,107,233,392,330,62
2021,Enfield 030B,E01001426,703,257,82,175,446,397,49
2021,Enfield 030C,E01001427,626,267,85,182,359,309,50
2021,Enfield 027C,E01001428,697,284,88,196,413,363,50
2021,Enfield 030D,E01001429,801,340,105,235,461,413,48
2021,Enfield 030E,E01001430,699,331,88,243,368,329,39
2021,Enfield 033A,E01001431,692,299,110,189,393,357,36
2021,Enfield 033B,E01001432,774,319,104,215,455,395,60
2021,Enfield 007A,E01001433,707,295,102,193,412,367,45
2021,Enfield 007B,E01001434,712,291,92,199,421,367,54
2021,Enfield 007C,E01001435,626,217,69,148,409,367,42
2021,Enfield 007D,E01001436,768,273,105,168,495,441,54
2021,Enfield 014A,E01001437,856,343,102,241,513,452,61
2021,Enfield 007E,E01001438,677,229,79,150,448,394,54
2021,Enfield 006A,E01001439,796,358,119,239,438,381,57
2021,Enfield 012A,E01001440,652,263,91,172,389,339,50
2021,Enfield 006B,E01001441,579,233,76,157,346,308,38
2021,Enfield 002A,E01001442,584,259,85,174,325,270,55
2021,Enfield 001A,E01001444,730,273,76,197,457,398,59
2021,Enfield 003B,E01001445,1258,404,130,274,854,747,107
2021,Enfield 001B,E01001446,787,273,84,189,514,455,59
2021,Enfield 003C,E01001447,740,286,95,191,454,402,52
2021,Enfield 003D,E01001448,804,273,96,177,531,474,57
2021,Enfield 003E,E01001449,688,265,84,181,423,387,36
2021,Enfield 015C,E01001450,1148,353,136,217,795,688,107
2021,Enfield 017A,E01001451,796,247,94,153,549,431,118
2021,Enfield 017B,E01001452,634,193,78,115,441,319,122
2021,Enfield 017C,E01001453,755,244,101,143,511,369,142
2021,Enfield 017D,E01001454,733,227,100,127,506,405,101
2021,Enfield 021F,E01001455,717,229,79,150,488,401,87
2021,Enfield 022A,E01001456,713,202,78,124,511,399,112
2021,Enfield 010A,E01001457,897,263,99,164,634,530,104
2021,Enfield 037A,E01001458,656,289,83,206,367,323,44
2021,Enfield 024A,E01001459,707,241,79,162,466,360,106
2021,Enfield 024B,E01001460,851,339,128,211,512,453,59
2021,Enfield 027D,E01001461,582,240,66,174,342,304,38
2021,Enfield 024C,E01001462,585,209,73,136,376,321,55
2021,Enfield 031A,E01001463,709,243,92,151,466,408,58
2021,Enfield 027E,E01001464,544,209,77,132,335,289,46
2021,Enfield 031B,E01001465,717,275,95,180,442,392,50
2021,Enfield 031C,E01001466,826,365,106,259,461,422,39
2021,Enfield 031D,E01001467,884,364,94,270,520,463,57
2021,Enfield 010B,E01001468,683,168,62,106,515,427,88
2021,Enfield 008A,E01001469,851,240,96,144,611,524,87
2021,Enfield 013B,E01001470,755,248,87,161,507,434,73
2021,Enfield 010C,E01001471,895,244,88,156,651,545,106
2021,Enfield 010D,E01001472,837,253,79,174,584,473,111
2021,Enfield 013C,E01001473,712,233,94,139,479,395,84
2021,Enfield 010E,E01001474,883,267,105,162,616,515,101
2021,Enfield 013D,E01001475,877,255,101,154,622,514,108
2021,Enfield 018A,E01001476,680,310,92,218,370,347,23
2021,Enfield 018B,E01001477,750,290,94,196,460,411,49
2021,Enfield 016B,E01001478,735,285,100,185,450,404,46
2021,Enfield 023A,E01001479,708,321,115,206,387,337,50
2021,Enfield 024D,E01001480,661,273,79,194,388,344,44
2021,Enfield 018C,E01001481,691,262,65,197,429,397,32
2021,Enfield 023B,E01001482,692,303,97,206,389,340,49
2021,Enfield 025A,E01001483,457,205,77,128,252,215,37
2021,Enfield 016C,E01001484,575,193,65,128,382,336,46
2021,Enfield 025B,E01001485,689,303,102,201,386,347,39
2021,Enfield 025C,E01001486,852,352,144,208,500,428,72
2021,Enfield 023C,E01001487,744,345,110,235,399,344,55
2021,Enfield 024E,E01001488,800,332,106,226,468,411,57
2021,Enfield 023D,E01001489,715,316,98,218,399,349,50
2021,Enfield 023E,E01001491,833,345,119,226,488,432,56
2021,Enfield 025E,E01001492,866,343,93,250,523,467,56
2021,Enfield 026B,E01001493,842,284,130,154,558,478,80
2021,Enfield 026C,E01001494,654,213,77,136,441,379,62
2021,Enfield 029A,E01001495,1037,296,109,187,741,622,119
2021,Enfield 026D,E01001496,947,281,93,188,666,577,89
2021,Enfield 031E,E01001497,626,260,88,172,366,320,46
2021,Enfield 029B,E01001498,953,312,111,201,641,536,105
2021,Enfield 031F,E01001499,703,237,79,158,466,395,71
2021,Enfield 035D,E01001500,692,224,83,141,468,417,51
2021,Enfield 036E,E01001501,1066,336,128,208,730,599,131
2021,Enfield 018D,E01001502,804,301,92,209,503,437,66
2021,Enfield 018E,E01001503,746,320,125,195,426,373,53
2021,Enfield 012B,E01001504,757,338,142,196,419,348,71
2021,Enfield 012C,E01001505,829,350,127,223,479,424,55
2021,Enfield 012D,E01001507,904,400,92,308,504,450,54
2021,Enfield 012E,E01001508,942,379,112,267,563,504,59
2021,Enfield 014C,E01001509,676,269,98,171,407,348,59
2021,Enfield 016D,E01001511,871,289,108,181,582,497,85
2021,Enfield 015D,E01001512,1156,329,110,219,827,728,99
2021,Enfield 012F,E01001513,809,284,106,178,525,468,57
2021,Enfield 016E,E01001514,833,272,92,180,561,475,86
2021,Enfield 015E,E01001515,805,319,99,220,486,439,47
2021,Enfield 005D,E01001516,907,311,117,194,596,505,91
2021,Enfield 006C,E01001517,642,274,89,185,368,329,39
2021,Enfield 016F,E01001518,819,242,87,155,577,495,82
2021,Enfield 019A,E01001520,798,229,97,132,569,487,82
2021,Enfield 028A,E01001521,905,279,112,167,626,507,119
2021,Enfield 019B,E01001522,847,258,88,170,589,487,102
2021,Enfield 019C,E01001523,808,256,119,137,552,429,123
2021,Enfield 019D,E01001524,749,252,102,150,497,420,77
2021,Enfield 020E,E01001525,895,282,116,166,613,514,99
2021,Enfield 019E,E01001526,769,253,102,151,516,399,117
2021,Enfield 036F,E01001527,1013,271,117,154,742,617,125
2021,Enfield 032B,E01001528,777,260,92,168,517,442,75
2021,Enfield 032C,E01001529,948,319,119,200,629,547,82
2021,Enfield 032D,E01001530,793,284,94,190,509,442,67
2021,Enfield 028B,E01001531,734,231,95,136,503,395,108
2021,Enfield 028C,E01001532,866,281,108,173,585,466,119
2021,Enfield 028D,E01001533,713,245,111,134,468,369,99
2021,Enfield 032E,E01001534,836,250,93,157,586,460,126
2021,Enfield 028E,E01001535,653,209,99,110,444,345,99
2021,Enfield 008B,E01001536,953,265,88,177,688,561,127
2021,Enfield 005E,E01001537,842,252,81,171,590,490,100
2021,Enfield 009A,E01001538,828,240,87,153,588,492,96
2021,Enfield 009B,E01001539,811,243,88,155,568,480,88
2021,Enfield 008C,E01001540,918,265,107,158,653,530,123
2021,Enfield 008D,E01001541,785,222,74,148,563,480,83
2021,Enfield 008E,E01001542,727,254,98,156,473,395,78
2021,Enfield 009C,E01001543,783,220,77,143,563,489,74
2021,Enfield 009D,E01001544,808,238,82,156,570,488,82
2021,Enfield 002B,E01001545,688,283,108,175,405,360,45
2021,Enfield 001C,E01001546,743,285,101,184,458,401,57
2021,Enfield 002C,E01001547,843,327,105,222,516,458,58
2021,Enfield 002D,E01001548,720,273,86,187,447,402,45
2021,Enfield 006D,E01001549,722,323,90,233,399,356,43
2021,Enfield 006E,E01001550,737,281,77,204,456,394,62
2021,Enfield 002E,E01001551,694,258,78,180,436,379,57
2021,Enfield 001D,E01001552,826,302,103,199,524,464,60
2021,Enfield 037B,E01001553,640,264,75,189,376,333,43
2021,Enfield 037C,E01001554,620,258,65,193,362,312,50
2021,Enfield 033C,E01001555,976,360,125,235,616,553,63
2021,Enfield 035E,E01001556,744,287,107,180,457,383,74
2021,Enfield 033D,E01001557,683,286,103,183,397,352,45
2021,Enfield 033E,E01001558,770,387,125,262,383,340,43
2021,Enfield 033F,E01001559,830,347,128,219,483,420,63
2021,Enfield 035F,E01001560,701,292,99,193,409,366,43
2021,Enfield 037D,E01001562,838,343,113,230,495,447,48
2021,Enfield 029C,E01001563,925,293,133,160,632,508,124
2021,Enfield 022B,E01001564,829,223,92,131,606,469,137
2021,Enfield 029D,E01001565,863,303,119,184,560,460,100
2021,Enfield 029E,E01001566,903,245,97,148,658,536,122
2021,Enfield 022C,E01001567,760,235,98,137,525,403,122
2021,Enfield 022D,E01001568,987,298,149,149,689,542,147
2021,Enfield 022E,E01001569,874,250,99,151,624,481,143
2021,Enfield 026E,E01001570,912,279,103,176,633,530,103
2021,Greenwich 008A,E01001571,945,225,77,148,720,619,101
2021,Greenwich 008B,E01001572,860,233,78,155,627,535,92
2021,Greenwich 008C,E01001573,751,205,67,138,546,464,82
2021,Greenwich 008D,E01001574,727,236,84,152,491,416,75
2021,Greenwich 003A,E01001575,684,235,81,154,449,394,55
2021,Greenwich 003B,E01001576,788,287,113,174,501,431,70
2021,Greenwich 003C,E01001577,812,278,67,211,534,466,68
2021,Greenwich 003D,E01001578,1144,334,119,215,810,685,125
2021,Greenwich 003E,E01001579,747,229,58,171,518,455,63
2021,Greenwich 021A,E01001580,962,174,76,98,788,609,179
2021,Greenwich 016A,E01001581,879,188,72,116,691,540,151
2021,Greenwich 021B,E01001582,675,189,58,131,486,383,103
2021,Greenwich 021C,E01001583,897,198,78,120,699,530,169
2021,Greenwich 021D,E01001584,786,181,71,110,605,426,179
2021,Greenwich 016B,E01001585,802,199,79,120,603,452,151
2021,Greenwich 016C,E01001586,661,176,68,108,485,364,121
2021,Greenwich 016D,E01001587,1139,230,99,131,909,680,229
2021,Greenwich 012A,E01001588,730,235,86,149,495,416,79
2021,Greenwich 012B,E01001589,899,270,94,176,629,527,102
2021,Greenwich 014A,E01001590,980,257,100,157,723,610,113
2021,Greenwich 012C,E01001591,913,278,101,177,635,539,96
2021,Greenwich 014B,E01001592,1156,279,109,170,877,740,137
2021,Greenwich 014C,E01001593,952,230,83,147,722,569,153
2021,Greenwich 014D,E01001594,1249,365,132,233,884,764,120
2021,Greenwich 012D,E01001595,955,309,93,216,646,519,127
2021,Greenwich 032A,E01001596,820,219,75,144,601,485,116
2021,Greenwich 031A,E01001597,770,194,70,124,576,469,107
2021,Greenwich 031B,E01001598,794,202,74,128,592,507,85
2021,Greenwich 032B,E01001599,788,231,76,155,557,482,75
2021,Greenwich 032C,E01001600,772,192,68,124,580,502,78
2021,Greenwich 032D,E01001601,724,179,63,116,545,455,90
2021,Greenwich 031C,E01001602,897,261,80,181,636,546,90
2021,Greenwich 031D,E01001603,751,226,78,148,525,459,66
2021,Greenwich 027A,E01001604,759,216,82,134,543,444,99
2021,Greenwich 023A,E01001605,747,201,68,133,546,443,103
2021,Greenwich 023B,E01001606,857,221,71,150,636,541,95
2021,Greenwich 027B,E01001607,773,208,74,134,565,460,105
2021,Greenwich 027C,E01001608,670,210,74,136,460,350,110
2021,Greenwich 027D,E01001609,776,242,93,149,534,432,102
2021,Greenwich 023C,E01001610,876,234,91,143,642,539,103
2021,Greenwich 023D,E01001611,821,242,73,169,579,490,89
2021,Greenwich 028A,E01001613,796,226,84,142,570,483,87
2021,Greenwich 028B,E01001614,713,203,76,127,510,393,117
2021,Greenwich 028C,E01001615,1048,278,117,161,770,632,138
2021,Greenwich 028D,E01001617,791,187,62,125,604,515,89
2021,Greenwich 030C,E01001618,916,237,101,136,679,565,114
2021,Greenwich 030D,E01001619,1115,315,105,210,800,694,106
2021,Greenwich 025A,E01001620,701,240,77,163,461,402,59
2021,Greenwich 025B,E01001621,757,215,67,148,542,456,86
2021,Greenwich 025C,E01001623,862,246,85,161,616,523,93
2021,Greenwich 025D,E01001624,790,222,58,164,568,490,78
2021,Greenwich 025E,E01001625,739,227,87,140,512,448,64
2021,Greenwich 009A,E01001629,948,306,102,204,642,555,87
2021,Greenwich 007B,E01001631,894,328,95,233,566,502,64
2021,Greenwich 007C,E01001632,931,284,85,199,647,564,83
2021,Greenwich 009B,E01001633,911,238,85,153,673,588,85
2021,Greenwich 009C,E01001634,717,224,77,147,493,433,60
2021,Greenwich 007D,E01001635,854,224,77,147,630,530,100
2021,Greenwich 007E,E01001636,783,264,88,176,519,449,70
2021,Greenwich 009D,E01001637,883,273,89,184,610,518,92
2021,Greenwich 038A,E01001638,820,286,101,185,534,464,70
2021,Greenwich 038B,E01001641,1067,231,97,134,836,622,214
2021,Greenwich 038C,E01001642,951,200,89,111,751,544,207
2021,Greenwich 038D,E01001644,1624,311,141,170,1313,990,323
2021,Greenwich 022A,E01001645,858,244,75,169,614,549,65
2021,Greenwich 019A,E01001646,1391,389,142,247,1002,862,140
2021,Greenwich 022B,E01001647,690,192,91,101,498,402,96
2021,Greenwich 022C,E01001648,919,241,82,159,678,550,128
2021,Greenwich 022D,E01001649,715,203,73,130,512,440,72
2021,Greenwich 019B,E01001650,800,264,74,190,536,468,68
2021,Greenwich 019C,E01001651,786,203,73,130,583,506,77
2021,Greenwich 019D,E01001652,889,225,88,137,664,547,117
2021,Greenwich 029A,E01001653,666,212,84,128,454,406,48
2021,Greenwich 029B,E01001654,676,205,64,141,471,408,63
2021,Greenwich 029C,E01001655,706,232,80,152,474,414,60
2021,Greenwich 034A,E01001656,604,177,74,103,427,331,96
2021,Greenwich 034B,E01001657,828,204,71,133,624,471,153
2021,Greenwich 034C,E01001658,797,213,75,138,584,494,90
2021,Greenwich 034D,E01001659,728,161,68,93,567,480,87
2021,Greenwich 029D,E01001660,677,205,70,135,472,396,76
2021,Greenwich 029E,E01001661,706,229,96,133,477,402,75
2021,Greenwich 037B,E01001664,1273,298,124,174,975,754,221
2021,Greenwich 037C,E01001665,1121,256,107,149,865,679,186
2021,Greenwich 041G,E01001666,1034,274,106,168,760,647,113
2021,Greenwich 033A,E01001669,1075,333,126,207,742,643,99
2021,Greenwich 033B,E01001671,788,260,84,176,528,459,69
2021,Greenwich 006A,E01001672,925,295,120,175,630,537,93
2021,Greenwich 006B,E01001673,964,313,111,202,651,572,79
2021,Greenwich 006C,E01001674,972,272,75,197,700,613,87
2021,Greenwich 006D,E01001675,1202,378,84,294,824,734,90
2021,Greenwich 033C,E01001676,813,250,82,168,563,489,74
2021,Greenwich 006E,E01001677,908,304,118,186,604,530,74
2021,Greenwich 017A,E01001678,838,260,100,160,578,514,64
2021,Greenwich 020A,E01001679,692,197,68,129,495,419,76
2021,Greenwich 020B,E01001680,768,177,75,102,591,487,104
2021,Greenwich 020C,E01001681,679,179,69,110,500,422,78
2021,Greenwich 020D,E01001682,642,196,68,128,446,382,64
2021,Greenwich 017B,E01001683,708,210,68,142,498,399,99
2021,Greenwich 017C,E01001684,672,213,89,124,459,409,50
2021,Greenwich 017D,E01001685,747,197,75,122,550,460,90
2021,Greenwich 020E,E01001686,917,258,83,175,659,550,109
2021,Greenwich 002A,E01001687,617,216,92,124,401,351,50
2021,Greenwich 002B,E01001688,1119,354,121,233,765,650,115
2021,Greenwich 001A,E01001690,794,231,73,158,563,462,101
2021,Greenwich 001B,E01001692,588,182,51,131,406,342,64
2021,Greenwich 001C,E01001693,609,205,59,146,404,368,36
2021,Greenwich 001D,E01001694,812,260,99,161,552,480,72
2021,Greenwich 011A,E01001695,771,211,59,152,560,505,55
2021,Greenwich 011B,E01001696,1403,340,126,214,1063,914,149
2021,Greenwich 011C,E01001697,1295,411,166,245,884,782,102
2021,Greenwich 015A,E01001698,803,271,93,178,532,461,71
2021,Greenwich 015B,E01001699,756,155,59,96,601,474,127
2021,Greenwich 011D,E01001700,1064,359,118,241,705,593,112
2021,Greenwich 015C,E01001701,895,175,78,97,720,556,164
2021,Greenwich 015D,E01001702,588,204,63,141,384,339,45
2021,Greenwich 011E,E01001703,817,319,104,215,498,436,62
2021,Greenwich 011F,E01001704,782,249,95,154,533,457,76
2021,Greenwich 005A,E01001705,984,293,102,191,691,588,103
2021,Greenwich 005C,E01001708,842,245,104,141,597,494,103
2021,Greenwich 005D,E01001710,706,244,73,171,462,402,60
2021,Greenwich 042A,E01001712,979,278,106,172,701,593,108
2021,Hackney 002A,E01001714,1112,306,121,185,806,657,149
2021,Hackney 007A,E01001715,883,175,74,101,708,596,112
2021,Hackney 007B,E01001716,881,213,90,123,668,556,112
2021,Hackney 007C,E01001717,614,189,77,112,425,370,55
2021,Hackney 007D,E01001718,1184,250,107,143,934,724,210
2021,Hackney 007E,E01001719,885,206,79,127,679,573,106
2021,Hackney 007F,E01001720,1109,212,85,127,897,702,195
2021,Hackney 029A,E01001722,997,415,144,271,582,495,87
2021,Hackney 006A,E01001723,1014,363,131,232,651,532,119
2021,Hackney 006B,E01001724,1724,533,175,358,1191,1000,191
2021,Hackney 004A,E01001725,695,403,106,297,292,246,46
2021,Hackney 004B,E01001726,530,238,84,154,292,243,49
2021,Hackney 006C,E01001727,788,413,127,286,375,331,44
2021,Hackney 029B,E01001728,716,472,130,342,244,212,32
2021,Hackney 019A,E01001729,869,274,99,175,595,511,84
2021,Hackney 019B,E01001730,1214,406,152,254,808,694,114
2021,Hackney 017A,E01001731,1509,418,178,240,1091,911,180
2021,Hackney 019C,E01001732,828,296,99,197,532,443,89
2021,Hackney 015A,E01001733,1086,299,107,192,787,633,154
2021,Hackney 017B,E01001734,1112,304,103,201,808,660,148
2021,Hackney 019D,E01001735,798,194,60,134,604,505,99
2021,Hackney 012A,E01001736,949,202,71,131,747,612,135
2021,Hackney 012B,E01001737,1035,258,100,158,777,620,157
2021,Hackney 012C,E01001738,1066,272,110,162,794,628,166
2021,Hackney 012D,E01001739,1233,292,83,209,941,746,195
2021,Hackney 014A,E01001740,736,238,91,147,498,433,65
2021,Hackney 009A,E01001741,842,212,78,134,630,489,141
2021,Hackney 008A,E01001742,973,236,88,148,737,624,113
2021,Hackney 031A,E01001744,1055,259,108,151,796,626,170
2021,Hackney 016A,E01001745,1072,322,119,203,750,624,126
2021,Hackney 016B,E01001746,673,248,84,164,425,377,48
2021,Hackney 014B,E01001747,1419,328,118,210,1091,881,210
2021,Hackney 020B,E01001749,876,204,88,116,672,517,155
2021,Hackney 031D,E01001750,1219,282,108,174,937,747,190
2021,Hackney 031B,E01001751,939,144,54,90,795,552,243
2021,Hackney 025B,E01001753,656,241,92,149,415,341,74
2021,Hackney 025D,E01001755,836,240,79,161,596,500,96
2021,Hackney 030C,E01001756,1317,241,95,146,1076,796,280
2021,Hackney 016C,E01001757,681,276,103,173,405,360,45
2021,Hackney 016D,E01001758,1254,372,142,230,882,720,162
2021,Hackney 016E,E01001759,913,224,74,150,689,559,130
2021,Hackney 017C,E01001760,1118,280,113,167,838,705,133
2021,Hackney 016F,E01001761,894,252,98,154,642,522,120
2021,Hackney 017D,E01001762,1081,261,89,172,820,641,179
2021,Hackney 020C,E01001763,957,264,91,173,693,556,137
2021,Hackney 010A,E01001764,904,314,116,198,590,479,111
2021,Hackney 010B,E01001765,744,298,84,214,446,374,72
2021,Hackney 010D,E01001767,847,232,79,153,615,506,109
2021,Hackney 006D,E01001768,1070,277,103,174,793,663,130
2021,Hackney 006E,E01001769,867,247,100,147,620,512,108
2021,Hackney 010E,E01001770,819,268,108,160,551,454,97
2021,Hackney 024A,E01001772,878,240,80,160,638,510,128
2021,Hackney 025E,E01001773,1459,317,113,204,1142,928,214
2021,Hackney 024B,E01001774,1150,250,101,149,900,731,169
2021,Hackney 024C,E01001775,786,221,88,133,565,474,91
2021,Hackney 025F,E01001776,911,228,84,144,683,569,114
2021,Hackney 033A,E01001777,1577,356,135,221,1221,906,315
2021,Hackney 032D,E01001780,975,259,83,176,716,567,149
2021,Hackney 026B,E01001781,748,258,91,167,490,420,70
2021,Hackney 026D,E01001783,713,229,79,150,484,397,87
2021,Hackney 032A,E01001784,873,227,99,128,646,514,132
2021,Hackney 015B,E01001785,781,224,97,127,557,470,87
2021,Hackney 013A,E01001786,1004,316,112,204,688,591,97
2021,Hackney 013B,E01001787,687,268,91,177,419,377,42
2021,Hackney 013C,E01001788,589,218,99,119,371,308,63
2021,Hackney 015C,E01001789,861,266,97,169,595,490,105
2021,Hackney 013D,E01001790,605,239,99,140,366,310,56
2021,Hackney 015D,E01001791,653,211,70,141,442,353,89
2021,Hackney 011A,E01001792,920,290,120,170,630,528,102
2021,Hackney 011B,E01001793,880,263,104,159,617,521,96
2021,Hackney 011C,E01001794,1045,259,107,152,786,667,119
2021,Hackney 011D,E01001795,748,198,77,121,550,443,107
2021,Hackney 011E,E01001796,907,213,79,134,694,563,131
2021,Hackney 028A,E01001798,966,395,136,259,571,513,58
2021,Hackney 003A,E01001799,613,349,77,272,264,226,38
2021,Hackney 004C,E01001800,653,400,97,303,253,228,25
2021,Hackney 008B,E01001801,595,260,71,189,335,260,75
2021,Hackney 003B,E01001802,600,283,103,180,317,265,52
2021,Hackney 008C,E01001803,1074,294,107,187,780,621,159
2021,Hackney 003C,E01001804,617,380,101,279,237,196,41
2021,Hackney 009B,E01001805,656,208,81,127,448,365,83
2021,Hackney 008D,E01001806,781,235,81,154,546,453,93
2021,Hackney 003D,E01001807,778,366,96,270,412,345,67
2021,Hackney 001A,E01001808,640,436,122,314,204,150,54
2021,Hackney 001B,E01001809,705,453,96,357,252,219,33
2021,Hackney 002D,E01001811,746,255,87,168,491,430,61
2021,Hackney 003E,E01001812,616,359,98,261,257,222,35
2021,Hackney 002E,E01001813,697,285,113,172,412,361,51
2021,Hackney 001C,E01001814,696,398,105,293,298,246,52
2021,Hackney 024D,E01001815,746,232,88,144,514,427,87
2021,Hackney 020D,E01001816,792,238,85,153,554,419,135
2021,Hackney 020E,E01001819,797,220,78,142,577,430,147
2021,Hackney 024E,E01001820,629,182,54,128,447,382,65
2021,Hackney 024F,E01001821,626,202,63,139,424,365,59
2021,Hackney 029C,E01001822,773,368,112,256,405,353,52
2021,Hackney 001D,E01001823,659,362,98,264,297,250,47
2021,Hackney 004D,E01001824,538,334,76,258,204,169,35
2021,Hackney 001E,E01001825,520,355,79,276,165,130,35
2021,Hackney 004E,E01001826,558,349,83,266,209,166,43
2021,Hackney 029D,E01001827,630,302,97,205,328,293,35
2021,Hackney 028B,E01001828,943,361,133,228,582,520,62
2021,Hackney 009C,E01001829,1032,246,118,128,786,595,191
2021,Hackney 014C,E01001830,1023,293,113,180,730,628,102
2021,Hackney 009D,E01001831,1065,245,91,154,820,640,180
2021,Hackney 009E,E01001832,919,266,82,184,653,533,120
2021,Hackney 014D,E01001833,1176,337,133,204,839,666,173
2021,Hackney 014E,E01001834,1181,278,94,184,903,718,185
2021,Hackney 014F,E01001835,792,208,91,117,584,475,109
2021,Hackney 022A,E01001836,1036,278,94,184,758,622,136
2021,Hackney 023B,E01001837,857,182,70,112,675,553,122
2021,Hackney 019E,E01001838,673,264,77,187,409,357,52
2021,Hackney 023C,E01001839,1530,310,103,207,1220,961,259
2021,Hackney 022B,E01001840,723,245,91,154,478,392,86
2021,Hackney 022C,E01001841,619,172,68,104,447,361,86
2021,Hackney 023D,E01001842,792,213,80,133,579,492,87
2021,Hackney 023E,E01001843,609,176,63,113,433,361,72
2021,Hackney 022D,E01001844,998,287,118,169,711,557,154
2021,Hackney 022E,E01001845,687,205,78,127,482,401,81
2021,Hackney 018A,E01001846,527,164,60,104,363,305,58
2021,Hackney 018B,E01001847,737,201,80,121,536,470,66
2021,Hackney 018C,E01001848,858,293,126,167,565,464,101
2021,Hackney 018D,E01001849,1418,367,150,217,1051,874,177
2021,Hackney 019F,E01001850,724,284,106,178,440,387,53
2021,Hammersmith and Fulham 010A,E01001851,784,157,62,95,627,424,203
2021,Hammersmith and Fulham 007A,E01001852,1051,186,74,112,865,640,225
2021,Hammersmith and Fulham 007B,E01001853,881,170,67,103,711,514,197
2021,Hammersmith and Fulham 007C,E01001854,1069,227,90,137,842,652,190
2021,Hammersmith and Fulham 010B,E01001855,1029,201,91,110,828,610,218
2021,Hammersmith and Fulham 010C,E01001856,862,200,70,130,662,510,152
2021,Hammersmith and Fulham 007D,E01001857,735,210,87,123,525,444,81
2021,Hammersmith and Fulham 006A,E01001858,890,255,116,139,635,522,113
2021,Hammersmith and Fulham 008A,E01001859,1443,372,158,214,1071,889,182
2021,Hammersmith and Fulham 006B,E01001860,909,276,99,177,633,516,117
2021,Hammersmith and Fulham 006C,E01001861,716,195,79,116,521,384,137
2021,Hammersmith and Fulham 005A,E01001862,969,221,80,141,748,584,164
2021,Hammersmith and Fulham 006D,E01001863,822,187,85,102,635,482,153
2021,Hammersmith and Fulham 006E,E01001864,834,214,84,130,620,474,146
2021,Hammersmith and Fulham 008B,E01001865,875,199,81,118,676,485,191
2021,Hammersmith and Fulham 012A,E01001866,780,210,90,120,570,446,124
2021,Hammersmith and Fulham 012B,E01001867,541,136,58,78,405,333,72
2021,Hammersmith and Fulham 012C,E01001868,593,198,67,131,395,347,48
2021,Hammersmith and Fulham 010D,E01001869,663,161,77,84,502,329,173
2021,Hammersmith and Fulham 012D,E01001870,1014,204,86,118,810,640,170
2021,Hammersmith and Fulham 012E,E01001871,789,184,88,96,605,450,155
2021,Hammersmith and Fulham 012F,E01001872,834,159,74,85,675,501,174
2021,Hammersmith and Fulham 010E,E01001873,790,196,81,115,594,471,123
2021,Hammersmith and Fulham 001B,E01001875,791,252,96,156,539,462,77
2021,Hammersmith and Fulham 001C,E01001876,1037,251,94,157,786,678,108
2021,Hammersmith and Fulham 001D,E01001877,720,206,73,133,514,433,81
2021,Hammersmith and Fulham 001E,E01001878,716,221,89,132,495,413,82
2021,Hammersmith and Fulham 019A,E01001879,792,205,83,122,587,432,155
2021,Hammersmith and Fulham 017A,E01001880,862,159,61,98,703,537,166
2021,Hammersmith and Fulham 017B,E01001881,1150,198,90,108,952,655,297
2021,Hammersmith and Fulham 017C,E01001882,1021,160,68,92,861,597,264
2021,Hammersmith and Fulham 017D,E01001883,1028,204,84,120,824,559,265
2021,Hammersmith and Fulham 017E,E01001884,963,219,103,116,744,580,164
2021,Hammersmith and Fulham 015A,E01001885,546,209,74,135,337,291,46
2021,Hammersmith and Fulham 016A,E01001886,781,199,86,113,582,455,127
2021,Hammersmith and Fulham 016B,E01001887,729,200,94,106,529,440,89
2021,Hammersmith and Fulham 018A,E01001888,864,177,91,86,687,501,186
2021,Hammersmith and Fulham 014A,E01001889,834,152,73,79,682,512,170
2021,Hammersmith and Fulham 016C,E01001890,1046,184,77,107,862,736,126
2021,Hammersmith and Fulham 018B,E01001891,1504,290,132,158,1214,911,303
2021,Hammersmith and Fulham 016D,E01001892,660,180,70,110,480,379,101
2021,Hammersmith and Fulham 013A,E01001893,742,228,100,128,514,421,93
2021,Hammersmith and Fulham 013B,E01001894,776,162,68,94,614,508,106
2021,Hammersmith and Fulham 009A,E01001895,811,201,73,128,610,451,159
2021,Hammersmith and Fulham 009B,E01001896,802,157,83,74,645,484,161
2021,Hammersmith and Fulham 009C,E01001897,684,162,72,90,522,373,149
2021,Hammersmith and Fulham 013C,E01001898,1176,240,102,138,936,699,237
2021,Hammersmith and Fulham 013D,E01001899,825,207,67,140,618,501,117
2021,Hammersmith and Fulham 013E,E01001900,809,237,87,150,572,471,101
2021,Hammersmith and Fulham 019B,E01001901,940,155,73,82,785,522,263
2021,Hammersmith and Fulham 019C,E01001902,1037,232,91,141,805,571,234
2021,Hammersmith and Fulham 019D,E01001903,759,174,79,95,585,455,130
2021,Hammersmith and Fulham 022A,E01001904,1006,145,62,83,861,588,273
2021,Hammersmith and Fulham 022B,E01001905,918,173,79,94,745,509,236
2021,Hammersmith and Fulham 022C,E01001906,880,149,77,72,731,523,208
2021,Hammersmith and Fulham 022D,E01001907,701,145,66,79,556,369,187
2021,Hammersmith and Fulham 015B,E01001908,929,181,77,104,748,558,190
2021,Hammersmith and Fulham 015C,E01001909,1034,235,128,107,799,591,208
2021,Hammersmith and Fulham 014B,E01001910,834,159,75,84,675,517,158
2021,Hammersmith and Fulham 015D,E01001911,740,218,91,127,522,450,72
2021,Hammersmith and Fulham 015E,E01001912,580,185,75,110,395,341,54
2021,Hammersmith and Fulham 014C,E01001913,967,138,64,74,829,625,204
2021,Hammersmith and Fulham 014D,E01001914,945,197,91,106,748,593,155
2021,Hammersmith and Fulham 024A,E01001915,741,150,67,83,591,378,213
2021,Hammersmith and Fulham 024B,E01001916,557,125,49,76,432,287,145
2021,Hammersmith and Fulham 018C,E01001917,733,155,66,89,578,425,153
2021,Hammersmith and Fulham 018D,E01001918,822,188,79,109,634,452,182
2021,Hammersmith and Fulham 018E,E01001919,769,173,83,90,596,395,201
2021,Hammersmith and Fulham 020A,E01001920,731,182,67,115,549,417,132
2021,Hammersmith and Fulham 020B,E01001921,782,150,69,81,632,387,245
2021,Hammersmith and Fulham 020C,E01001922,846,178,88,90,668,427,241
2021,Hammersmith and Fulham 020D,E01001923,844,168,79,89,676,436,240
2021,Hammersmith and Fulham 020E,E01001924,859,163,70,93,696,403,293
2021,Hammersmith and Fulham 025A,E01001925,776,155,74,81,621,353,268
2021,Hammersmith and Fulham 024C,E01001926,777,137,68,69,640,387,253
2021,Hammersmith and Fulham 008C,E01001927,637,173,81,92,464,299,165
2021,Hammersmith and Fulham 011A,E01001928,843,218,93,125,625,448,177
2021,Hammersmith and Fulham 009D,E01001929,729,166,71,95,563,389,174
2021,Hammersmith and Fulham 008D,E01001930,813,218,98,120,595,445,150
2021,Hammersmith and Fulham 011B,E01001931,770,171,81,90,599,454,145
2021,Hammersmith and Fulham 011C,E01001932,938,208,83,125,730,575,155
2021,Hammersmith and Fulham 011D,E01001933,775,203,92,111,572,430,142
2021,Hammersmith and Fulham 025B,E01001934,938,270,114,156,668,498,170
2021,Hammersmith and Fulham 023A,E01001935,1158,173,74,99,985,690,295
2021,Hammersmith and Fulham 025C,E01001937,981,163,75,88,818,520,298
2021,Hammersmith and Fulham 025D,E01001938,805,197,70,127,608,473,135
2021,Hammersmith and Fulham 005B,E01001940,784,194,73,121,590,478,112
2021,Hammersmith and Fulham 005C,E01001941,1033,202,79,123,831,674,157
2021,Hammersmith and Fulham 005D,E01001942,1108,209,77,132,899,742,157
2021,Hammersmith and Fulham 004A,E01001943,1224,322,130,192,902,709,193
2021,Hammersmith and Fulham 004B,E01001944,655,262,103,159,393,339,54
2021,Hammersmith and Fulham 004C,E01001945,952,220,86,134,732,545,187
2021,Hammersmith and Fulham 004D,E01001946,1092,241,111,130,851,620,231
2021,Hammersmith and Fulham 021A,E01001947,615,182,78,104,433,375,58
2021,Hammersmith and Fulham 021B,E01001948,1077,180,70,110,897,583,314
2021,Hammersmith and Fulham 021C,E01001949,893,163,68,95,730,448,282
2021,Hammersmith and Fulham 021D,E01001950,834,143,75,68,691,420,271
2021,Hammersmith and Fulham 021E,E01001951,881,170,74,96,711,489,222
2021,Hammersmith and Fulham 024D,E01001952,1107,232,107,125,875,657,218
2021,Hammersmith and Fulham 021F,E01001953,854,155,70,85,699,552,147
2021,Hammersmith and Fulham 003A,E01001954,730,210,84,126,520,407,113
2021,Hammersmith and Fulham 002A,E01001955,967,294,110,184,673,554,119
2021,Hammersmith and Fulham 003B,E01001956,733,212,77,135,521,422,99
2021,Hammersmith and Fulham 002B,E01001957,618,242,78,164,376,346,30
2021,Hammersmith and Fulham 002C,E01001958,750,292,105,187,458,407,51
2021,Hammersmith and Fulham 003C,E01001959,784,236,104,132,548,464,84
2021,Hammersmith and Fulham 003D,E01001960,1092,230,87,143,862,679,183
2021,Hammersmith and Fulham 002D,E01001961,607,239,91,148,368,327,41
2021,Haringey 004A,E01001962,820,257,110,147,563,443,120
2021,Haringey 009A,E01001963,926,248,101,147,678,483,195
2021,Haringey 009B,E01001964,832,245,103,142,587,485,102
2021,Haringey 009C,E01001965,830,233,103,130,597,446,151
2021,Haringey 009D,E01001966,706,238,108,130,468,350,118
2021,Haringey 014A,E01001967,753,221,105,116,532,404,128
2021,Haringey 014B,E01001968,906,270,114,156,636,487,149
2021,Haringey 001A,E01001969,995,352,145,207,643,526,117
2021,Haringey 004B,E01001970,1009,344,141,203,665,558,107
2021,Haringey 001B,E01001971,854,354,138,216,500,429,71
2021,Haringey 004C,E01001972,823,268,103,165,555,449,106
2021,Haringey 004D,E01001973,1245,416,153,263,829,684,145
2021,Haringey 001C,E01001974,1293,433,172,261,860,744,116
2021,Haringey 001D,E01001975,1039,309,121,188,730,618,112
2021,Haringey 011A,E01001976,908,287,69,218,621,540,81
2021,Haringey 011B,E01001977,739,278,100,178,461,397,64
2021,Haringey 011C,E01001978,906,371,146,225,535,453,82
2021,Haringey 011D,E01001979,1100,409,149,260,691,587,104
2021,Haringey 018A,E01001980,949,297,120,177,652,571,81
2021,Haringey 018B,E01001981,1000,338,126,212,662,562,100
2021,Haringey 018C,E01001982,917,283,97,186,634,536,98
2021,Haringey 018D,E01001983,876,280,102,178,596,513,83
2021,Haringey 033A,E01001984,1003,229,103,126,774,645,129
2021,Haringey 033B,E01001985,906,215,91,124,691,515,176
2021,Haringey 034A,E01001986,859,213,86,127,646,490,156
2021,Haringey 033C,E01001987,975,242,108,134,733,555,178
2021,Haringey 034B,E01001988,1004,251,116,135,753,597,156
2021,Haringey 033D,E01001989,933,231,101,130,702,528,174
2021,Haringey 034C,E01001990,1299,300,130,170,999,793,206
2021,Haringey 017A,E01001991,912,241,99,142,671,535,136
2021,Haringey 017B,E01001992,858,224,107,117,634,473,161
2021,Haringey 017C,E01001993,799,222,91,131,577,405,172
2021,Haringey 030A,E01001994,950,278,137,141,672,516,156
2021,Haringey 017D,E01001995,1260,398,142,256,862,704,158
2021,Haringey 014C,E01001996,773,214,89,125,559,428,131
2021,Haringey 014D,E01001997,988,298,125,173,690,543,147
2021,Haringey 023A,E01001998,1187,284,131,153,903,755,148
2021,Haringey 023B,E01001999,1338,348,124,224,990,847,143
2021,Haringey 031A,E01002000,1071,267,102,165,804,683,121
2021,Haringey 031B,E01002001,1036,278,109,169,758,635,123
2021,Haringey 031C,E01002002,1009,292,134,158,717,577,140
2021,Haringey 023C,E01002003,1414,453,156,297,961,823,138
2021,Haringey 023D,E01002004,1057,291,115,176,766,638,128
2021,Haringey 035A,E01002005,1033,214,96,118,819,643,176
2021,Haringey 035B,E01002006,989,185,84,101,804,618,186
2021,Haringey 035C,E01002007,803,196,81,115,607,417,190
2021,Haringey 030B,E01002008,593,166,75,91,427,270,157
2021,Haringey 035D,E01002009,830,235,118,117,595,416,179
2021,Haringey 030C,E01002010,770,204,89,115,566,393,173
2021,Haringey 030D,E01002011,985,202,95,107,783,591,192
2021,Haringey 022A,E01002013,770,195,86,109,575,459,116
2021,Haringey 020B,E01002014,1050,281,106,175,769,629,140
2021,Haringey 020C,E01002015,685,230,95,135,455,362,93
2021,Haringey 028A,E01002016,1109,283,112,171,826,639,187
2021,Haringey 028B,E01002017,888,247,102,145,641,512,129
2021,Haringey 020D,E01002018,683,205,75,130,478,398,80
2021,Haringey 022B,E01002019,694,183,80,103,511,364,147
2021,Haringey 021A,E01002020,886,258,108,150,628,501,127
2021,Haringey 022C,E01002021,710,214,108,106,496,354,142
2021,Haringey 021B,E01002022,1170,333,160,173,837,663,174
2021,Haringey 021C,E01002023,680,199,83,116,481,356,125
2021,Haringey 022D,E01002024,662,177,82,95,485,377,108
2021,Haringey 021D,E01002025,796,255,112,143,541,365,176
2021,Haringey 016A,E01002026,763,311,106,205,452,400,52
2021,Haringey 010A,E01002027,740,256,88,168,484,423,61
2021,Haringey 010B,E01002028,885,292,106,186,593,500,93
2021,Haringey 016B,E01002029,1085,403,165,238,682,560,122
2021,Haringey 016C,E01002030,876,256,110,146,620,533,87
2021,Haringey 016D,E01002031,1050,316,114,202,734,639,95
2021,Haringey 010C,E01002032,928,353,140,213,575,482,93
2021,Haringey 010D,E01002033,873,315,141,174,558,489,69
2021,Haringey 037A,E01002034,1011,434,145,289,577,489,88
2021,Haringey 002A,E01002036,715,311,92,219,404,349,55
2021,Haringey 002B,E01002037,687,282,101,181,405,344,61
2021,Haringey 037B,E01002038,723,314,111,203,409,351,58
2021,Haringey 002C,E01002039,581,257,80,177,324,285,39
2021,Haringey 002D,E01002040,1002,363,120,243,639,544,95
2021,Haringey 037C,E01002041,805,343,117,226,462,380,82
2021,Haringey 027A,E01002042,853,286,118,168,567,474,93
2021,Haringey 026A,E01002043,964,330,115,215,634,528,106
2021,Haringey 027B,E01002044,994,292,104,188,702,587,115
2021,Haringey 026B,E01002045,947,352,134,218,595,515,80
2021,Haringey 026C,E01002046,762,279,105,174,483,418,65
2021,Haringey 027C,E01002047,1038,320,121,199,718,616,102
2021,Haringey 027D,E01002048,1048,299,123,176,749,651,98
2021,Haringey 026D,E01002049,893,298,113,185,595,507,88
2021,Haringey 029A,E01002050,708,419,89,330,289,243,46
2021,Haringey 029B,E01002051,826,401,138,263,425,382,43
2021,Haringey 029C,E01002052,822,485,92,393,337,282,55
2021,Haringey 032A,E01002053,879,378,126,252,501,433,68
2021,Haringey 032B,E01002054,710,324,102,222,386,330,56
2021,Haringey 029D,E01002055,760,470,114,356,290,230,60
2021,Haringey 032C,E01002056,1660,583,186,397,1077,914,163
2021,Haringey 032D,E01002057,1023,333,125,208,690,592,98
2021,Haringey 031D,E01002058,901,287,107,180,614,530,84
2021,Haringey 028C,E01002059,816,202,82,120,614,472,142
2021,Haringey 028D,E01002060,1032,252,102,150,780,613,167
2021,Haringey 036A,E01002061,1027,200,82,118,827,668,159
2021,Haringey 034D,E01002062,1118,256,119,137,862,684,178
2021,Haringey 036B,E01002063,881,208,82,126,673,521,152
2021,Haringey 036C,E01002064,842,226,87,139,616,511,105
2021,Haringey 036D,E01002065,998,238,93,145,760,611,149
2021,Haringey 025A,E01002066,1189,454,152,302,735,612,123
2021,Haringey 024A,E01002067,890,341,118,223,549,466,83
2021,Haringey 025B,E01002068,1188,454,191,263,734,606,128
2021,Haringey 024B,E01002069,1061,387,151,236,674,561,113
2021,Haringey 024C,E01002070,1518,419,162,257,1099,918,181
2021,Haringey 025C,E01002071,829,279,97,182,550,480,70
2021,Haringey 025D,E01002072,869,323,148,175,546,463,83
2021,Haringey 024D,E01002073,801,304,120,184,497,418,79
2021,Haringey 012A,E01002074,919,358,121,237,561,485,76
2021,Haringey 015A,E01002075,880,322,126,196,558,460,98
2021,Haringey 015B,E01002076,861,324,114,210,537,475,62
2021,Haringey 012B,E01002077,1053,362,133,229,691,567,124
2021,Haringey 015C,E01002078,1422,411,134,277,1011,889,122
2021,Haringey 012C,E01002079,853,345,122,223,508,447,61
2021,Haringey 012D,E01002081,806,315,113,202,491,445,46
2021,Haringey 013A,E01002082,549,234,87,147,315,273,42
2021,Haringey 019A,E01002083,806,262,110,152,544,462,82
2021,Haringey 019B,E01002084,885,333,121,212,552,470,82
2021,Haringey 019C,E01002085,1085,338,143,195,747,639,108
2021,Haringey 013B,E01002086,867,240,99,141,627,547,80
2021,Haringey 019D,E01002087,1006,361,141,220,645,533,112
2021,Haringey 013C,E01002088,927,331,110,221,596,508,88
2021,Haringey 013D,E01002089,468,189,63,126,279,260,19
2021,Haringey 005A,E01002090,816,284,112,172,532,450,82
2021,Haringey 006A,E01002091,739,304,100,204,435,389,46
2021,Haringey 006B,E01002092,674,290,96,194,384,349,35
2021,Haringey 005B,E01002093,683,294,83,211,389,356,33
2021,Haringey 006C,E01002094,646,251,91,160,395,352,43
2021,Haringey 006D,E01002095,692,240,56,184,452,400,52
2021,Haringey 005C,E01002096,709,251,82,169,458,415,43
2021,Haringey 005D,E01002097,716,271,86,185,445,386,59
2021,Haringey 007A,E01002098,839,229,82,147,610,516,94
2021,Haringey 008A,E01002099,859,337,128,209,522,466,56
2021,Haringey 008B,E01002100,824,315,116,199,509,437,72
2021,Haringey 007B,E01002101,1035,328,128,200,707,601,106
2021,Haringey 007C,E01002102,909,303,129,174,606,532,74
2021,Haringey 008C,E01002103,946,323,129,194,623,534,89
2021,Haringey 008D,E01002104,735,236,93,143,499,412,87
2021,Haringey 007D,E01002105,1199,385,147,238,814,704,110
2021,Harrow 008A,E01002106,988,283,102,181,705,581,124
2021,Harrow 012A,E01002107,895,234,85,149,661,551,110
2021,Harrow 008B,E01002108,920,245,95,150,675,573,102
2021,Harrow 008C,E01002109,924,260,107,153,664,509,155
2021,Harrow 008D,E01002110,881,268,120,148,613,507,106
2021,Harrow 008E,E01002111,1084,320,120,200,764,608,156
2021,Harrow 001A,E01002112,985,282,105,177,703,531,172
2021,Harrow 002A,E01002113,781,218,96,122,563,437,126
2021,Harrow 001B,E01002114,925,280,113,167,645,528,117
2021,Harrow 002B,E01002115,742,207,78,129,535,445,90
2021,Harrow 002C,E01002116,782,267,99,168,515,404,111
2021,Harrow 002E,E01002118,863,279,100,179,584,490,94
2021,Harrow 007A,E01002119,1242,387,155,232,855,727,128
2021,Harrow 007B,E01002120,545,168,65,103,377,327,50
2021,Harrow 007C,E01002121,887,251,96,155,636,555,81
2021,Harrow 007D,E01002122,925,248,91,157,677,554,123
2021,Harrow 007E,E01002123,872,259,87,172,613,487,126
2021,Harrow 010A,E01002124,868,276,93,183,592,488,104
2021,Harrow 010B,E01002125,1008,318,131,187,690,548,142
2021,Harrow 023B,E01002127,881,246,102,144,635,505,130
2021,Harrow 020A,E01002128,1087,287,111,176,800,661,139
2021,Harrow 023C,E01002129,1446,303,121,182,1143,950,193
2021,Harrow 020B,E01002130,1366,419,176,243,947,806,141
2021,Harrow 023D,E01002131,800,238,89,149,562,455,107
2021,Harrow 029A,E01002132,1037,279,109,170,758,593,165
2021,Harrow 027A,E01002133,882,341,120,221,541,457,84
2021,Harrow 029B,E01002134,763,204,77,127,559,426,133
2021,Harrow 029C,E01002135,987,276,109,167,711,609,102
2021,Harrow 027B,E01002136,1036,305,99,206,731,564,167
2021,Harrow 029D,E01002137,645,130,61,69,515,342,173
2021,Harrow 027C,E01002138,758,269,78,191,489,435,54
2021,Harrow 006A,E01002139,632,208,74,134,424,383,41
2021,Harrow 005A,E01002140,818,265,95,170,553,474,79
2021,Harrow 005B,E01002141,824,239,98,141,585,487,98
2021,Harrow 005C,E01002142,871,262,96,166,609,489,120
2021,Harrow 005D,E01002143,737,244,85,159,493,438,55
2021,Harrow 004A,E01002144,761,247,106,141,514,410,104
2021,Harrow 005E,E01002145,726,230,88,142,496,405,91
2021,Harrow 004B,E01002146,733,209,76,133,524,409,115
2021,Harrow 004C,E01002147,638,191,73,118,447,332,115
2021,Harrow 006B,E01002148,697,197,76,121,500,417,83
2021,Harrow 004D,E01002149,655,210,84,126,445,359,86
2021,Harrow 006C,E01002150,1011,308,104,204,703,557,146
2021,Harrow 006D,E01002151,651,228,79,149,423,363,60
2021,Harrow 006E,E01002152,767,212,81,131,555,455,100
2021,Harrow 019A,E01002153,873,217,73,144,656,534,122
2021,Harrow 019B,E01002155,841,236,102,134,605,500,105
2021,Harrow 015B,E01002156,785,205,79,126,580,459,121
2021,Harrow 019C,E01002157,857,217,102,115,640,537,103
2021,Harrow 019D,E01002158,719,160,58,102,559,467,92
2021,Harrow 021A,E01002159,993,307,122,185,686,581,105
2021,Harrow 021B,E01002160,1289,406,169,237,883,749,134
2021,Harrow 021C,E01002161,1025,312,113,199,713,604,109
2021,Harrow 015C,E01002162,904,300,100,200,604,514,90
2021,Harrow 015D,E01002163,830,226,78,148,604,491,113
2021,Harrow 021D,E01002164,971,255,84,171,716,591,125
2021,Harrow 017A,E01002165,914,293,113,180,621,510,111
2021,Harrow 017B,E01002166,850,252,89,163,598,515,83
2021,Harrow 017C,E01002167,821,234,77,157,587,506,81
2021,Harrow 017D,E01002168,726,208,72,136,518,450,68
2021,Harrow 017E,E01002169,780,228,88,140,552,449,103
2021,Harrow 033A,E01002170,667,199,70,129,468,396,72
2021,Harrow 033B,E01002171,812,270,107,163,542,464,78
2021,Harrow 033C,E01002172,767,218,77,141,549,471,78
2021,Harrow 033D,E01002173,969,261,91,170,708,587,121
2021,Harrow 033E,E01002174,751,218,71,147,533,453,80
2021,Harrow 033F,E01002175,671,209,85,124,462,372,90
2021,Harrow 033G,E01002176,871,232,89,143,639,532,107
2021,Harrow 033H,E01002177,772,205,84,121,567,485,82
2021,Harrow 033I,E01002178,822,214,86,128,608,516,92
2021,Harrow 013A,E01002179,1234,366,126,240,868,734,134
2021,Harrow 020C,E01002181,1248,304,122,182,944,800,144
2021,Harrow 020D,E01002182,1039,338,139,199,701,598,103
2021,Harrow 013C,E01002183,917,293,117,176,624,530,94
2021,Harrow 013D,E01002184,891,271,98,173,620,534,86
2021,Harrow 009A,E01002185,849,262,99,163,587,501,86
2021,Harrow 009B,E01002186,886,247,91,156,639,529,110
2021,Harrow 009C,E01002187,880,270,102,168,610,488,122
2021,Harrow 016A,E01002188,742,218,114,104,524,392,132
2021,Harrow 016B,E01002189,843,236,94,142,607,485,122
2021,Harrow 009D,E01002190,794,225,100,125,569,419,150
2021,Harrow 022A,E01002191,1035,260,85,175,775,659,116
2021,Harrow 016C,E01002192,762,232,87,145,530,416,114
2021,Harrow 016D,E01002193,891,232,86,146,659,519,140
2021,Harrow 022B,E01002194,869,271,105,166,598,481,117
2021,Harrow 022C,E01002195,794,221,79,142,573,473,100
2021,Harrow 022D,E01002196,861,243,93,150,618,517,101
2021,Harrow 012B,E01002197,666,180,66,114,486,404,82
2021,Harrow 010C,E01002198,974,302,104,198,672,552,120
2021,Harrow 012C,E01002199,755,220,80,140,535,442,93
2021,Harrow 010D,E01002200,1051,322,116,206,729,610,119
2021,Harrow 012D,E01002201,876,239,93,146,637,542,95
2021,Harrow 012E,E01002202,967,319,123,196,648,506,142
2021,Harrow 010E,E01002203,907,281,102,179,626,531,95
2021,Harrow 032A,E01002204,900,303,107,196,597,511,86
2021,Harrow 032B,E01002206,675,210,81,129,465,410,55
2021,Harrow 032C,E01002207,853,280,103,177,573,511,62
2021,Harrow 025A,E01002208,645,165,52,113,480,385,95
2021,Harrow 025B,E01002209,945,245,91,154,700,576,124
2021,Harrow 032D,E01002210,777,235,79,156,542,461,81
2021,Harrow 028A,E01002211,702,232,94,138,470,432,38
2021,Harrow 028B,E01002212,826,286,108,178,540,481,59
2021,Harrow 031A,E01002214,807,257,86,171,550,497,53
2021,Harrow 031B,E01002215,718,251,84,167,467,429,38
2021,Harrow 028C,E01002216,794,254,83,171,540,463,77
2021,Harrow 028D,E01002217,1035,278,106,172,757,673,84
2021,Harrow 030A,E01002218,872,261,96,165,611,516,95
2021,Harrow 030B,E01002219,860,293,97,196,567,473,94
2021,Harrow 031C,E01002220,775,254,97,157,521,448,73
2021,Harrow 030C,E01002221,783,224,85,139,559,470,89
2021,Harrow 030D,E01002222,793,232,78,154,561,481,80
2021,Harrow 031D,E01002223,890,265,73,192,625,544,81
2021,Harrow 031E,E01002224,728,212,75,137,516,456,60
2021,Harrow 001C,E01002225,727,244,93,151,483,352,131
2021,Harrow 001D,E01002226,1254,354,141,213,900,711,189
2021,Harrow 003A,E01002227,842,301,121,180,541,452,89
2021,Harrow 003B,E01002228,1050,308,129,179,742,573,169
2021,Harrow 003C,E01002229,824,276,122,154,548,446,102
2021,Harrow 003D,E01002230,869,246,100,146,623,467,156
2021,Harrow 013E,E01002231,950,270,99,171,680,608,72
2021,Harrow 011A,E01002232,888,277,102,175,611,528,83
2021,Harrow 011B,E01002233,1112,346,152,194,766,653,113
2021,Harrow 011C,E01002234,952,276,88,188,676,583,93
2021,Harrow 011D,E01002235,781,263,101,162,518,458,60
2021,Harrow 011E,E01002236,1088,334,125,209,754,669,85
2021,Harrow 024A,E01002237,1202,288,108,180,914,760,154
2021,Harrow 024B,E01002238,931,257,93,164,674,572,102
2021,Harrow 025C,E01002239,951,246,103,143,705,590,115
2021,Harrow 024C,E01002240,947,305,117,188,642,548,94
2021,Harrow 025D,E01002241,886,256,98,158,630,531,99
2021,Harrow 024D,E01002242,890,267,89,178,623,517,106
2021,Havering 013A,E01002243,905,258,76,182,647,561,86
2021,Havering 011A,E01002244,927,237,81,156,690,613,77
2021,Havering 011B,E01002245,810,215,75,140,595,522,73
2021,Havering 017A,E01002246,830,243,92,151,587,521,66
2021,Havering 017B,E01002247,1157,345,139,206,812,706,106
2021,Havering 017C,E01002248,731,234,93,141,497,447,50
2021,Havering 017E,E01002250,928,254,105,149,674,599,75
2021,Havering 017F,E01002251,699,221,90,131,478,426,52
2021,Havering 018A,E01002252,735,241,96,145,494,410,84
2021,Havering 019A,E01002253,745,192,78,114,553,467,86
2021,Havering 019B,E01002254,740,191,72,119,549,427,122
2021,Havering 022A,E01002255,776,189,73,116,587,487,100
2021,Havering 018B,E01002256,748,207,75,132,541,465,76
2021,Havering 019C,E01002257,758,222,109,113,536,421,115
2021,Havering 018C,E01002258,807,232,90,142,575,502,73
2021,Havering 018D,E01002259,737,186,64,122,551,478,73
2021,Havering 026A,E01002260,892,257,94,163,635,554,81
2021,Havering 026B,E01002261,864,254,100,154,610,543,67
2021,Havering 026C,E01002262,870,217,71,146,653,573,80
2021,Havering 026D,E01002263,784,208,76,132,576,501,75
2021,Havering 026E,E01002264,715,213,66,147,502,444,58
2021,Havering 025A,E01002265,773,196,77,119,577,514,63
2021,Havering 027A,E01002266,739,203,72,131,536,458,78
2021,Havering 027B,E01002267,811,226,73,153,585,518,67
2021,Havering 010A,E01002268,721,202,60,142,519,431,88
2021,Havering 010B,E01002269,927,269,96,173,658,558,100
2021,Havering 015A,E01002270,805,253,111,142,552,423,129
2021,Havering 015B,E01002271,735,217,92,125,518,405,113
2021,Havering 014A,E01002272,670,168,65,103,502,426,76
2021,Havering 015C,E01002273,610,187,84,103,423,342,81
2021,Havering 014B,E01002274,847,255,100,155,592,484,108
2021,Havering 015D,E01002275,590,204,86,118,386,310,76
2021,Havering 001A,E01002276,965,286,113,173,679,580,99
2021,Havering 002A,E01002277,730,228,67,161,502,437,65
2021,Havering 001B,E01002278,773,260,95,165,513,439,74
2021,Havering 002B,E01002279,823,244,75,169,579,509,70
2021,Havering 004A,E01002280,774,238,79,159,536,466,70
2021,Havering 002C,E01002281,1104,296,93,203,808,717,91
2021,Havering 004B,E01002282,745,238,73,165,507,430,77
2021,Havering 002D,E01002283,789,248,80,168,541,455,86
2021,Havering 004C,E01002284,952,275,81,194,677,580,97
2021,Havering 025B,E01002285,662,174,54,120,488,414,74
2021,Havering 025C,E01002286,809,241,84,157,568,491,77
2021,Havering 023A,E01002287,788,206,62,144,582,498,84
2021,Havering 025D,E01002288,793,218,88,130,575,506,69
2021,Havering 022B,E01002289,868,199,68,131,669,580,89
2021,Havering 025E,E01002290,715,186,59,127,529,452,77
2021,Havering 023B,E01002291,747,160,53,107,587,498,89
2021,Havering 022C,E01002292,792,209,79,130,583,501,82
2021,Havering 007B,E01002294,699,204,69,135,495,401,94
2021,Havering 010C,E01002295,970,240,78,162,730,604,126
2021,Havering 007C,E01002296,778,187,66,121,591,494,97
2021,Havering 004D,E01002297,763,229,82,147,534,460,74
2021,Havering 007D,E01002298,796,231,79,152,565,488,77
2021,Havering 002E,E01002299,964,297,103,194,667,582,85
2021,Havering 007E,E01002300,1022,253,76,177,769,645,124
2021,Havering 003A,E01002301,770,227,72,155,543,464,79
2021,Havering 005A,E01002302,809,223,70,153,586,514,72
2021,Havering 003B,E01002303,934,289,100,189,645,554,91
2021,Havering 003C,E01002304,651,194,78,116,457,388,69
2021,Havering 005B,E01002305,784,238,81,157,546,464,82
2021,Havering 003D,E01002306,746,260,85,175,486,427,59
2021,Havering 003E,E01002307,938,288,95,193,650,564,86
2021,Havering 005C,E01002308,776,252,89,163,524,446,78
2021,Havering 006A,E01002309,779,254,102,152,525,454,71
2021,Havering 006B,E01002310,794,223,81,142,571,495,76
2021,Havering 006C,E01002311,848,263,94,169,585,507,78
2021,Havering 001C,E01002312,688,216,47,169,472,412,60
2021,Havering 001D,E01002313,1104,306,114,192,798,677,121
2021,Havering 004E,E01002314,779,271,83,188,508,437,71
2021,Havering 006D,E01002315,816,238,85,153,578,485,93
2021,Havering 004F,E01002316,765,261,86,175,504,453,51
2021,Havering 014C,E01002317,799,232,88,144,567,482,85
2021,Havering 014D,E01002318,756,219,63,156,537,450,87
2021,Havering 016A,E01002319,883,261,87,174,622,556,66
2021,Havering 021A,E01002320,817,266,92,174,551,472,79
2021,Havering 021B,E01002321,862,243,103,140,619,501,118
2021,Havering 021C,E01002322,1017,251,96,155,766,679,87
2021,Havering 021D,E01002323,899,240,93,147,659,579,80
2021,Havering 021E,E01002324,703,210,82,128,493,427,66
2021,Havering 011C,E01002325,909,298,88,210,611,516,95
2021,Havering 005D,E01002326,788,272,98,174,516,442,74
2021,Havering 009A,E01002327,760,242,83,159,518,452,66
2021,Havering 009B,E01002328,920,254,89,165,666,559,107
2021,Havering 011D,E01002329,846,236,80,156,610,539,71
2021,Havering 011E,E01002330,852,253,94,159,599,522,77
2021,Havering 005E,E01002331,798,243,91,152,555,484,71
2021,Havering 009C,E01002332,796,226,82,144,570,496,74
2021,Havering 008A,E01002333,639,197,62,135,442,369,73
2021,Havering 008B,E01002334,792,248,102,146,544,456,88
2021,Havering 009D,E01002335,658,222,93,129,436,373,63
2021,Havering 008C,E01002336,787,245,93,152,542,441,101
2021,Havering 012A,E01002337,606,172,66,106,434,306,128
2021,Havering 009E,E01002338,668,195,74,121,473,412,61
2021,Havering 008D,E01002339,777,221,85,136,556,447,109
2021,Havering 009F,E01002340,739,173,63,110,566,484,82
2021,Havering 008E,E01002341,695,218,84,134,477,405,72
2021,Havering 030A,E01002342,765,228,77,151,537,459,78
2021,Havering 029A,E01002343,834,238,88,150,596,517,79
2021,Havering 029B,E01002344,901,279,94,185,622,538,84
2021,Havering 030B,E01002345,880,247,75,172,633,559,74
2021,Havering 030C,E01002346,740,210,67,143,530,472,58
2021,Havering 030D,E01002347,723,192,74,118,531,457,74
2021,Havering 029C,E01002348,738,205,73,132,533,451,82
2021,Havering 029D,E01002349,733,192,67,125,541,453,88
2021,Havering 016B,E01002350,830,241,102,139,589,507,82
2021,Havering 016C,E01002351,955,232,64,168,723,617,106
2021,Havering 016D,E01002352,994,271,101,170,723,633,90
2021,Havering 013B,E01002353,972,277,91,186,695,586,109
2021,Havering 012B,E01002354,675,189,67,122,486,413,73
2021,Havering 014E,E01002355,810,228,88,140,582,485,97
2021,Havering 013C,E01002356,1100,279,108,171,821,718,103
2021,Havering 016E,E01002358,1143,293,88,205,850,751,99
2021,Havering 020A,E01002359,657,182,72,110,475,422,53
2021,Havering 020B,E01002360,639,183,72,111,456,387,69
2021,Havering 020C,E01002361,963,257,85,172,706,580,126
2021,Havering 022D,E01002362,796,202,68,134,594,486,108
2021,Havering 020D,E01002363,693,218,80,138,475,409,66
2021,Havering 023C,E01002364,642,176,61,115,466,406,60
2021,Havering 023D,E01002365,642,196,73,123,446,382,64
2021,Havering 023E,E01002366,768,201,68,133,567,498,69
2021,Havering 020E,E01002367,914,203,83,120,711,611,100
2021,Havering 028A,E01002368,1126,312,119,193,814,725,89
2021,Havering 028B,E01002369,942,292,111,181,650,558,92
2021,Havering 028C,E01002370,1156,368,132,236,788,691,97
2021,Havering 028D,E01002371,789,242,79,163,547,467,80
2021,Havering 027C,E01002372,828,226,69,157,602,530,72
2021,Havering 027D,E01002373,785,230,75,155,555,476,79
2021,Havering 027E,E01002374,837,225,68,157,612,529,83
2021,Havering 028E,E01002375,873,276,78,198,597,517,80
2021,Havering 012C,E01002376,725,200,75,125,525,413,112
2021,Havering 010D,E01002377,908,240,112,128,668,561,107
2021,Havering 010E,E01002378,913,239,104,135,674,579,95
2021,Havering 012D,E01002379,817,207,79,128,610,502,108
2021,Havering 012E,E01002380,1149,278,106,172,871,738,133
2021,Havering 012F,E01002381,716,198,75,123,518,426,92
2021,Havering 014F,E01002382,925,210,73,137,715,585,130
2021,Havering 010F,E01002383,816,226,84,142,590,496,94
2021,Havering 019D,E01002384,778,199,78,121,579,469,110
2021,Havering 024A,E01002385,770,234,83,151,536,432,104
2021,Havering 022E,E01002386,1034,264,101,163,770,649,121
2021,Havering 024B,E01002387,694,210,81,129,484,381,103
2021,Havering 024C,E01002388,788,214,89,125,574,493,81
2021,Havering 024D,E01002389,694,225,93,132,469,379,90
2021,Havering 024E,E01002390,684,193,83,110,491,383,108
2021,Havering 018E,E01002391,803,240,93,147,563,475,88
2021,Hillingdon 020A,E01002392,675,223,63,160,452,396,56
2021,Hillingdon 020B,E01002393,941,304,80,224,637,572,65
2021,Hillingdon 021A,E01002394,742,266,81,185,476,417,59
2021,Hillingdon 021B,E01002395,622,200,72,128,422,366,56
2021,Hillingdon 026A,E01002396,814,244,77,167,570,508,62
2021,Hillingdon 021C,E01002397,766,275,101,174,491,445,46
2021,Hillingdon 021D,E01002398,827,251,89,162,576,508,68
2021,Hillingdon 021E,E01002399,764,244,75,169,520,454,66
2021,Hillingdon 024A,E01002400,899,272,87,185,627,553,74
2021,Hillingdon 024B,E01002401,988,319,96,223,669,588,81
2021,Hillingdon 024C,E01002402,758,237,70,167,521,443,78
2021,Hillingdon 024D,E01002403,1047,333,113,220,714,633,81
2021,Hillingdon 024E,E01002404,803,274,82,192,529,473,56
2021,Hillingdon 027A,E01002405,837,269,100,169,568,490,78
2021,Hillingdon 019A,E01002408,697,184,66,118,513,448,65
2021,Hillingdon 019B,E01002409,880,264,84,180,616,528,88
2021,Hillingdon 017A,E01002410,902,265,94,171,637,555,82
2021,Hillingdon 022A,E01002411,967,304,135,169,663,549,114
2021,Hillingdon 017B,E01002412,1231,312,120,192,919,808,111
2021,Hillingdon 022B,E01002413,691,245,75,170,446,393,53
2021,Hillingdon 015A,E01002414,775,317,164,153,458,392,66
2021,Hillingdon 010A,E01002415,901,212,72,140,689,595,94
2021,Hillingdon 008A,E01002416,868,239,77,162,629,540,89
2021,Hillingdon 008B,E01002417,938,249,89,160,689,575,114
2021,Hillingdon 006A,E01002418,896,237,72,165,659,582,77
2021,Hillingdon 006B,E01002419,912,226,81,145,686,591,95
2021,Hillingdon 008C,E01002420,783,208,55,153,575,514,61
2021,Hillingdon 008D,E01002421,845,214,69,145,631,545,86
2021,Hillingdon 018A,E01002422,730,242,87,155,488,411,77
2021,Hillingdon 018B,E01002423,878,255,82,173,623,543,80
2021,Hillingdon 018C,E01002424,808,237,87,150,571,498,73
2021,Hillingdon 018D,E01002425,745,211,61,150,534,469,65
2021,Hillingdon 021F,E01002426,847,296,88,208,551,502,49
2021,Hillingdon 018E,E01002427,756,231,70,161,525,457,68
2021,Hillingdon 018F,E01002428,785,216,75,141,569,495,74
2021,Hillingdon 019C,E01002429,734,204,65,139,530,466,64
2021,Hillingdon 007A,E01002430,670,191,70,121,479,364,115
2021,Hillingdon 006C,E01002431,627,173,65,108,454,379,75
2021,Hillingdon 006D,E01002432,709,189,71,118,520,442,78
2021,Hillingdon 004A,E01002433,1236,319,129,190,917,751,166
2021,Hillingdon 007B,E01002434,643,194,69,125,449,361,88
2021,Hillingdon 007C,E01002435,712,204,79,125,508,418,90
2021,Hillingdon 004B,E01002436,810,209,77,132,601,500,101
2021,Hillingdon 006E,E01002437,571,149,54,95,422,352,70
2021,Hillingdon 003A,E01002438,739,203,76,127,536,423,113
2021,Hillingdon 003B,E01002439,735,180,58,122,555,481,74
2021,Hillingdon 003C,E01002440,803,237,91,146,566,474,92
2021,Hillingdon 003D,E01002441,757,208,87,121,549,447,102
2021,Hillingdon 003E,E01002442,828,229,82,147,599,528,71
2021,Hillingdon 032A,E01002443,1075,321,138,183,754,692,62
2021,Hillingdon 031A,E01002444,915,247,100,147,668,573,95
2021,Hillingdon 029A,E01002445,728,228,75,153,500,439,61
2021,Hillingdon 031B,E01002446,982,279,106,173,703,618,85
2021,Hillingdon 031C,E01002447,1136,352,133,219,784,695,89
2021,Hillingdon 032B,E01002448,1000,332,115,217,668,586,82
2021,Hillingdon 032C,E01002449,1022,283,96,187,739,648,91
2021,Hillingdon 014A,E01002450,804,208,78,130,596,511,85
2021,Hillingdon 014B,E01002451,744,190,58,132,554,470,84
2021,Hillingdon 014C,E01002452,777,209,91,118,568,497,71
2021,Hillingdon 014D,E01002453,865,216,72,144,649,579,70
2021,Hillingdon 014E,E01002454,826,221,68,153,605,533,72
2021,Hillingdon 019D,E01002455,848,250,93,157,598,517,81
2021,Hillingdon 017C,E01002456,776,220,71,149,556,481,75
2021,Hillingdon 019E,E01002457,751,244,92,152,507,444,63
2021,Hillingdon 011A,E01002458,681,195,76,119,486,392,94
2021,Hillingdon 011B,E01002459,770,230,93,137,540,440,100
2021,Hillingdon 011C,E01002460,732,198,66,132,534,431,103
2021,Hillingdon 013A,E01002461,757,210,86,124,547,423,124
2021,Hillingdon 011D,E01002462,747,193,67,126,554,448,106
2021,Hillingdon 013B,E01002463,731,194,87,107,537,453,84
2021,Hillingdon 011E,E01002464,841,188,60,128,653,562,91
2021,Hillingdon 009A,E01002465,898,241,82,159,657,548,109
2021,Hillingdon 010B,E01002466,878,230,82,148,648,550,98
2021,Hillingdon 009B,E01002467,743,215,89,126,528,451,77
2021,Hillingdon 010C,E01002468,949,241,82,159,708,599,109
2021,Hillingdon 010D,E01002469,874,223,88,135,651,568,83
2021,Hillingdon 007D,E01002470,855,227,86,141,628,524,104
2021,Hillingdon 008E,E01002471,884,229,78,151,655,557,98
2021,Hillingdon 002A,E01002472,787,201,93,108,586,490,96
2021,Hillingdon 001A,E01002473,784,230,105,125,554,394,160
2021,Hillingdon 002B,E01002474,864,248,101,147,616,489,127
2021,Hillingdon 001B,E01002475,732,198,78,120,534,445,89
2021,Hillingdon 001C,E01002476,756,219,114,105,537,409,128
2021,Hillingdon 001D,E01002477,618,181,84,97,437,338,99
2021,Hillingdon 002C,E01002478,776,191,85,106,585,447,138
2021,Hillingdon 004C,E01002479,872,239,98,141,633,553,80
2021,Hillingdon 004D,E01002480,912,237,101,136,675,550,125
2021,Hillingdon 004E,E01002481,765,209,68,141,556,480,76
2021,Hillingdon 001E,E01002482,808,204,89,115,604,454,150
2021,Hillingdon 002D,E01002483,960,270,103,167,690,585,105
2021,Hillingdon 002E,E01002484,683,189,81,108,494,406,88
2021,Hillingdon 002F,E01002485,1010,299,94,205,711,601,110
2021,Hillingdon 028A,E01002486,992,319,113,206,673,600,73
2021,Hillingdon 028B,E01002487,840,297,107,190,543,471,72
2021,Hillingdon 030B,E01002488,790,252,86,166,538,482,56
2021,Hillingdon 030C,E01002489,906,289,97,192,617,549,68
2021,Hillingdon 030D,E01002490,983,318,107,211,665,591,74
2021,Hillingdon 032D,E01002491,720,272,101,171,448,388,60
2021,Hillingdon 030E,E01002492,785,299,109,190,486,432,54
2021,Hillingdon 032E,E01002493,753,284,98,186,469,411,58
2021,Hillingdon 009C,E01002494,928,283,120,163,645,544,101
2021,Hillingdon 010E,E01002495,1019,256,90,166,763,638,125
2021,Hillingdon 033A,E01002496,1022,268,103,165,754,655,99
2021,Hillingdon 033B,E01002497,1271,291,107,184,980,840,140
2021,Hillingdon 033C,E01002498,694,181,65,116,513,440,73
2021,Hillingdon 033D,E01002499,1097,251,84,167,846,723,123
2021,Hillingdon 026B,E01002501,766,255,84,171,511,454,57
2021,Hillingdon 026C,E01002502,724,246,94,152,478,416,62
2021,Hillingdon 027C,E01002503,800,255,89,166,545,479,66
2021,Hillingdon 026D,E01002505,762,236,80,156,526,461,65
2021,Hillingdon 027E,E01002506,869,319,104,215,550,490,60
2021,Hillingdon 027F,E01002507,869,261,101,160,608,542,66
2021,Hillingdon 026E,E01002508,833,307,103,204,526,454,72
2021,Hillingdon 017D,E01002509,744,204,81,123,540,457,83
2021,Hillingdon 017E,E01002511,734,203,83,120,531,457,74
2021,Hillingdon 013C,E01002512,1041,259,86,173,782,681,101
2021,Hillingdon 013D,E01002513,651,162,55,107,489,418,71
2021,Hillingdon 015C,E01002514,1043,224,91,133,819,707,112
2021,Hillingdon 013E,E01002516,712,208,96,112,504,421,83
2021,Hillingdon 022C,E01002518,604,183,72,111,421,365,56
2021,Hillingdon 022D,E01002519,1012,232,88,144,780,682,98
2021,Hillingdon 016B,E01002520,978,249,97,152,729,623,106
2021,Hillingdon 016C,E01002521,957,261,115,146,696,607,89
2021,Hillingdon 016D,E01002523,783,197,80,117,586,496,90
2021,Hillingdon 029B,E01002525,889,215,80,135,674,576,98
2021,Hillingdon 028C,E01002526,1463,345,125,220,1118,944,174
2021,Hillingdon 031D,E01002527,735,180,67,113,555,473,82
2021,Hillingdon 028D,E01002528,808,229,80,149,579,502,77
2021,Hillingdon 029C,E01002529,1233,324,130,194,909,805,104
2021,Hillingdon 029D,E01002530,776,247,78,169,529,454,75
2021,Hillingdon 029E,E01002531,813,210,80,130,603,512,91
2021,Hillingdon 005A,E01002533,740,193,60,133,547,473,74
2021,Hillingdon 005B,E01002534,711,210,81,129,501,410,91
2021,Hillingdon 007E,E01002535,1193,249,104,145,944,732,212
2021,Hillingdon 009D,E01002536,740,168,74,94,572,484,88
2021,Hillingdon 009E,E01002537,1291,252,95,157,1039,859,180
2021,Hillingdon 005C,E01002538,765,193,71,122,572,475,97
2021,Hillingdon 005D,E01002539,767,214,80,134,553,459,94
2021,Hillingdon 020C,E01002540,773,236,87,149,537,476,61
2021,Hillingdon 023A,E01002541,1008,298,106,192,710,633,77
2021,Hillingdon 020D,E01002542,799,317,108,209,482,426,56
2021,Hillingdon 020E,E01002543,788,266,72,194,522,479,43
2021,Hillingdon 023B,E01002544,808,236,84,152,572,507,65
2021,Hillingdon 023C,E01002545,553,182,67,115,371,333,38
2021,Hillingdon 023D,E01002546,751,253,83,170,498,441,57
2021,Hillingdon 023E,E01002547,709,262,93,169,447,400,47
2021,Hillingdon 025A,E01002548,809,205,66,139,604,521,83
2021,Hillingdon 025B,E01002549,833,220,80,140,613,534,79
2021,Hillingdon 022E,E01002550,906,223,81,142,683,600,83
2021,Hillingdon 025C,E01002551,928,288,90,198,640,564,76
2021,Hillingdon 025D,E01002552,835,247,78,169,588,508,80
2021,Hillingdon 025E,E01002553,820,229,77,152,591,517,74
2021,Hounslow 022A,E01002555,1047,268,88,180,779,690,89
2021,Hounslow 022B,E01002556,910,298,116,182,612,552,60
2021,Hounslow 023A,E01002557,992,317,119,198,675,578,97
2021,Hounslow 023B,E01002558,985,315,120,195,670,593,77
2021,Hounslow 023C,E01002559,1272,418,147,271,854,742,112
2021,Hounslow 023D,E01002560,907,254,104,150,653,569,84
2021,Hounslow 023E,E01002561,768,207,78,129,561,512,49
2021,Hounslow 030D,E01002562,619,200,90,110,419,334,85
2021,Hounslow 006A,E01002563,993,260,121,139,733,584,149
2021,Hounslow 031E,E01002564,896,258,105,153,638,546,92
2021,Hounslow 006B,E01002565,1260,297,121,176,963,798,165
2021,Hounslow 006C,E01002567,998,279,113,166,719,581,138
2021,Hounslow 001A,E01002569,1147,239,108,131,908,661,247
2021,Hounslow 001B,E01002570,904,202,98,104,702,528,174
2021,Hounslow 007A,E01002571,649,145,66,79,504,356,148
2021,Hounslow 007B,E01002572,695,201,74,127,494,408,86
2021,Hounslow 001C,E01002573,799,223,101,122,576,396,180
2021,Hounslow 001D,E01002574,990,253,113,140,737,577,160
2021,Hounslow 001E,E01002575,854,193,102,91,661,452,209
2021,Hounslow 008A,E01002576,838,222,101,121,616,480,136
2021,Hounslow 007C,E01002577,938,221,83,138,717,546,171
2021,Hounslow 007D,E01002578,709,195,81,114,514,364,150
2021,Hounslow 008B,E01002579,799,233,109,124,566,389,177
2021,Hounslow 008C,E01002580,745,181,92,89,564,450,114
2021,Hounslow 008D,E01002581,1080,236,107,129,844,658,186
2021,Hounslow 008E,E01002582,887,230,115,115,657,480,177
2021,Hounslow 013A,E01002583,831,224,87,137,607,549,58
2021,Hounslow 013B,E01002584,972,327,105,222,645,581,64
2021,Hounslow 013C,E01002585,879,284,102,182,595,546,49
2021,Hounslow 013D,E01002586,910,276,92,184,634,561,73
2021,Hounslow 016A,E01002587,1065,330,141,189,735,633,102
2021,Hounslow 016B,E01002588,798,262,90,172,536,467,69
2021,Hounslow 013E,E01002589,1122,359,130,229,763,679,84
2021,Hounslow 022C,E01002590,1109,303,109,194,806,716,90
2021,Hounslow 024A,E01002591,962,253,96,157,709,613,96
2021,Hounslow 022D,E01002592,979,295,111,184,684,612,72
2021,Hounslow 024B,E01002593,1101,352,139,213,749,664,85
2021,Hounslow 024C,E01002594,1085,305,101,204,780,692,88
2021,Hounslow 022E,E01002595,1037,324,126,198,713,634,79
2021,Hounslow 027A,E01002596,1011,266,103,163,745,649,96
2021,Hounslow 025B,E01002598,978,296,97,199,682,614,68
2021,Hounslow 025C,E01002599,750,216,73,143,534,477,57
2021,Hounslow 025D,E01002600,786,235,88,147,551,481,70
2021,Hounslow 027B,E01002601,952,272,96,176,680,596,84
2021,Hounslow 027C,E01002602,786,204,60,144,582,495,87
2021,Hounslow 025E,E01002603,965,269,107,162,696,625,71
2021,Hounslow 026A,E01002604,682,243,81,162,439,403,36
2021,Hounslow 026B,E01002605,1043,335,118,217,708,597,111
2021,Hounslow 026C,E01002606,701,238,90,148,463,418,45
2021,Hounslow 026D,E01002607,1230,460,160,300,770,689,81
2021,Hounslow 028A,E01002608,848,274,100,174,574,499,75
2021,Hounslow 028B,E01002609,869,261,103,158,608,520,88
2021,Hounslow 028C,E01002610,716,250,88,162,466,395,71
2021,Hounslow 024D,E01002611,987,291,93,198,696,624,72
2021,Hounslow 024E,E01002612,1062,294,122,172,768,669,99
2021,Hounslow 024F,E01002613,939,307,120,187,632,554,78
2021,Hounslow 027D,E01002614,1063,289,117,172,774,676,98
2021,Hounslow 026E,E01002615,666,224,83,141,442,391,51
2021,Hounslow 027E,E01002616,789,205,79,126,584,525,59
2021,Hounslow 028D,E01002617,861,254,97,157,607,509,98
2021,Hounslow 011A,E01002618,906,287,104,183,619,558,61
2021,Hounslow 010A,E01002619,911,303,112,191,608,528,80
2021,Hounslow 004A,E01002620,1217,419,155,264,798,734,64
2021,Hounslow 011B,E01002621,931,318,121,197,613,550,63
2021,Hounslow 010B,E01002622,855,249,88,161,606,544,62
2021,Hounslow 011C,E01002623,840,257,91,166,583,521,62
2021,Hounslow 017A,E01002624,802,276,122,154,526,475,51
2021,Hounslow 004B,E01002625,760,261,99,162,499,448,51
2021,Hounslow 004C,E01002626,764,236,91,145,528,454,74
2021,Hounslow 004D,E01002627,697,250,92,158,447,401,46
2021,Hounslow 011D,E01002628,973,354,154,200,619,549,70
2021,Hounslow 011E,E01002629,1266,340,137,203,926,832,94
2021,Hounslow 012A,E01002630,997,417,160,257,580,498,82
2021,Hounslow 004E,E01002631,767,254,90,164,513,451,62
2021,Hounslow 010C,E01002632,850,262,99,163,588,543,45
2021,Hounslow 005A,E01002633,858,337,128,209,521,462,59
2021,Hounslow 005B,E01002634,673,287,95,192,386,341,45
2021,Hounslow 010D,E01002635,920,308,103,205,612,528,84
2021,Hounslow 010E,E01002636,961,320,104,216,641,586,55
2021,Hounslow 005C,E01002637,795,334,107,227,461,413,48
2021,Hounslow 005D,E01002638,919,354,132,222,565,488,77
2021,Hounslow 012B,E01002639,884,262,99,163,622,547,75
2021,Hounslow 012C,E01002640,1184,380,160,220,804,731,73
2021,Hounslow 018A,E01002641,1327,359,146,213,968,875,93
2021,Hounslow 015B,E01002643,1251,356,134,222,895,784,111
2021,Hounslow 015C,E01002645,1099,330,128,202,769,691,78
2021,Hounslow 017B,E01002646,944,331,118,213,613,557,56
2021,Hounslow 021A,E01002647,936,307,131,176,629,549,80
2021,Hounslow 018D,E01002649,997,303,147,156,694,623,71
2021,Hounslow 021B,E01002650,1130,360,130,230,770,695,75
2021,Hounslow 021C,E01002651,898,306,140,166,592,533,59
2021,Hounslow 021D,E01002652,937,283,116,167,654,575,79
2021,Hounslow 019A,E01002653,940,283,103,180,657,580,77
2021,Hounslow 019B,E01002654,967,280,106,174,687,595,92
2021,Hounslow 019C,E01002655,913,267,102,165,646,560,86
2021,Hounslow 019D,E01002656,728,209,70,139,519,452,67
2021,Hounslow 018E,E01002657,997,285,106,179,712,613,99
2021,Hounslow 015D,E01002658,716,194,87,107,522,422,100
2021,Hounslow 019E,E01002659,758,216,82,134,542,471,71
2021,Hounslow 016C,E01002660,1005,316,118,198,689,604,85
2021,Hounslow 016D,E01002661,1145,361,128,233,784,721,63
2021,Hounslow 017C,E01002662,1344,376,152,224,968,868,100
2021,Hounslow 017D,E01002663,957,336,121,215,621,550,71
2021,Hounslow 016E,E01002665,775,264,85,179,511,453,58
2021,Hounslow 021E,E01002666,918,245,98,147,673,563,110
2021,Hounslow 020A,E01002667,1091,273,108,165,818,663,155
2021,Hounslow 014A,E01002668,1146,262,113,149,884,762,122
2021,Hounslow 014B,E01002669,931,283,95,188,648,565,83
2021,Hounslow 020B,E01002670,984,272,104,168,712,581,131
2021,Hounslow 020C,E01002671,858,249,86,163,609,504,105
2021,Hounslow 020D,E01002672,808,235,89,146,573,506,67
2021,Hounslow 020E,E01002673,528,224,71,153,304,271,33
2021,Hounslow 012D,E01002674,1073,286,125,161,787,675,112
2021,Hounslow 009A,E01002675,1330,358,125,233,972,834,138
2021,Hounslow 012E,E01002676,866,214,96,118,652,532,120
2021,Hounslow 015E,E01002677,1166,266,102,164,900,735,165
2021,Hounslow 009B,E01002678,1053,294,119,175,759,635,124
2021,Hounslow 009C,E01002679,952,259,108,151,693,585,108
2021,Hounslow 009D,E01002680,1077,250,107,143,827,694,133
2021,Hounslow 014C,E01002681,1226,337,126,211,889,764,125
2021,Hounslow 014D,E01002682,1200,301,100,201,899,780,119
2021,Hounslow 006E,E01002686,776,260,92,168,516,441,75
2021,Hounslow 029A,E01002687,933,196,81,115,737,579,158
2021,Hounslow 007E,E01002689,742,203,90,113,539,382,157
2021,Hounslow 007F,E01002690,704,192,88,104,512,338,174
2021,Hounslow 029B,E01002691,872,227,106,121,645,517,128
2021,Hounslow 029C,E01002692,1174,214,92,122,960,736,224
2021,Hounslow 029D,E01002693,876,168,90,78,708,543,165
2021,Islington 019A,E01002694,730,266,84,182,464,383,81
2021,Islington 021A,E01002695,906,183,76,107,723,560,163
2021,Islington 020A,E01002696,1080,172,81,91,908,643,265
2021,Islington 019B,E01002697,915,290,126,164,625,544,81
2021,Islington 017A,E01002698,1267,176,90,86,1091,721,370
2021,Islington 017B,E01002699,860,209,80,129,651,453,198
2021,Islington 017C,E01002700,733,147,65,82,586,363,223
2021,Islington 023A,E01002701,685,175,70,105,510,400,110
2021,Islington 023B,E01002702,1108,278,110,168,830,616,214
2021,Islington 023C,E01002703,1210,269,111,158,941,669,272
2021,Islington 023D,E01002704,1206,280,110,170,926,606,320
2021,Islington 023E,E01002706,992,250,89,161,742,532,210
2021,Islington 022B,E01002707,1002,192,83,109,810,591,219
2021,Islington 015A,E01002708,1084,248,113,135,836,655,181
2021,Islington 019C,E01002709,818,204,97,107,614,503,111
2021,Islington 019D,E01002710,739,224,93,131,515,407,108
2021,Islington 021B,E01002711,1001,240,112,128,761,569,192
2021,Islington 015B,E01002712,775,153,69,84,622,496,126
2021,Islington 015C,E01002713,1088,270,99,171,818,664,154
2021,Islington 017D,E01002714,947,212,98,114,735,495,240
2021,Islington 019E,E01002715,689,245,95,150,444,356,88
2021,Islington 014A,E01002716,1081,288,102,186,793,651,142
2021,Islington 016A,E01002717,629,144,66,78,485,356,129
2021,Islington 014B,E01002718,987,185,72,113,802,557,245
2021,Islington 016B,E01002719,824,158,69,89,666,432,234
2021,Islington 016C,E01002720,937,265,96,169,672,532,140
2021,Islington 014C,E01002721,960,163,66,97,797,556,241
2021,Islington 018A,E01002722,753,147,59,88,606,475,131
2021,Islington 022C,E01002723,728,168,76,92,560,437,123
2021,Islington 022D,E01002724,1100,206,102,104,894,589,305
2021,Islington 022E,E01002725,582,188,74,114,394,307,87
2021,Islington 022F,E01002726,828,182,74,108,646,468,178
2021,Islington 021C,E01002727,926,173,74,99,753,517,236
2021,Islington 021D,E01002728,473,146,73,73,327,255,72
2021,Islington 021E,E01002729,767,182,72,110,585,423,162
2021,Islington 007A,E01002730,1028,245,101,144,783,640,143
2021,Islington 005A,E01002732,782,240,94,146,542,475,67
2021,Islington 007C,E01002733,868,163,65,98,705,574,131
2021,Islington 005B,E01002734,1065,334,136,198,731,642,89
2021,Islington 003A,E01002735,1653,369,164,205,1284,1024,260
2021,Islington 005C,E01002736,522,201,80,121,321,272,49
2021,Islington 005D,E01002737,836,270,105,165,566,479,87
2021,Islington 009A,E01002738,1011,225,110,115,786,575,211
2021,Islington 013A,E01002739,1051,211,86,125,840,624,216
2021,Islington 013B,E01002740,1393,229,95,134,1164,806,358
2021,Islington 009B,E01002741,701,216,64,152,485,419,66
2021,Islington 006A,E01002742,1170,283,128,155,887,657,230
2021,Islington 009C,E01002743,863,177,64,113,686,518,168
2021,Islington 009D,E01002744,823,174,71,103,649,484,165
2021,Islington 013C,E01002745,867,189,84,105,678,491,187
2021,Islington 006B,E01002747,890,193,74,119,697,524,173
2021,Islington 006C,E01002748,834,227,88,139,607,480,127
2021,Islington 006D,E01002749,787,187,69,118,600,483,117
2021,Islington 005E,E01002751,844,257,95,162,587,480,107
2021,Islington 009E,E01002752,926,204,93,111,722,542,180
2021,Islington 002A,E01002753,767,212,95,117,555,474,81
2021,Islington 002B,E01002754,812,234,96,138,578,427,151
2021,Islington 001A,E01002755,610,188,75,113,422,359,63
2021,Islington 001B,E01002756,742,178,65,113,564,435,129
2021,Islington 002C,E01002757,687,190,73,117,497,396,101
2021,Islington 001C,E01002758,752,251,102,149,501,442,59
2021,Islington 002D,E01002759,777,189,81,108,588,450,138
2021,Islington 002E,E01002760,770,247,83,164,523,443,80
2021,Islington 011C,E01002762,1167,243,119,124,924,708,216
2021,Islington 007D,E01002763,680,181,80,101,499,412,87
2021,Islington 010A,E01002764,870,282,105,177,588,478,110
2021,Islington 015D,E01002765,1231,322,137,185,909,748,161
2021,Islington 015E,E01002766,1048,290,119,171,758,610,148
2021,Islington 011D,E01002767,1088,280,101,179,808,652,156
2021,Islington 004A,E01002768,897,193,69,124,704,586,118
2021,Islington 008A,E01002769,906,243,103,140,663,519,144
2021,Islington 004B,E01002770,1062,210,98,112,852,678,174
2021,Islington 004C,E01002771,855,270,102,168,585,483,102
2021,Islington 002F,E01002772,1101,251,104,147,850,697,153
2021,Islington 004D,E01002773,684,282,132,150,402,333,69
2021,Islington 004E,E01002774,1270,323,115,208,947,791,156
2021,Islington 014D,E01002775,906,159,66,93,747,540,207
2021,Islington 014E,E01002776,1020,207,75,132,813,596,217
2021,Islington 012A,E01002777,1005,202,72,130,803,610,193
2021,Islington 012B,E01002778,820,255,73,182,565,470,95
2021,Islington 012C,E01002779,1020,281,134,147,739,571,168
2021,Islington 014F,E01002780,996,187,75,112,809,648,161
2021,Islington 012D,E01002781,960,268,125,143,692,550,142
2021,Islington 012E,E01002782,622,220,78,142,402,336,66
2021,Islington 010B,E01002783,759,214,97,117,545,447,98
2021,Islington 010C,E01002784,831,225,88,137,606,516,90
2021,Islington 008B,E01002785,1072,259,114,145,813,623,190
2021,Islington 010D,E01002786,978,246,103,143,732,594,138
2021,Islington 010E,E01002787,773,198,69,129,575,485,90
2021,Islington 008C,E01002788,1111,235,101,134,876,671,205
2021,Islington 008D,E01002789,1060,261,110,151,799,598,201
2021,Islington 016D,E01002790,618,153,65,88,465,393,72
2021,Islington 016E,E01002791,1053,183,74,109,870,604,266
2021,Islington 017E,E01002792,1131,206,94,112,925,600,325
2021,Islington 016F,E01002793,994,225,88,137,769,588,181
2021,Islington 020B,E01002794,1294,194,93,101,1100,717,383
2021,Islington 013D,E01002795,1108,253,99,154,855,647,208
2021,Islington 013E,E01002796,574,114,49,65,460,342,118
2021,Islington 018B,E01002797,955,204,75,129,751,575,176
2021,Islington 018C,E01002798,1152,209,94,115,943,637,306
2021,Islington 018D,E01002799,901,248,86,162,653,512,141
2021,Islington 018E,E01002800,907,211,83,128,696,501,195
2021,Islington 020C,E01002801,908,152,61,91,756,482,274
2021,Islington 020D,E01002802,1035,228,86,142,807,528,279
2021,Islington 001D,E01002804,752,207,84,123,545,470,75
2021,Islington 003B,E01002805,958,195,82,113,763,612,151
2021,Islington 003C,E01002806,934,199,84,115,735,591,144
2021,Islington 001E,E01002807,827,207,88,119,620,538,82
2021,Islington 003D,E01002808,1073,269,108,161,804,664,140
2021,Islington 003E,E01002809,935,231,90,141,704,591,113
2021,Islington 003F,E01002810,920,237,94,143,683,562,121
2021,Islington 001F,E01002811,849,247,102,145,602,514,88
2021,Kensington and Chelsea 013A,E01002812,748,119,54,65,629,373,256
2021,Kensington and Chelsea 011A,E01002813,804,178,76,102,626,372,254
2021,Kensington and Chelsea 015A,E01002814,931,280,125,155,651,468,183
2021,Kensington and Chelsea 011B,E01002815,604,146,69,77,458,305,153
2021,Kensington and Chelsea 011C,E01002816,540,113,54,59,427,272,155
2021,Kensington and Chelsea 011D,E01002817,644,192,70,122,452,274,178
2021,Kensington and Chelsea 012A,E01002818,644,149,73,76,495,255,240
2021,Kensington and Chelsea 012B,E01002819,532,103,63,40,429,208,221
2021,Kensington and Chelsea 014A,E01002821,552,119,47,72,433,254,179
2021,Kensington and Chelsea 014B,E01002823,506,170,64,106,336,239,97
2021,Kensington and Chelsea 008A,E01002824,643,187,104,83,456,250,206
2021,Kensington and Chelsea 008B,E01002825,763,188,91,97,575,311,264
2021,Kensington and Chelsea 008C,E01002826,650,132,57,75,518,315,203
2021,Kensington and Chelsea 008D,E01002827,942,187,86,101,755,420,335
2021,Kensington and Chelsea 008E,E01002828,616,152,75,77,464,268,196
2021,Kensington and Chelsea 004A,E01002829,737,222,100,122,515,348,167
2021,Kensington and Chelsea 004B,E01002830,875,268,104,164,607,454,153
2021,Kensington and Chelsea 004C,E01002831,857,238,95,143,619,453,166
2021,Kensington and Chelsea 004D,E01002832,871,244,105,139,627,444,183
2021,Kensington and Chelsea 007A,E01002833,720,151,80,71,569,338,231
2021,Kensington and Chelsea 013B,E01002834,627,110,53,57,517,278,239
2021,Kensington and Chelsea 016C,E01002835,724,128,55,73,596,312,284
2021,Kensington and Chelsea 016D,E01002836,725,144,71,73,581,293,288
2021,Kensington and Chelsea 016E,E01002837,567,109,41,68,458,234,224
2021,Kensington and Chelsea 013C,E01002839,785,175,78,97,610,380,230
2021,Kensington and Chelsea 021A,E01002840,410,172,78,94,238,178,60
2021,Kensington and Chelsea 021B,E01002841,640,169,70,99,471,319,152
2021,Kensington and Chelsea 021C,E01002842,335,141,45,96,194,170,24
2021,Kensington and Chelsea 021D,E01002843,481,172,65,107,309,259,50
2021,Kensington and Chelsea 019A,E01002844,560,122,60,62,438,254,184
2021,Kensington and Chelsea 019B,E01002845,535,110,54,56,425,255,170
2021,Kensington and Chelsea 017A,E01002846,654,123,52,71,531,380,151
2021,Kensington and Chelsea 015B,E01002847,791,163,89,74,628,409,219
2021,Kensington and Chelsea 015C,E01002848,716,141,61,80,575,375,200
2021,Kensington and Chelsea 017B,E01002849,773,160,88,72,613,370,243
2021,Kensington and Chelsea 013D,E01002850,731,154,65,89,577,404,173
2021,Kensington and Chelsea 015D,E01002851,585,164,77,87,421,307,114
2021,Kensington and Chelsea 001A,E01002852,883,308,134,174,575,472,103
2021,Kensington and Chelsea 001B,E01002853,659,179,64,115,480,389,91
2021,Kensington and Chelsea 001C,E01002854,482,203,68,135,279,233,46
2021,Kensington and Chelsea 001D,E01002855,673,270,99,171,403,330,73
2021,Kensington and Chelsea 004E,E01002856,697,170,70,100,527,397,130
2021,Kensington and Chelsea 001E,E01002857,651,238,88,150,413,345,68
2021,Kensington and Chelsea 014C,E01002858,638,205,89,116,433,317,116
2021,Kensington and Chelsea 012C,E01002859,677,144,67,77,533,274,259
2021,Kensington and Chelsea 012D,E01002860,560,114,44,70,446,222,224
2021,Kensington and Chelsea 014D,E01002861,592,157,58,99,435,250,185
2021,Kensington and Chelsea 014E,E01002862,489,111,65,46,378,289,89
2021,Kensington and Chelsea 012E,E01002863,560,144,81,63,416,241,175
2021,Kensington and Chelsea 009A,E01002864,624,161,84,77,463,289,174
2021,Kensington and Chelsea 011E,E01002865,665,133,58,75,532,273,259
2021,Kensington and Chelsea 009B,E01002866,920,241,88,153,679,488,191
2021,Kensington and Chelsea 009C,E01002867,871,186,84,102,685,500,185
2021,Kensington and Chelsea 009D,E01002868,621,152,60,92,469,250,219
2021,Kensington and Chelsea 009E,E01002869,815,183,84,99,632,425,207
2021,Kensington and Chelsea 005A,E01002870,677,228,99,129,449,388,61
2021,Kensington and Chelsea 007B,E01002871,755,174,71,103,581,319,262
2021,Kensington and Chelsea 005B,E01002872,538,167,69,98,371,266,105
2021,Kensington and Chelsea 007C,E01002873,704,211,82,129,493,306,187
2021,Kensington and Chelsea 007D,E01002874,625,154,65,89,471,307,164
2021,Kensington and Chelsea 007E,E01002875,649,128,57,71,521,275,246
2021,Kensington and Chelsea 003A,E01002876,803,244,98,146,559,399,160
2021,Kensington and Chelsea 003B,E01002877,930,355,141,214,575,461,114
2021,Kensington and Chelsea 003C,E01002878,745,140,58,82,605,459,146
2021,Kensington and Chelsea 005C,E01002879,735,256,98,158,479,422,57
2021,Kensington and Chelsea 005D,E01002880,417,170,70,100,247,204,43
2021,Kensington and Chelsea 005E,E01002881,570,202,75,127,368,286,82
2021,Kensington and Chelsea 006A,E01002882,508,131,58,73,377,219,158
2021,Kensington and Chelsea 006B,E01002883,744,172,78,94,572,334,238
2021,Kensington and Chelsea 006C,E01002884,734,176,72,104,558,385,173
2021,Kensington and Chelsea 006D,E01002885,845,173,83,90,672,390,282
2021,Kensington and Chelsea 006E,E01002886,691,146,72,74,545,308,237
2021,Kensington and Chelsea 010A,E01002887,581,113,59,54,468,262,206
2021,Kensington and Chelsea 013E,E01002888,753,156,79,77,597,345,252
2021,Kensington and Chelsea 010B,E01002889,671,172,59,113,499,282,217
2021,Kensington and Chelsea 010C,E01002890,581,122,60,62,459,239,220
2021,Kensington and Chelsea 010D,E01002891,588,118,50,68,470,278,192
2021,Kensington and Chelsea 010E,E01002892,633,146,77,69,487,278,209
2021,Kensington and Chelsea 017C,E01002893,870,196,75,121,674,427,247
2021,Kensington and Chelsea 017D,E01002894,697,126,61,65,571,330,241
2021,Kensington and Chelsea 020C,E01002896,895,171,84,87,724,390,334
2021,Kensington and Chelsea 020D,E01002897,860,204,60,144,656,388,268
2021,Kensington and Chelsea 017E,E01002898,731,162,70,92,569,304,265
2021,Kensington and Chelsea 018A,E01002899,551,154,74,80,397,249,148
2021,Kensington and Chelsea 018B,E01002900,1024,262,129,133,762,471,291
2021,Kensington and Chelsea 018C,E01002901,419,97,42,55,322,178,144
2021,Kensington and Chelsea 018D,E01002902,638,145,58,87,493,282,211
2021,Kensington and Chelsea 018E,E01002903,628,161,79,82,467,245,222
2021,Kensington and Chelsea 002A,E01002904,463,183,62,121,280,252,28
2021,Kensington and Chelsea 002B,E01002905,650,203,63,140,447,366,81
2021,Kensington and Chelsea 002C,E01002906,778,260,111,149,518,412,106
2021,Kensington and Chelsea 002D,E01002907,412,178,64,114,234,195,39
2021,Kensington and Chelsea 003D,E01002908,695,209,79,130,486,359,127
2021,Kensington and Chelsea 003E,E01002909,1185,290,114,176,895,653,242
2021,Kensington and Chelsea 019C,E01002910,638,134,58,76,504,267,237
2021,Kensington and Chelsea 019D,E01002911,679,163,72,91,516,293,223
2021,Kensington and Chelsea 020E,E01002912,809,180,71,109,629,424,205
2021,Kensington and Chelsea 021E,E01002913,874,204,99,105,670,408,262
2021,Kensington and Chelsea 019E,E01002914,548,117,63,54,431,225,206
2021,Kingston upon Thames 014A,E01002915,633,209,86,123,424,364,60
2021,Kingston upon Thames 014B,E01002916,676,191,70,121,485,400,85
2021,Kingston upon Thames 014C,E01002917,692,219,78,141,473,384,89
2021,Kingston upon Thames 017A,E01002918,947,307,83,224,640,563,77
2021,Kingston upon Thames 017B,E01002919,978,343,121,222,635,540,95
2021,Kingston upon Thames 014D,E01002920,789,214,82,132,575,458,117
2021,Kingston upon Thames 011A,E01002921,1074,240,86,154,834,707,127
2021,Kingston upon Thames 010A,E01002922,829,210,74,136,619,488,131
2021,Kingston upon Thames 013A,E01002923,777,252,113,139,525,452,73
2021,Kingston upon Thames 014E,E01002924,720,194,72,122,526,421,105
2021,Kingston upon Thames 013B,E01002925,1002,200,74,126,802,658,144
2021,Kingston upon Thames 010B,E01002926,818,240,97,143,578,485,93
2021,Kingston upon Thames 008A,E01002927,802,232,82,150,570,482,88
2021,Kingston upon Thames 008B,E01002928,921,300,128,172,621,502,119
2021,Kingston upon Thames 007A,E01002929,805,230,107,123,575,452,123
2021,Kingston upon Thames 007B,E01002930,1050,301,133,168,749,627,122
2021,Kingston upon Thames 007C,E01002931,978,260,93,167,718,594,124
2021,Kingston upon Thames 006A,E01002932,838,320,119,201,518,451,67
2021,Kingston upon Thames 004A,E01002933,966,263,103,160,703,568,135
2021,Kingston upon Thames 004B,E01002934,953,217,77,140,736,560,176
2021,Kingston upon Thames 003A,E01002935,1046,242,90,152,804,658,146
2021,Kingston upon Thames 004D,E01002937,949,224,75,149,725,568,157
2021,Kingston upon Thames 003B,E01002938,1001,282,114,168,719,543,176
2021,Kingston upon Thames 018A,E01002939,836,265,102,163,571,503,68
2021,Kingston upon Thames 020A,E01002940,806,255,78,177,551,485,66
2021,Kingston upon Thames 018B,E01002941,839,260,100,160,579,500,79
2021,Kingston upon Thames 018C,E01002942,686,215,93,122,471,399,72
2021,Kingston upon Thames 020B,E01002943,760,243,77,166,517,438,79
2021,Kingston upon Thames 019A,E01002944,696,178,68,110,518,443,75
2021,Kingston upon Thames 019B,E01002945,896,240,56,184,656,571,85
2021,Kingston upon Thames 019C,E01002946,820,218,69,149,602,532,70
2021,Kingston upon Thames 019D,E01002947,886,256,82,174,630,538,92
2021,Kingston upon Thames 020C,E01002948,1141,334,121,213,807,664,143
2021,Kingston upon Thames 020D,E01002949,954,282,88,194,672,592,80
2021,Kingston upon Thames 020E,E01002950,826,230,73,157,596,532,64
2021,Kingston upon Thames 003C,E01002951,739,198,79,119,541,419,122
2021,Kingston upon Thames 002A,E01002952,564,189,86,103,375,238,137
2021,Kingston upon Thames 002B,E01002953,594,183,83,100,411,285,126
2021,Kingston upon Thames 003D,E01002954,662,145,60,85,517,448,69
2021,Kingston upon Thames 002C,E01002955,714,236,97,139,478,390,88
2021,Kingston upon Thames 002D,E01002956,530,207,80,127,323,241,82
2021,Kingston upon Thames 003E,E01002957,760,253,111,142,507,441,66
2021,Kingston upon Thames 008C,E01002958,918,248,94,154,670,548,122
2021,Kingston upon Thames 002E,E01002959,615,184,75,109,431,287,144
2021,Kingston upon Thames 006B,E01002960,802,208,82,126,594,479,115
2021,Kingston upon Thames 008D,E01002961,844,232,96,136,612,480,132
2021,Kingston upon Thames 006C,E01002962,769,257,106,151,512,426,86
2021,Kingston upon Thames 007D,E01002963,960,274,124,150,686,579,107
2021,Kingston upon Thames 005A,E01002964,1125,351,160,191,774,640,134
2021,Kingston upon Thames 009A,E01002965,1207,358,155,203,849,704,145
2021,Kingston upon Thames 010C,E01002966,1057,251,107,144,806,663,143
2021,Kingston upon Thames 009B,E01002967,1105,226,98,128,879,707,172
2021,Kingston upon Thames 009C,E01002968,1496,445,214,231,1051,853,198
2021,Kingston upon Thames 005B,E01002969,642,272,109,163,370,339,31
2021,Kingston upon Thames 006D,E01002970,896,269,94,175,627,541,86
2021,Kingston upon Thames 005C,E01002971,964,262,108,154,702,596,106
2021,Kingston upon Thames 005D,E01002972,1034,288,133,155,746,629,117
2021,Kingston upon Thames 006E,E01002973,693,220,86,134,473,413,60
2021,Kingston upon Thames 005E,E01002974,963,293,126,167,670,570,100
2021,Kingston upon Thames 012A,E01002975,671,237,103,134,434,363,71
2021,Kingston upon Thames 015A,E01002976,889,227,74,153,662,562,100
2021,Kingston upon Thames 012B,E01002977,749,251,91,160,498,435,63
2021,Kingston upon Thames 015B,E01002978,905,262,116,146,643,539,104
2021,Kingston upon Thames 015C,E01002979,723,207,85,122,516,442,74
2021,Kingston upon Thames 012C,E01002980,660,215,84,131,445,345,100
2021,Kingston upon Thames 012D,E01002981,755,239,94,145,516,424,92
2021,Kingston upon Thames 015D,E01002982,694,209,91,118,485,399,86
2021,Kingston upon Thames 015E,E01002983,814,229,87,142,585,453,132
2021,Kingston upon Thames 012E,E01002984,611,195,80,115,416,336,80
2021,Kingston upon Thames 007E,E01002985,854,307,95,212,547,466,81
2021,Kingston upon Thames 008E,E01002986,576,175,67,108,401,318,83
2021,Kingston upon Thames 011B,E01002987,1183,267,105,162,916,775,141
2021,Kingston upon Thames 011C,E01002988,820,215,125,90,605,487,118
2021,Kingston upon Thames 011D,E01002989,1237,217,102,115,1020,791,229
2021,Kingston upon Thames 009D,E01002990,1126,207,85,122,919,745,174
2021,Kingston upon Thames 009E,E01002991,913,214,101,113,699,547,152
2021,Kingston upon Thames 010D,E01002992,654,212,109,103,442,362,80
2021,Kingston upon Thames 013C,E01002993,938,189,78,111,749,638,111
2021,Kingston upon Thames 016A,E01002994,709,171,52,119,538,421,117
2021,Kingston upon Thames 013D,E01002995,822,179,74,105,643,481,162
2021,Kingston upon Thames 016B,E01002996,809,195,67,128,614,504,110
2021,Kingston upon Thames 016C,E01002997,844,194,80,114,650,526,124
2021,Kingston upon Thames 016D,E01002998,791,210,69,141,581,480,101
2021,Kingston upon Thames 013E,E01002999,917,218,78,140,699,595,104
2021,Kingston upon Thames 017C,E01003000,921,264,83,181,657,552,105
2021,Kingston upon Thames 017D,E01003001,988,314,107,207,674,575,99
2021,Kingston upon Thames 016E,E01003002,973,265,112,153,708,590,118
2021,Kingston upon Thames 017E,E01003003,865,265,97,168,600,501,99
2021,Kingston upon Thames 018D,E01003004,870,236,90,146,634,552,82
2021,Kingston upon Thames 018E,E01003005,818,221,69,152,597,508,89
2021,Kingston upon Thames 001A,E01003006,707,198,76,122,509,405,104
2021,Kingston upon Thames 001B,E01003007,743,228,104,124,515,386,129
2021,Kingston upon Thames 001C,E01003008,683,190,85,105,493,386,107
2021,Kingston upon Thames 001D,E01003009,966,298,111,187,668,541,127
2021,Kingston upon Thames 001E,E01003010,734,241,109,132,493,376,117
2021,Kingston upon Thames 004E,E01003011,798,223,86,137,575,452,123
2021,Lambeth 036A,E01003013,935,168,88,80,767,561,206
2021,Lambeth 036B,E01003014,717,214,98,116,503,406,97
2021,Lambeth 002A,E01003015,887,237,85,152,650,536,114
2021,Lambeth 036C,E01003016,526,141,87,54,385,271,114
2021,Lambeth 036D,E01003017,843,212,97,115,631,458,173
2021,Lambeth 020A,E01003018,1454,256,99,157,1198,957,241
2021,Lambeth 015A,E01003019,1465,195,86,109,1270,1014,256
2021,Lambeth 016A,E01003020,1119,225,76,149,894,714,180
2021,Lambeth 021A,E01003021,825,214,98,116,611,486,125
2021,Lambeth 021B,E01003022,1046,198,66,132,848,683,165
2021,Lambeth 021C,E01003023,1664,406,178,228,1258,1072,186
2021,Lambeth 021D,E01003024,1022,319,115,204,703,613,90
2021,Lambeth 021E,E01003025,1193,313,103,210,880,757,123
2021,Lambeth 019A,E01003026,1045,179,83,96,866,639,227
2021,Lambeth 019B,E01003027,866,134,63,71,732,478,254
2021,Lambeth 019C,E01003028,909,154,62,92,755,559,196
2021,Lambeth 017A,E01003029,1249,188,83,105,1061,814,247
2021,Lambeth 019D,E01003030,1265,144,51,93,1121,805,316
2021,Lambeth 023A,E01003031,974,171,78,93,803,639,164
2021,Lambeth 017B,E01003032,1010,192,78,114,818,638,180
2021,Lambeth 019E,E01003033,932,159,64,95,773,556,217
2021,Lambeth 012A,E01003034,977,206,86,120,771,595,176
2021,Lambeth 012B,E01003035,1161,190,77,113,971,758,213
2021,Lambeth 012C,E01003036,1160,231,73,158,929,727,202
2021,Lambeth 013A,E01003037,775,177,65,112,598,495,103
2021,Lambeth 013B,E01003038,1159,159,66,93,1000,715,285
2021,Lambeth 013C,E01003039,1407,179,78,101,1228,843,385
2021,Lambeth 013D,E01003040,798,115,58,57,683,495,188
2021,Lambeth 017C,E01003041,831,184,65,119,647,520,127
2021,Lambeth 013E,E01003042,692,134,56,78,558,446,112
2021,Lambeth 018A,E01003043,1019,188,73,115,831,646,185
2021,Lambeth 018B,E01003044,648,174,68,106,474,411,63
2021,Lambeth 011A,E01003045,828,328,93,235,500,421,79
2021,Lambeth 009A,E01003046,843,261,90,171,582,517,65
2021,Lambeth 011B,E01003047,1063,251,93,158,812,672,140
2021,Lambeth 009B,E01003048,837,338,118,220,499,448,51
2021,Lambeth 011C,E01003049,947,289,111,178,658,537,121
2021,Lambeth 016B,E01003050,1087,186,68,118,901,736,165
2021,Lambeth 018C,E01003051,1312,275,98,177,1037,854,183
2021,Lambeth 016C,E01003052,1052,342,133,209,710,623,87
2021,Lambeth 015B,E01003053,1289,222,67,155,1067,852,215
2021,Lambeth 015C,E01003054,1726,164,71,93,1562,1220,342
2021,Lambeth 016D,E01003055,1011,171,68,103,840,675,165
2021,Lambeth 015D,E01003056,1230,202,80,122,1028,809,219
2021,Lambeth 017D,E01003057,949,203,90,113,746,623,123
2021,Lambeth 015E,E01003058,1417,190,77,113,1227,959,268
2021,Lambeth 011D,E01003059,1260,356,158,198,904,788,116
2021,Lambeth 011E,E01003060,951,237,87,150,714,620,94
2021,Lambeth 011F,E01003061,846,208,71,137,638,515,123
2021,Lambeth 033A,E01003062,1164,263,91,172,901,743,158
2021,Lambeth 033B,E01003063,672,181,65,116,491,420,71
2021,Lambeth 028A,E01003064,846,221,83,138,625,484,141
2021,Lambeth 031A,E01003065,719,244,104,140,475,421,54
2021,Lambeth 028B,E01003066,897,269,110,159,628,561,67
2021,Lambeth 033C,E01003067,810,207,82,125,603,460,143
2021,Lambeth 031B,E01003068,779,191,65,126,588,484,104
2021,Lambeth 033D,E01003069,644,181,61,120,463,386,77
2021,Lambeth 033E,E01003070,714,220,78,142,494,419,75
2021,Lambeth 018D,E01003071,1522,296,111,185,1226,982,244
2021,Lambeth 014A,E01003072,973,210,98,112,763,553,210
2021,Lambeth 014B,E01003073,821,216,80,136,605,503,102
2021,Lambeth 018E,E01003074,1568,357,164,193,1211,954,257
2021,Lambeth 009C,E01003075,817,300,103,197,517,460,57
2021,Lambeth 014C,E01003076,1624,404,160,244,1220,1053,167
2021,Lambeth 014D,E01003077,1212,260,102,158,952,778,174
2021,Lambeth 014E,E01003078,935,222,88,134,713,548,165
2021,Lambeth 027A,E01003079,918,265,108,157,653,546,107
2021,Lambeth 027B,E01003080,924,221,84,137,703,602,101
2021,Lambeth 028C,E01003081,998,266,88,178,732,602,130
2021,Lambeth 031C,E01003082,686,159,62,97,527,448,79
2021,Lambeth 030A,E01003083,784,233,95,138,551,425,126
2021,Lambeth 030B,E01003084,865,231,93,138,634,505,129
2021,Lambeth 030C,E01003085,867,261,94,167,606,482,124
2021,Lambeth 031D,E01003086,776,245,97,148,531,461,70
2021,Lambeth 031E,E01003087,702,227,94,133,475,430,45
2021,Lambeth 010A,E01003088,970,222,83,139,748,598,150
2021,Lambeth 008A,E01003089,1078,300,126,174,778,644,134
2021,Lambeth 012D,E01003090,1692,256,94,162,1436,1090,346
2021,Lambeth 008B,E01003091,1046,271,100,171,775,617,158
2021,Lambeth 008C,E01003092,1266,321,126,195,945,798,147
2021,Lambeth 010B,E01003093,1108,367,142,225,741,635,106
2021,Lambeth 010C,E01003094,938,173,72,101,765,606,159
2021,Lambeth 012E,E01003095,1074,158,68,90,916,698,218
2021,Lambeth 010D,E01003096,1460,244,107,137,1216,944,272
2021,Lambeth 006A,E01003097,797,198,83,115,599,530,69
2021,Lambeth 005A,E01003098,854,183,85,98,671,521,150
2021,Lambeth 005B,E01003099,1000,242,82,160,758,630,128
2021,Lambeth 005C,E01003100,1549,198,89,109,1351,1058,293
2021,Lambeth 003A,E01003101,832,200,87,113,632,519,113
2021,Lambeth 004A,E01003102,1015,207,86,121,808,638,170
2021,Lambeth 004C,E01003104,1050,237,96,141,813,654,159
2021,Lambeth 003B,E01003105,886,230,85,145,656,527,129
2021,Lambeth 003C,E01003106,1179,286,118,168,893,699,194
2021,Lambeth 003D,E01003107,1228,249,97,152,979,744,235
2021,Lambeth 002B,E01003108,772,198,75,123,574,489,85
2021,Lambeth 002C,E01003110,1243,266,110,156,977,765,212
2021,Lambeth 002D,E01003111,837,281,102,179,556,468,88
2021,Lambeth 002E,E01003112,894,242,101,141,652,530,122
2021,Lambeth 032A,E01003113,1023,264,94,170,759,603,156
2021,Lambeth 032B,E01003114,1578,340,135,205,1238,1049,189
2021,Lambeth 034A,E01003115,928,201,66,135,727,620,107
2021,Lambeth 029A,E01003116,905,219,82,137,686,528,158
2021,Lambeth 029B,E01003117,1136,277,146,131,859,689,170
2021,Lambeth 029C,E01003118,954,286,105,181,668,520,148
2021,Lambeth 032C,E01003119,1212,303,127,176,909,737,172
2021,Lambeth 032D,E01003120,1460,371,162,209,1089,915,174
2021,Lambeth 006B,E01003121,763,252,89,163,511,458,53
2021,Lambeth 004D,E01003122,1203,208,75,133,995,790,205
2021,Lambeth 006C,E01003123,1057,234,83,151,823,629,194
2021,Lambeth 006D,E01003124,756,223,88,135,533,457,76
2021,Lambeth 006E,E01003125,878,284,108,176,594,526,68
2021,Lambeth 008D,E01003126,966,267,105,162,699,597,102
2021,Lambeth 010E,E01003127,1297,317,130,187,980,799,181
2021,Lambeth 008E,E01003128,847,236,80,156,611,530,81
2021,Lambeth 004E,E01003129,1154,252,95,157,902,736,166
2021,Lambeth 026A,E01003130,1075,299,121,178,776,628,148
2021,Lambeth 026B,E01003131,1398,253,112,141,1145,882,263
2021,Lambeth 024A,E01003132,667,189,73,116,478,405,73
2021,Lambeth 027C,E01003133,993,258,109,149,735,583,152
2021,Lambeth 027D,E01003134,878,232,90,142,646,530,116
2021,Lambeth 026C,E01003135,1094,248,97,151,846,712,134
2021,Lambeth 022A,E01003136,991,248,93,155,743,613,130
2021,Lambeth 022B,E01003137,837,258,113,145,579,486,93
2021,Lambeth 026D,E01003138,1006,173,77,96,833,614,219
2021,Lambeth 035A,E01003139,827,238,91,147,589,504,85
2021,Lambeth 035B,E01003140,741,243,85,158,498,425,73
2021,Lambeth 034B,E01003141,916,253,91,162,663,535,128
2021,Lambeth 035C,E01003142,710,218,73,145,492,438,54
2021,Lambeth 035D,E01003143,706,219,77,142,487,425,62
2021,Lambeth 034C,E01003144,837,211,87,124,626,486,140
2021,Lambeth 034D,E01003145,967,303,135,168,664,527,137
2021,Lambeth 035E,E01003146,898,236,97,139,662,584,78
2021,Lambeth 034E,E01003147,1155,328,122,206,827,696,131
2021,Lambeth 032E,E01003148,1089,246,90,156,843,679,164
2021,Lambeth 030D,E01003149,987,258,105,153,729,589,140
2021,Lambeth 032F,E01003150,1069,280,97,183,789,657,132
2021,Lambeth 026E,E01003151,987,283,92,191,704,608,96
2021,Lambeth 027E,E01003152,1160,229,75,154,931,787,144
2021,Lambeth 029D,E01003153,1553,318,120,198,1235,1021,214
2021,Lambeth 030E,E01003154,982,309,105,204,673,570,103
2021,Lambeth 029E,E01003155,1054,246,100,146,808,652,156
2021,Lambeth 023B,E01003156,988,157,68,89,831,654,177
2021,Lambeth 023C,E01003157,920,155,59,96,765,529,236
2021,Lambeth 023D,E01003158,1136,165,63,102,971,724,247
2021,Lambeth 022C,E01003159,1082,218,87,131,864,701,163
2021,Lambeth 022D,E01003160,832,224,94,130,608,524,84
2021,Lambeth 023E,E01003161,814,121,47,74,693,511,182
2021,Lambeth 022E,E01003162,969,341,128,213,628,549,79
2021,Lambeth 023F,E01003163,888,196,73,123,692,559,133
2021,Lambeth 025A,E01003164,1316,318,126,192,998,851,147
2021,Lambeth 025B,E01003165,854,230,68,162,624,500,124
2021,Lambeth 028D,E01003166,1484,353,139,214,1131,895,236
2021,Lambeth 028E,E01003167,946,221,94,127,725,556,169
2021,Lambeth 025C,E01003168,767,269,101,168,498,398,100
2021,Lambeth 025D,E01003169,1413,305,109,196,1108,872,236
2021,Lambeth 025E,E01003170,998,211,71,140,787,596,191
2021,Lambeth 020B,E01003171,1092,229,78,151,863,695,168
2021,Lambeth 024B,E01003172,969,245,81,164,724,612,112
2021,Lambeth 020C,E01003173,1010,218,98,120,792,637,155
2021,Lambeth 024C,E01003174,973,328,121,207,645,538,107
2021,Lambeth 024D,E01003175,765,262,124,138,503,434,69
2021,Lambeth 016E,E01003176,988,293,124,169,695,624,71
2021,Lambeth 020D,E01003177,1035,239,95,144,796,630,166
2021,Lambeth 020E,E01003178,1042,179,66,113,863,671,192
2021,Lambeth 024E,E01003179,777,293,101,192,484,428,56
2021,Lambeth 005D,E01003180,897,210,84,126,687,561,126
2021,Lambeth 007A,E01003181,835,216,79,137,619,523,96
2021,Lambeth 009D,E01003182,1015,303,127,176,712,582,130
2021,Lambeth 005E,E01003183,798,197,81,116,601,509,92
2021,Lambeth 007B,E01003184,714,197,80,117,517,447,70
2021,Lambeth 007C,E01003185,1185,240,101,139,945,771,174
2021,Lambeth 007D,E01003186,1595,300,135,165,1295,1002,293
2021,Lambeth 007E,E01003187,1358,249,91,158,1109,872,237
2021,Lambeth 009E,E01003188,658,218,80,138,440,366,74
2021,Lewisham 034A,E01003189,752,226,67,159,526,464,62
2021,Lewisham 034B,E01003190,997,371,126,245,626,560,66
2021,Lewisham 034C,E01003191,808,293,102,191,515,455,60
2021,Lewisham 034D,E01003192,788,250,82,168,538,472,66
2021,Lewisham 029A,E01003193,816,236,79,157,580,485,95
2021,Lewisham 029B,E01003194,810,235,90,145,575,519,56
2021,Lewisham 029C,E01003195,820,255,85,170,565,497,68
2021,Lewisham 029D,E01003196,783,238,81,157,545,478,67
2021,Lewisham 029E,E01003197,705,268,77,191,437,393,44
2021,Lewisham 009A,E01003198,807,214,93,121,593,449,144
2021,Lewisham 007A,E01003199,1151,230,97,133,921,719,202
2021,Lewisham 009B,E01003200,873,194,83,111,679,523,156
2021,Lewisham 007B,E01003201,876,268,90,178,608,526,82
2021,Lewisham 009C,E01003202,878,182,65,117,696,547,149
2021,Lewisham 009D,E01003203,1011,290,106,184,721,625,96
2021,Lewisham 007C,E01003204,861,201,73,128,660,514,146
2021,Lewisham 007D,E01003205,697,185,71,114,512,429,83
2021,Lewisham 007E,E01003206,805,182,79,103,623,477,146
2021,Lewisham 005A,E01003207,1147,367,144,223,780,659,121
2021,Lewisham 005B,E01003209,932,294,126,168,638,513,125
2021,Lewisham 005C,E01003210,1064,275,85,190,789,629,160
2021,Lewisham 008B,E01003211,982,230,82,148,752,627,125
2021,Lewisham 005D,E01003212,1130,308,126,182,822,668,154
2021,Lewisham 008C,E01003213,1160,308,121,187,852,707,145
2021,Lewisham 008D,E01003214,1011,323,103,220,688,587,101
2021,Lewisham 005E,E01003215,869,313,134,179,556,470,86
2021,Lewisham 025A,E01003216,881,261,103,158,620,526,94
2021,Lewisham 022A,E01003217,958,277,93,184,681,600,81
2021,Lewisham 022B,E01003218,752,207,77,130,545,468,77
2021,Lewisham 025B,E01003219,863,269,100,169,594,523,71
2021,Lewisham 022C,E01003220,808,235,84,151,573,482,91
2021,Lewisham 025C,E01003221,1017,281,93,188,736,628,108
2021,Lewisham 022D,E01003222,839,248,99,149,591,495,96
2021,Lewisham 025D,E01003223,825,241,101,140,584,500,84
2021,Lewisham 022E,E01003224,856,236,89,147,620,525,95
2021,Lewisham 015A,E01003225,894,232,82,150,662,540,122
2021,Lewisham 019A,E01003226,1045,262,107,155,783,636,147
2021,Lewisham 019B,E01003227,955,252,96,156,703,578,125
2021,Lewisham 019C,E01003228,947,201,67,134,746,579,167
2021,Lewisham 019D,E01003229,864,257,88,169,607,534,73
2021,Lewisham 019E,E01003230,1085,309,114,195,776,683,93
2021,Lewisham 015B,E01003231,909,264,98,166,645,523,122
2021,Lewisham 015C,E01003232,924,237,81,156,687,551,136
2021,Lewisham 015D,E01003233,948,261,85,176,687,567,120
2021,Lewisham 038A,E01003235,681,206,65,141,475,396,79
2021,Lewisham 037A,E01003236,789,251,90,161,538,464,74
2021,Lewisham 037B,E01003237,742,227,88,139,515,443,72
2021,Lewisham 037C,E01003238,634,215,70,145,419,373,46
2021,Lewisham 037D,E01003239,698,221,55,166,477,415,62
2021,Lewisham 038B,E01003240,839,286,87,199,553,472,81
2021,Lewisham 038C,E01003241,733,218,77,141,515,440,75
2021,Lewisham 038D,E01003243,713,250,93,157,463,399,64
2021,Lewisham 001A,E01003244,921,306,107,199,615,523,92
2021,Lewisham 001B,E01003245,790,275,97,178,515,468,47
2021,Lewisham 002A,E01003246,1383,313,113,200,1070,918,152
2021,Lewisham 001C,E01003247,1325,267,126,141,1058,899,159
2021,Lewisham 002B,E01003248,771,223,95,128,548,472,76
2021,Lewisham 001D,E01003249,1148,308,115,193,840,733,107
2021,Lewisham 002C,E01003251,771,306,108,198,465,409,56
2021,Lewisham 002D,E01003252,620,260,80,180,360,332,28
2021,Lewisham 002E,E01003253,739,253,107,146,486,423,63
2021,Lewisham 021A,E01003254,755,218,74,144,537,434,103
2021,Lewisham 021B,E01003255,1303,303,107,196,1000,831,169
2021,Lewisham 028A,E01003256,1068,279,95,184,789,673,116
2021,Lewisham 028B,E01003257,816,245,87,158,571,470,101
2021,Lewisham 028C,E01003258,688,240,80,160,448,388,60
2021,Lewisham 028D,E01003259,966,253,101,152,713,583,130
2021,Lewisham 021C,E01003260,870,245,89,156,625,484,141
2021,Lewisham 021D,E01003261,882,215,96,119,667,549,118
2021,Lewisham 021E,E01003262,882,208,82,126,674,546,128
2021,Lewisham 023A,E01003263,845,265,91,174,580,497,83
2021,Lewisham 031A,E01003264,819,223,73,150,596,474,122
2021,Lewisham 031B,E01003265,838,258,95,163,580,504,76
2021,Lewisham 031C,E01003266,754,273,87,186,481,411,70
2021,Lewisham 031D,E01003267,806,252,81,171,554,509,45
2021,Lewisham 023B,E01003268,924,231,85,146,693,583,110
2021,Lewisham 023C,E01003269,793,236,79,157,557,467,90
2021,Lewisham 023D,E01003270,928,256,89,167,672,573,99
2021,Lewisham 023E,E01003271,794,217,75,142,577,491,86
2021,Lewisham 014A,E01003272,1146,294,132,162,852,697,155
2021,Lewisham 011A,E01003273,822,221,82,139,601,505,96
2021,Lewisham 014B,E01003274,907,280,98,182,627,531,96
2021,Lewisham 014C,E01003275,792,223,89,134,569,493,76
2021,Lewisham 014D,E01003276,977,298,112,186,679,569,110
2021,Lewisham 011B,E01003277,1038,258,88,170,780,619,161
2021,Lewisham 011C,E01003278,1101,294,109,185,807,667,140
2021,Lewisham 011D,E01003279,813,211,74,137,602,512,90
2021,Lewisham 016A,E01003280,728,238,92,146,490,403,87
2021,Lewisham 016B,E01003281,728,181,58,123,547,450,97
2021,Lewisham 013A,E01003282,1388,336,132,204,1052,861,191
2021,Lewisham 013B,E01003283,1150,300,103,197,850,667,183
2021,Lewisham 013C,E01003284,1019,269,97,172,750,573,177
2021,Lewisham 016C,E01003285,938,276,129,147,662,575,87
2021,Lewisham 013D,E01003286,761,235,83,152,526,447,79
2021,Lewisham 016D,E01003287,1016,243,110,133,773,614,159
2021,Lewisham 041A,E01003288,1076,339,111,228,737,641,96
2021,Lewisham 041E,E01003290,1040,291,113,178,749,616,133
2021,Lewisham 041D,E01003291,704,248,89,159,456,364,92
2021,Lewisham 017A,E01003292,983,274,92,182,709,592,117
2021,Lewisham 017B,E01003293,828,230,81,149,598,508,90
2021,Lewisham 017D,E01003295,909,253,102,151,656,553,103
2021,Lewisham 003A,E01003297,950,276,100,176,674,589,85
2021,Lewisham 039A,E01003298,617,240,80,160,377,341,36
2021,Lewisham 003B,E01003299,981,299,120,179,682,581,101
2021,Lewisham 039B,E01003300,703,263,111,152,440,358,82
2021,Lewisham 003C,E01003301,1409,344,126,218,1065,919,146
2021,Lewisham 003D,E01003302,939,287,106,181,652,591,61
2021,Lewisham 039C,E01003303,888,317,126,191,571,495,76
2021,Lewisham 039D,E01003304,1325,328,142,186,997,843,154
2021,Lewisham 003E,E01003305,1083,355,142,213,728,634,94
2021,Lewisham 024A,E01003307,867,221,66,155,646,549,97
2021,Lewisham 024B,E01003308,949,272,95,177,677,551,126
2021,Lewisham 027A,E01003309,752,239,81,158,513,458,55
2021,Lewisham 027B,E01003310,918,218,82,136,700,585,115
2021,Lewisham 027C,E01003311,784,218,86,132,566,468,98
2021,Lewisham 027D,E01003312,916,260,110,150,656,543,113
2021,Lewisham 027E,E01003313,750,237,61,176,513,435,78
2021,Lewisham 024C,E01003314,912,247,78,169,665,559,106
2021,Lewisham 024D,E01003315,767,190,75,115,577,482,95
2021,Lewisham 024E,E01003316,863,211,79,132,652,540,112
2021,Lewisham 020B,E01003318,948,352,113,239,596,528,68
2021,Lewisham 018A,E01003319,867,306,106,200,561,467,94
2021,Lewisham 018B,E01003320,833,250,94,156,583,494,89
2021,Lewisham 020C,E01003321,934,259,106,153,675,584,91
2021,Lewisham 020D,E01003322,903,237,81,156,666,535,131
2021,Lewisham 018C,E01003323,797,205,85,120,592,504,88
2021,Lewisham 020E,E01003324,773,280,107,173,493,437,56
2021,Lewisham 018D,E01003325,914,312,101,211,602,508,94
2021,Lewisham 035A,E01003326,864,247,90,157,617,533,84
2021,Lewisham 035B,E01003327,888,255,91,164,633,543,90
2021,Lewisham 035C,E01003328,990,271,102,169,719,632,87
2021,Lewisham 033A,E01003329,880,239,84,155,641,553,88
2021,Lewisham 033B,E01003330,713,238,87,151,475,396,79
2021,Lewisham 033C,E01003331,670,212,67,145,458,395,63
2021,Lewisham 033D,E01003332,801,221,93,128,580,499,81
2021,Lewisham 035D,E01003333,788,222,72,150,566,489,77
2021,Lewisham 033E,E01003334,987,288,109,179,699,583,116
2021,Lewisham 035E,E01003335,701,227,91,136,474,405,69
2021,Lewisham 010A,E01003336,710,241,72,169,469,383,86
2021,Lewisham 010B,E01003337,616,231,81,150,385,350,35
2021,Lewisham 006A,E01003338,964,315,131,184,649,575,74
2021,Lewisham 006B,E01003339,925,304,133,171,621,513,108
2021,Lewisham 006C,E01003340,1318,329,139,190,989,856,133
2021,Lewisham 006D,E01003341,804,234,100,134,570,474,96
2021,Lewisham 010C,E01003342,1011,250,80,170,761,630,131
2021,Lewisham 006E,E01003343,803,247,95,152,556,457,99
2021,Lewisham 010D,E01003344,939,286,108,178,653,548,105
2021,Lewisham 010E,E01003345,1137,300,96,204,837,721,116
2021,Lewisham 026A,E01003346,766,258,74,184,508,459,49
2021,Lewisham 030A,E01003347,612,268,78,190,344,310,34
2021,Lewisham 030B,E01003348,818,275,77,198,543,470,73
2021,Lewisham 026B,E01003349,671,242,89,153,429,362,67
2021,Lewisham 030C,E01003350,580,200,66,134,380,340,40
2021,Lewisham 026C,E01003351,709,218,68,150,491,421,70
2021,Lewisham 030D,E01003352,938,357,116,241,581,518,63
2021,Lewisham 030E,E01003353,890,264,110,154,626,541,85
2021,Lewisham 026D,E01003354,993,287,92,195,706,610,96
2021,Merton 009A,E01003355,1205,229,106,123,976,758,218
2021,Merton 009B,E01003356,1067,246,101,145,821,646,175
2021,Merton 012A,E01003357,833,286,97,189,547,478,69
2021,Merton 009C,E01003358,1136,216,101,115,920,728,192
2021,Merton 006A,E01003359,1014,217,92,125,797,656,141
2021,Merton 006B,E01003360,1164,196,73,123,968,755,213
2021,Merton 015A,E01003361,873,257,91,166,616,521,95
2021,Merton 021A,E01003362,690,203,76,127,487,401,86
2021,Merton 021B,E01003363,842,271,120,151,571,483,88
2021,Merton 021C,E01003364,876,236,83,153,640,541,99
2021,Merton 021D,E01003365,698,189,64,125,509,413,96
2021,Merton 016A,E01003366,942,231,96,135,711,616,95
2021,Merton 008A,E01003368,931,249,90,159,682,553,129
2021,Merton 005B,E01003369,1081,216,84,132,865,721,144
2021,Merton 005C,E01003370,1244,283,96,187,961,817,144
2021,Merton 005D,E01003371,932,210,73,137,722,597,125
2021,Merton 008B,E01003372,918,255,90,165,663,577,86
2021,Merton 018A,E01003373,661,237,94,143,424,371,53
2021,Merton 022A,E01003374,830,261,98,163,569,506,63
2021,Merton 022B,E01003375,816,260,82,178,556,472,84
2021,Merton 012B,E01003376,765,266,90,176,499,425,74
2021,Merton 012C,E01003377,708,278,101,177,430,382,48
2021,Merton 018B,E01003378,1132,369,126,243,763,673,90
2021,Merton 018C,E01003379,884,320,128,192,564,485,79
2021,Merton 011A,E01003380,935,217,88,129,718,564,154
2021,Merton 016B,E01003381,986,197,93,104,789,604,185
2021,Merton 011B,E01003382,1042,218,76,142,824,644,180
2021,Merton 009D,E01003383,1020,214,84,130,806,604,202
2021,Merton 009E,E01003384,995,180,64,116,815,623,192
2021,Merton 011C,E01003385,826,190,71,119,636,482,154
2021,Merton 013A,E01003386,1157,387,137,250,770,668,102
2021,Merton 014A,E01003387,1013,298,120,178,715,610,105
2021,Merton 013B,E01003388,840,288,99,189,552,492,60
2021,Merton 013C,E01003389,905,274,82,192,631,536,95
2021,Merton 018D,E01003390,803,300,91,209,503,442,61
2021,Merton 014B,E01003391,500,180,55,125,320,282,38
2021,Merton 013D,E01003392,730,248,89,159,482,417,65
2021,Merton 008C,E01003393,963,248,98,150,715,601,114
2021,Merton 007A,E01003394,1105,379,150,229,726,625,101
2021,Merton 007B,E01003395,812,264,88,176,548,468,80
2021,Merton 007C,E01003396,836,215,86,129,621,519,102
2021,Merton 007D,E01003397,811,218,70,148,593,482,111
2021,Merton 007E,E01003398,997,310,106,204,687,577,110
2021,Merton 011D,E01003399,858,203,105,98,655,513,142
2021,Merton 003A,E01003400,896,165,62,103,731,533,198
2021,Merton 004A,E01003401,790,146,64,82,644,472,172
2021,Merton 004B,E01003402,761,156,65,91,605,430,175
2021,Merton 004C,E01003403,786,173,88,85,613,432,181
2021,Merton 004D,E01003404,1041,175,75,100,866,690,176
2021,Merton 018E,E01003405,1198,353,124,229,845,735,110
2021,Merton 008D,E01003406,943,287,103,184,656,583,73
2021,Merton 008E,E01003407,1141,304,108,196,837,722,115
2021,Merton 012D,E01003408,1204,311,135,176,893,765,128
2021,Merton 013E,E01003409,895,313,105,208,582,515,67
2021,Merton 012E,E01003410,809,250,112,138,559,479,80
2021,Merton 014C,E01003411,972,279,94,185,693,580,113
2021,Merton 014D,E01003412,863,311,105,206,552,483,69
2021,Merton 017A,E01003413,1086,321,129,192,765,653,112
2021,Merton 017B,E01003414,805,258,110,148,547,469,78
2021,Merton 017C,E01003415,1220,344,132,212,876,731,145
2021,Merton 017D,E01003416,862,234,104,130,628,542,86
2021,Merton 025A,E01003417,810,243,87,156,567,487,80
2021,Merton 025B,E01003418,760,231,80,151,529,471,58
2021,Merton 025C,E01003419,914,253,84,169,661,568,93
2021,Merton 025D,E01003420,772,209,75,134,563,487,76
2021,Merton 021E,E01003421,814,230,97,133,584,490,94
2021,Merton 025E,E01003422,703,182,71,111,521,451,70
2021,Merton 011E,E01003423,831,205,95,110,626,487,139
2021,Merton 015B,E01003424,716,180,76,104,536,383,153
2021,Merton 015C,E01003425,732,215,87,128,517,393,124
2021,Merton 015D,E01003426,907,290,97,193,617,510,107
2021,Merton 023A,E01003427,1012,314,117,197,698,614,84
2021,Merton 015E,E01003428,730,187,70,117,543,415,128
2021,Merton 019A,E01003429,847,293,98,195,554,477,77
2021,Merton 019B,E01003430,752,267,90,177,485,427,58
2021,Merton 019C,E01003431,760,244,94,150,516,471,45
2021,Merton 019D,E01003432,731,272,100,172,459,392,67
2021,Merton 019E,E01003433,757,245,81,164,512,451,61
2021,Merton 017E,E01003434,758,252,86,166,506,433,73
2021,Merton 014E,E01003435,1005,298,104,194,707,609,98
2021,Merton 023B,E01003436,835,281,109,172,554,471,83
2021,Merton 022C,E01003437,1035,319,117,202,716,604,112
2021,Merton 024A,E01003438,880,287,109,178,593,512,81
2021,Merton 023C,E01003439,825,269,91,178,556,489,67
2021,Merton 022D,E01003440,778,268,95,173,510,434,76
2021,Merton 022E,E01003441,887,300,120,180,587,518,69
2021,Merton 010A,E01003442,770,201,84,117,569,389,180
2021,Merton 010B,E01003443,769,193,87,106,576,368,208
2021,Merton 010C,E01003444,831,208,93,115,623,481,142
2021,Merton 010D,E01003445,912,224,101,123,688,527,161
2021,Merton 016C,E01003446,1118,229,77,152,889,724,165
2021,Merton 016D,E01003447,821,221,82,139,600,516,84
2021,Merton 023D,E01003448,1238,324,109,215,914,813,101
2021,Merton 024B,E01003449,927,311,115,196,616,538,78
2021,Merton 024C,E01003450,827,259,89,170,568,489,79
2021,Merton 024D,E01003451,930,264,89,175,666,560,106
2021,Merton 024E,E01003452,1024,337,115,222,687,589,98
2021,Merton 023E,E01003453,918,279,84,195,639,557,82
2021,Merton 003B,E01003454,781,176,87,89,605,461,144
2021,Merton 005E,E01003455,1099,229,98,131,870,720,150
2021,Merton 003C,E01003456,962,178,81,97,784,603,181
2021,Merton 006C,E01003457,879,166,67,99,713,484,229
2021,Merton 006D,E01003458,1082,198,70,128,884,699,185
2021,Merton 006E,E01003459,1264,286,101,185,978,787,191
2021,Merton 002A,E01003460,629,162,69,93,467,313,154
2021,Merton 004E,E01003461,827,175,79,96,652,434,218
2021,Merton 002B,E01003462,601,189,87,102,412,282,130
2021,Merton 010E,E01003463,673,220,103,117,453,269,184
2021,Merton 002C,E01003464,564,157,86,71,407,253,154
2021,Merton 002D,E01003465,534,156,79,77,378,227,151
2021,Merton 020A,E01003466,907,232,97,135,675,535,140
2021,Merton 020B,E01003467,870,217,84,133,653,499,154
2021,Merton 020C,E01003468,897,234,88,146,663,536,127
2021,Merton 020D,E01003469,891,274,99,175,617,548,69
2021,Merton 020E,E01003470,1051,294,105,189,757,628,129
2021,Merton 016E,E01003471,896,212,76,136,684,546,138
2021,Merton 001A,E01003472,692,130,42,88,562,397,165
2021,Merton 001B,E01003473,835,170,84,86,665,507,158
2021,Merton 001C,E01003474,655,178,98,80,477,311,166
2021,Merton 003D,E01003476,695,195,74,121,500,368,132
2021,Merton 003E,E01003477,891,192,78,114,699,540,159
2021,Merton 001E,E01003478,1036,208,78,130,828,611,217
2021,Newham 035A,E01003479,756,240,97,143,516,450,66
2021,Newham 033A,E01003480,860,309,138,171,551,471,80
2021,Newham 035B,E01003481,653,210,68,142,443,387,56
2021,Newham 032A,E01003483,788,231,91,140,557,488,69
2021,Newham 032B,E01003484,916,284,102,182,632,549,83
2021,Newham 035C,E01003485,863,292,93,199,571,471,100
2021,Newham 033C,E01003486,453,163,51,112,290,265,25
2021,Newham 033D,E01003487,534,188,63,125,346,305,41
2021,Newham 019A,E01003488,722,259,91,168,463,401,62
2021,Newham 019B,E01003489,1262,431,158,273,831,699,132
2021,Newham 019C,E01003490,781,314,84,230,467,403,64
2021,Newham 022A,E01003491,770,291,99,192,479,422,57
2021,Newham 025A,E01003492,885,319,137,182,566,488,78
2021,Newham 025C,E01003494,965,325,113,212,640,545,95
2021,Newham 025D,E01003495,921,270,88,182,651,564,87
2021,Newham 027A,E01003496,678,219,80,139,459,395,64
2021,Newham 034A,E01003497,711,239,96,143,472,407,65
2021,Newham 027B,E01003498,865,299,100,199,566,504,62
2021,Newham 030A,E01003499,935,378,130,248,557,483,74
2021,Newham 027C,E01003500,997,353,138,215,644,538,106
2021,Newham 030B,E01003501,1072,383,137,246,689,601,88
2021,Newham 030C,E01003502,1149,408,136,272,741,621,120
2021,Newham 030D,E01003503,1651,357,143,214,1294,1091,203
2021,Newham 034D,E01003506,638,205,72,133,433,378,55
2021,Newham 031A,E01003507,1007,362,126,236,645,557,88
2021,Newham 031B,E01003508,1351,368,128,240,983,823,160
2021,Newham 031C,E01003509,919,307,99,208,612,505,107
2021,Newham 036A,E01003511,951,270,99,171,681,602,79
2021,Newham 036B,E01003512,983,328,113,215,655,565,90
2021,Newham 035D,E01003513,809,277,111,166,532,461,71
2021,Newham 036C,E01003514,729,244,80,164,485,415,70
2021,Newham 036D,E01003515,894,276,89,187,618,551,67
2021,Newham 032C,E01003516,815,303,83,220,512,460,52
2021,Newham 036E,E01003517,777,292,88,204,485,421,64
2021,Newham 032D,E01003518,813,262,80,182,551,468,83
2021,Newham 032E,E01003519,837,261,93,168,576,493,83
2021,Newham 018A,E01003520,792,313,108,205,479,423,56
2021,Newham 018B,E01003521,938,358,116,242,580,481,99
2021,Newham 018C,E01003522,714,276,110,166,438,379,59
2021,Newham 024A,E01003523,1044,370,120,250,674,613,61
2021,Newham 019D,E01003524,777,361,107,254,416,372,44
2021,Newham 018D,E01003525,808,300,95,205,508,454,54
2021,Newham 018E,E01003526,737,307,123,184,430,374,56
2021,Newham 024B,E01003527,798,278,95,183,520,445,75
2021,Newham 005A,E01003528,485,216,77,139,269,239,30
2021,Newham 010A,E01003529,1043,353,107,246,690,606,84
2021,Newham 010B,E01003530,849,285,118,167,564,483,81
2021,Newham 010C,E01003531,867,373,136,237,494,453,41
2021,Newham 010D,E01003532,1082,408,132,276,674,609,65
2021,Newham 011A,E01003533,849,350,113,237,499,446,53
2021,Newham 010E,E01003534,906,367,121,246,539,487,52
2021,Newham 023A,E01003535,643,249,82,167,394,356,38
2021,Newham 023B,E01003536,874,324,97,227,550,486,64
2021,Newham 024C,E01003537,939,343,129,214,596,525,71
2021,Newham 029A,E01003538,891,332,116,216,559,479,80
2021,Newham 029B,E01003539,1106,379,122,257,727,627,100
2021,Newham 029C,E01003540,833,296,80,216,537,454,83
2021,Newham 029D,E01003541,867,283,94,189,584,526,58
2021,Newham 024D,E01003542,861,334,129,205,527,469,58
2021,Newham 001A,E01003543,1161,361,146,215,800,681,119
2021,Newham 001B,E01003544,873,254,91,163,619,516,103
2021,Newham 006A,E01003545,916,302,122,180,614,530,84
2021,Newham 001C,E01003546,849,291,109,182,558,479,79
2021,Newham 007A,E01003547,976,316,131,185,660,546,114
2021,Newham 006B,E01003548,1195,312,144,168,883,754,129
2021,Newham 006C,E01003549,1067,292,110,182,775,653,122
2021,Newham 001D,E01003550,831,275,101,174,556,476,80
2021,Newham 009A,E01003551,905,311,120,191,594,518,76
2021,Newham 016A,E01003552,719,234,84,150,485,411,74
2021,Newham 009B,E01003553,898,352,146,206,546,469,77
2021,Newham 009C,E01003554,1026,282,95,187,744,616,128
2021,Newham 007B,E01003555,825,324,141,183,501,422,79
2021,Newham 008A,E01003556,737,314,106,208,423,356,67
2021,Newham 006D,E01003557,897,363,124,239,534,469,65
2021,Newham 008B,E01003558,711,304,107,197,407,354,53
2021,Newham 009D,E01003559,1378,391,146,245,987,820,167
2021,Newham 011B,E01003560,682,261,107,154,421,363,58
2021,Newham 007C,E01003561,704,281,75,206,423,369,54
2021,Newham 014A,E01003562,895,321,111,210,574,500,74
2021,Newham 011C,E01003563,943,353,115,238,590,532,58
2021,Newham 014B,E01003564,975,412,151,261,563,478,85
2021,Newham 014C,E01003565,806,298,88,210,508,452,56
2021,Newham 014D,E01003566,663,331,90,241,332,293,39
2021,Newham 007D,E01003567,803,350,126,224,453,391,62
2021,Newham 017A,E01003568,1049,397,162,235,652,571,81
2021,Newham 017B,E01003569,1136,425,152,273,711,606,105
2021,Newham 008C,E01003570,801,312,108,204,489,422,67
2021,Newham 008D,E01003571,837,334,115,219,503,449,54
2021,Newham 008E,E01003572,701,260,97,163,441,399,42
2021,Newham 017C,E01003573,894,356,130,226,538,459,79
2021,Newham 017D,E01003574,1017,361,120,241,656,576,80
2021,Newham 005B,E01003575,651,272,90,182,379,326,53
2021,Newham 002A,E01003576,683,311,99,212,372,340,32
2021,Newham 005C,E01003577,896,360,119,241,536,465,71
2021,Newham 003A,E01003578,758,321,95,226,437,365,72
2021,Newham 004A,E01003579,720,325,103,222,395,348,47
2021,Newham 005D,E01003580,746,320,100,220,426,388,38
2021,Newham 002B,E01003581,679,277,98,179,402,363,39
2021,Newham 002C,E01003582,585,261,69,192,324,279,45
2021,Newham 002D,E01003583,756,323,110,213,433,347,86
2021,Newham 003B,E01003584,850,327,123,204,523,414,109
2021,Newham 004B,E01003585,667,288,102,186,379,348,31
2021,Newham 003C,E01003586,767,318,118,200,449,389,60
2021,Newham 004C,E01003587,978,387,124,263,591,519,72
2021,Newham 011D,E01003588,617,260,96,164,357,297,60
2021,Newham 011E,E01003589,766,326,125,201,440,381,59
2021,Newham 003D,E01003590,666,255,80,175,411,368,43
2021,Newham 004D,E01003591,886,414,147,267,472,410,62
2021,Newham 022B,E01003592,835,301,114,187,534,462,72
2021,Newham 027D,E01003593,699,257,98,159,442,382,60
2021,Newham 026A,E01003594,837,248,95,153,589,499,90
2021,Newham 026B,E01003595,808,273,78,195,535,468,67
2021,Newham 016B,E01003596,735,283,88,195,452,393,59
2021,Newham 016C,E01003597,856,248,76,172,608,504,104
2021,Newham 021A,E01003598,779,270,87,183,509,436,73
2021,Newham 022C,E01003599,658,279,84,195,379,335,44
2021,Newham 021B,E01003600,744,262,111,151,482,425,57
2021,Newham 028A,E01003601,916,300,107,193,616,527,89
2021,Newham 026C,E01003602,1029,392,128,264,637,517,120
2021,Newham 028B,E01003603,874,293,91,202,581,502,79
2021,Newham 031D,E01003604,1010,318,109,209,692,588,104
2021,Newham 028C,E01003605,856,348,112,236,508,451,57
2021,Newham 026D,E01003607,895,287,96,191,608,533,75
2021,Newham 028D,E01003608,1002,274,98,176,728,601,127
2021,Newham 041C,E01003611,812,307,112,195,505,442,63
2021,Newham 039A,E01003615,846,299,96,203,547,470,77
2021,Newham 012A,E01003616,988,318,105,213,670,582,88
2021,Newham 012C,E01003618,1262,377,165,212,885,748,137
2021,Newham 012D,E01003619,1192,373,125,248,819,684,135
2021,Newham 023C,E01003621,690,259,76,183,431,388,43
2021,Newham 023D,E01003622,704,302,107,195,402,358,44
2021,Newham 023E,E01003623,731,314,119,195,417,361,56
2021,Newham 024E,E01003624,694,268,94,174,426,378,48
2021,Newham 015A,E01003625,736,276,90,186,460,401,59
2021,Newham 015B,E01003626,759,291,96,195,468,393,75
2021,Newham 015C,E01003627,678,257,90,167,421,365,56
2021,Newham 015D,E01003628,771,351,124,227,420,362,58
2021,Newham 015E,E01003629,843,309,86,223,534,409,125
2021,Newham 021C,E01003630,887,293,116,177,594,502,92
2021,Newham 020A,E01003631,939,263,82,181,676,575,101
2021,Newham 020B,E01003632,1294,416,177,239,878,751,127
2021,Newham 020C,E01003633,805,300,116,184,505,428,77
2021,Newham 020D,E01003634,780,279,110,169,501,437,64
2021,Newham 016D,E01003635,994,311,105,206,683,580,103
2021,Newham 020E,E01003636,1010,317,108,209,693,622,71
2021,Newham 021D,E01003637,1055,311,108,203,744,648,96
2021,Redbridge 017A,E01003638,877,246,90,156,631,550,81
2021,Redbridge 013A,E01003639,1016,304,122,182,712,599,113
2021,Redbridge 013B,E01003640,925,271,109,162,654,552,102
2021,Redbridge 013C,E01003641,1040,354,98,256,686,581,105
2021,Redbridge 013D,E01003642,861,278,106,172,583,500,83
2021,Redbridge 017B,E01003643,1055,331,110,221,724,644,80
2021,Redbridge 017C,E01003644,763,258,87,171,505,461,44
2021,Redbridge 017D,E01003645,1290,380,143,237,910,791,119
2021,Redbridge 012A,E01003646,891,307,121,186,584,495,89
2021,Redbridge 015A,E01003647,959,302,100,202,657,598,59
2021,Redbridge 012B,E01003648,723,215,103,112,508,424,84
2021,Redbridge 012C,E01003649,757,223,85,138,534,435,99
2021,Redbridge 015B,E01003650,765,255,104,151,510,425,85
2021,Redbridge 012D,E01003651,738,238,93,145,500,409,91
2021,Redbridge 015C,E01003652,772,242,99,143,530,457,73
2021,Redbridge 015D,E01003653,959,312,116,196,647,531,116
2021,Redbridge 004A,E01003654,858,233,93,140,625,533,92
2021,Redbridge 004B,E01003655,903,196,86,110,707,573,134
2021,Redbridge 005A,E01003656,753,214,77,137,539,461,78
2021,Redbridge 005B,E01003657,1121,356,126,230,765,638,127
2021,Redbridge 004C,E01003658,804,245,86,159,559,488,71
2021,Redbridge 005C,E01003659,946,266,96,170,680,579,101
2021,Redbridge 004D,E01003660,928,251,89,162,677,578,99
2021,Redbridge 038A,E01003661,980,330,118,212,650,561,89
2021,Redbridge 038C,E01003662,997,304,103,201,693,614,79
2021,Redbridge 037A,E01003663,779,241,75,166,538,471,67
2021,Redbridge 037B,E01003664,838,265,96,169,573,493,80
2021,Redbridge 037E,E01003665,791,243,97,146,548,470,78
2021,Redbridge 038B,E01003666,1255,425,116,309,830,731,99
2021,Redbridge 007A,E01003668,983,227,96,131,756,597,159
2021,Redbridge 007B,E01003669,843,215,100,115,628,495,133
2021,Redbridge 007C,E01003670,729,192,80,112,537,420,117
2021,Redbridge 007D,E01003671,800,204,79,125,596,469,127
2021,Redbridge 007E,E01003672,853,229,94,135,624,530,94
2021,Redbridge 007F,E01003673,1075,251,100,151,824,666,158
2021,Redbridge 007G,E01003674,1358,315,129,186,1043,855,188
2021,Redbridge 036A,E01003675,793,248,104,144,545,445,100
2021,Redbridge 036B,E01003676,926,331,153,178,595,491,104
2021,Redbridge 036C,E01003677,835,244,108,136,591,481,110
2021,Redbridge 036D,E01003678,777,250,105,145,527,455,72
2021,Redbridge 036E,E01003679,821,260,91,169,561,452,109
2021,Redbridge 036F,E01003680,793,260,103,157,533,460,73
2021,Redbridge 036G,E01003681,903,268,106,162,635,551,84
2021,Redbridge 036H,E01003682,842,273,116,157,569,479,90
2021,Redbridge 040C,E01003683,902,358,124,234,544,436,108
2021,Redbridge 040E,E01003684,758,293,96,197,465,409,56
2021,Redbridge 040D,E01003685,811,307,118,189,504,435,69
2021,Redbridge 040A,E01003686,777,323,118,205,454,382,72
2021,Redbridge 040B,E01003688,665,220,72,148,445,381,64
2021,Redbridge 039C,E01003689,928,282,100,182,646,564,82
2021,Redbridge 035A,E01003690,1030,287,115,172,743,629,114
2021,Redbridge 035B,E01003691,715,239,95,144,476,421,55
2021,Redbridge 035C,E01003692,763,276,111,165,487,403,84
2021,Redbridge 035D,E01003693,760,264,99,165,496,421,75
2021,Redbridge 035E,E01003694,629,215,84,131,414,341,73
2021,Redbridge 035F,E01003695,648,218,86,132,430,355,75
2021,Redbridge 035G,E01003696,858,288,112,176,570,480,90
2021,Redbridge 035H,E01003697,819,265,96,169,554,468,86
2021,Redbridge 006A,E01003698,774,248,101,147,526,452,74
2021,Redbridge 006B,E01003699,805,230,104,126,575,499,76
2021,Redbridge 006C,E01003700,1207,393,142,251,814,692,122
2021,Redbridge 006D,E01003701,971,271,91,180,700,584,116
2021,Redbridge 006E,E01003702,1223,338,123,215,885,747,138
2021,Redbridge 006F,E01003703,1206,369,158,211,837,669,168
2021,Redbridge 006G,E01003704,899,284,110,174,615,516,99
2021,Redbridge 010A,E01003705,1201,372,138,234,829,707,122
2021,Redbridge 010B,E01003706,763,268,98,170,495,420,75
2021,Redbridge 008A,E01003707,696,226,107,119,470,397,73
2021,Redbridge 008B,E01003708,902,329,119,210,573,476,97
2021,Redbridge 008C,E01003709,797,277,103,174,520,440,80
2021,Redbridge 008D,E01003710,674,231,93,138,443,355,88
2021,Redbridge 010C,E01003711,846,267,114,153,579,496,83
2021,Redbridge 010D,E01003712,558,188,63,125,370,329,41
2021,Redbridge 034A,E01003713,783,267,104,163,516,426,90
2021,Redbridge 034B,E01003714,1097,368,118,250,729,623,106
2021,Redbridge 034C,E01003715,983,324,116,208,659,543,116
2021,Redbridge 034D,E01003716,810,224,89,135,586,523,63
2021,Redbridge 034E,E01003718,888,288,103,185,600,550,50
2021,Redbridge 034F,E01003719,971,344,116,228,627,542,85
2021,Redbridge 002A,E01003720,858,306,108,198,552,485,67
2021,Redbridge 003A,E01003721,864,277,81,196,587,495,92
2021,Redbridge 002B,E01003722,1122,348,131,217,774,642,132
2021,Redbridge 002C,E01003723,920,289,103,186,631,539,92
2021,Redbridge 003B,E01003724,751,232,88,144,519,443,76
2021,Redbridge 003C,E01003725,819,235,72,163,584,494,90
2021,Redbridge 002D,E01003726,1340,341,114,227,999,852,147
2021,Redbridge 003D,E01003727,812,278,102,176,534,471,63
2021,Redbridge 032B,E01003729,690,305,90,215,385,334,51
2021,Redbridge 032C,E01003730,716,277,95,182,439,383,56
2021,Redbridge 033A,E01003731,583,220,72,148,363,329,34
2021,Redbridge 032D,E01003732,628,271,76,195,357,304,53
2021,Redbridge 032E,E01003733,725,259,101,158,466,408,58
2021,Redbridge 033B,E01003734,715,294,84,210,421,365,56
2021,Redbridge 033C,E01003735,742,286,85,201,456,389,67
2021,Redbridge 033D,E01003736,796,346,122,224,450,384,66
2021,Redbridge 031A,E01003737,1256,486,157,329,770,672,98
2021,Redbridge 031B,E01003738,1062,365,143,222,697,605,92
2021,Redbridge 031C,E01003739,1005,344,119,225,661,595,66
2021,Redbridge 031D,E01003740,972,339,145,194,633,526,107
2021,Redbridge 031E,E01003741,844,265,107,158,579,521,58
2021,Redbridge 031F,E01003742,1010,359,107,252,651,562,89
2021,Redbridge 031G,E01003743,782,278,105,173,504,421,83
2021,Redbridge 001A,E01003744,670,186,84,102,484,376,108
2021,Redbridge 001B,E01003745,666,186,82,104,480,360,120
2021,Redbridge 001C,E01003746,725,214,83,131,511,400,111
2021,Redbridge 001D,E01003747,591,161,66,95,430,306,124
2021,Redbridge 001E,E01003748,746,202,81,121,544,408,136
2021,Redbridge 001F,E01003749,860,235,95,140,625,511,114
2021,Redbridge 001G,E01003750,923,257,111,146,666,551,115
2021,Redbridge 020A,E01003751,1056,338,132,206,718,622,96
2021,Redbridge 023A,E01003752,1293,378,147,231,915,787,128
2021,Redbridge 020B,E01003753,901,291,95,196,610,529,81
2021,Redbridge 020C,E01003754,790,258,88,170,532,453,79
2021,Redbridge 023B,E01003755,1060,394,127,267,666,571,95
2021,Redbridge 023C,E01003756,1076,373,136,237,703,608,95
2021,Redbridge 020D,E01003757,913,328,114,214,585,504,81
2021,Redbridge 009A,E01003759,756,190,80,110,566,446,120
2021,Redbridge 009B,E01003760,1004,277,111,166,727,604,123
2021,Redbridge 009C,E01003761,683,272,95,177,411,371,40
2021,Redbridge 009D,E01003762,919,231,82,149,688,589,99
2021,Redbridge 009E,E01003763,977,268,98,170,709,574,135
2021,Redbridge 009F,E01003764,1138,298,106,192,840,677,163
2021,Redbridge 009G,E01003765,1077,269,95,174,808,677,131
2021,Redbridge 024A,E01003766,924,334,112,222,590,530,60
2021,Redbridge 024B,E01003767,931,355,139,216,576,504,72
2021,Redbridge 024C,E01003768,782,313,111,202,469,405,64
2021,Redbridge 022A,E01003769,753,291,99,192,462,397,65
2021,Redbridge 022B,E01003770,1265,373,134,239,892,795,97
2021,Redbridge 022C,E01003771,728,246,89,157,482,402,80
2021,Redbridge 024D,E01003772,786,261,95,166,525,463,62
2021,Redbridge 022D,E01003773,792,243,76,167,549,495,54
2021,Redbridge 014A,E01003774,1018,224,95,129,794,618,176
2021,Redbridge 014B,E01003775,795,212,80,132,583,466,117
2021,Redbridge 014C,E01003776,866,241,95,146,625,518,107
2021,Redbridge 014D,E01003777,1091,247,118,129,844,660,184
2021,Redbridge 014E,E01003778,1154,285,115,170,869,676,193
2021,Redbridge 014F,E01003779,725,195,78,117,530,405,125
2021,Redbridge 014G,E01003780,760,235,107,128,525,393,132
2021,Redbridge 026A,E01003781,916,275,96,179,641,563,78
2021,Redbridge 026B,E01003782,714,277,99,178,437,369,68
2021,Redbridge 029A,E01003783,1034,439,161,278,595,523,72
2021,Redbridge 029B,E01003784,896,300,103,197,596,527,69
2021,Redbridge 029C,E01003785,838,326,115,211,512,445,67
2021,Redbridge 026C,E01003786,731,259,91,168,472,407,65
2021,Redbridge 026D,E01003787,728,254,88,166,474,408,66
2021,Redbridge 029D,E01003788,750,283,108,175,467,405,62
2021,Redbridge 018A,E01003789,771,173,74,99,598,458,140
2021,Redbridge 027A,E01003790,677,201,86,115,476,374,102
2021,Redbridge 027B,E01003791,694,177,70,107,517,389,128
2021,Redbridge 027C,E01003792,695,170,71,99,525,436,89
2021,Redbridge 027D,E01003793,778,230,88,142,548,445,103
2021,Redbridge 018B,E01003794,715,200,65,135,515,422,93
2021,Redbridge 018C,E01003795,573,148,62,86,425,328,97
2021,Redbridge 018D,E01003796,802,211,77,134,591,467,124
2021,Richmond upon Thames 001A,E01003797,581,184,90,94,397,203,194
2021,Richmond upon Thames 001B,E01003798,623,166,88,78,457,300,157
2021,Richmond upon Thames 001C,E01003799,816,212,89,123,604,385,219
2021,Richmond upon Thames 001D,E01003800,681,201,82,119,480,334,146
2021,Richmond upon Thames 001E,E01003801,679,163,75,88,516,346,170
2021,Richmond upon Thames 001F,E01003802,643,176,91,85,467,300,167
2021,Richmond upon Thames 001G,E01003803,692,232,82,150,460,355,105
2021,Richmond upon Thames 005A,E01003804,955,252,107,145,703,511,192
2021,Richmond upon Thames 012A,E01003805,752,218,102,116,534,317,217
2021,Richmond upon Thames 012B,E01003806,660,181,85,96,479,309,170
2021,Richmond upon Thames 005B,E01003807,1064,279,115,164,785,582,203
2021,Richmond upon Thames 005C,E01003808,998,254,101,153,744,531,213
2021,Richmond upon Thames 005D,E01003809,790,232,111,121,558,361,197
2021,Richmond upon Thames 019A,E01003810,842,268,111,157,574,440,134
2021,Richmond upon Thames 018A,E01003811,988,275,119,156,713,550,163
2021,Richmond upon Thames 018B,E01003812,984,252,93,159,732,571,161
2021,Richmond upon Thames 019B,E01003813,738,209,75,134,529,382,147
2021,Richmond upon Thames 019C,E01003814,971,255,103,152,716,570,146
2021,Richmond upon Thames 019D,E01003815,1049,265,94,171,784,638,146
2021,Richmond upon Thames 012C,E01003816,766,229,91,138,537,380,157
2021,Richmond upon Thames 012D,E01003817,880,289,110,179,591,476,115
2021,Richmond upon Thames 017A,E01003818,760,254,104,150,506,426,80
2021,Richmond upon Thames 017B,E01003819,776,271,103,168,505,413,92
2021,Richmond upon Thames 017C,E01003820,898,303,117,186,595,471,124
2021,Richmond upon Thames 008A,E01003821,893,171,76,95,722,491,231
2021,Richmond upon Thames 023A,E01003822,672,215,83,132,457,326,131
2021,Richmond upon Thames 023B,E01003823,848,232,100,132,616,462,154
2021,Richmond upon Thames 023C,E01003824,787,220,86,134,567,419,148
2021,Richmond upon Thames 023D,E01003825,873,238,93,145,635,492,143
2021,Richmond upon Thames 023E,E01003826,796,219,76,143,577,476,101
2021,Richmond upon Thames 023F,E01003827,1050,296,112,184,754,592,162
2021,Richmond upon Thames 020A,E01003828,663,199,87,112,464,351,113
2021,Richmond upon Thames 020B,E01003829,743,252,101,151,491,413,78
2021,Richmond upon Thames 020C,E01003830,921,245,100,145,676,529,147
2021,Richmond upon Thames 020D,E01003831,831,244,90,154,587,494,93
2021,Richmond upon Thames 020E,E01003832,629,177,68,109,452,382,70
2021,Richmond upon Thames 020F,E01003833,692,220,90,130,472,399,73
2021,Richmond upon Thames 022A,E01003834,880,228,107,121,652,521,131
2021,Richmond upon Thames 022B,E01003835,795,266,112,154,529,394,135
2021,Richmond upon Thames 022C,E01003836,591,177,79,98,414,298,116
2021,Richmond upon Thames 022D,E01003837,960,286,124,162,674,515,159
2021,Richmond upon Thames 022E,E01003838,943,265,119,146,678,502,176
2021,Richmond upon Thames 022F,E01003839,1160,302,126,176,858,663,195
2021,Richmond upon Thames 013A,E01003840,897,277,99,178,620,529,91
2021,Richmond upon Thames 013B,E01003841,948,342,124,218,606,524,82
2021,Richmond upon Thames 013C,E01003842,761,220,76,144,541,474,67
2021,Richmond upon Thames 013D,E01003843,971,314,123,191,657,535,122
2021,Richmond upon Thames 013E,E01003844,650,183,57,126,467,386,81
2021,Richmond upon Thames 013F,E01003845,816,244,107,137,572,483,89
2021,Richmond upon Thames 002A,E01003846,832,217,113,104,615,413,202
2021,Richmond upon Thames 002B,E01003847,958,199,98,101,759,575,184
2021,Richmond upon Thames 004A,E01003848,1067,246,104,142,821,634,187
2021,Richmond upon Thames 002C,E01003849,760,172,82,90,588,397,191
2021,Richmond upon Thames 002D,E01003851,771,173,72,101,598,388,210
2021,Richmond upon Thames 003A,E01003852,740,181,76,105,559,411,148
2021,Richmond upon Thames 003B,E01003853,642,199,93,106,443,292,151
2021,Richmond upon Thames 003C,E01003854,712,175,73,102,537,352,185
2021,Richmond upon Thames 003D,E01003855,979,271,97,174,708,560,148
2021,Richmond upon Thames 003E,E01003856,970,217,97,120,753,562,191
2021,Richmond upon Thames 003F,E01003857,1039,237,107,130,802,566,236
2021,Richmond upon Thames 003G,E01003858,894,206,104,102,688,450,238
2021,Richmond upon Thames 005E,E01003859,780,230,95,135,550,392,158
2021,Richmond upon Thames 002E,E01003860,1007,184,82,102,823,607,216
2021,Richmond upon Thames 004C,E01003861,1185,247,106,141,938,726,212
2021,Richmond upon Thames 004D,E01003862,922,240,92,148,682,540,142
2021,Richmond upon Thames 004E,E01003863,646,176,68,108,470,361,109
2021,Richmond upon Thames 002F,E01003864,715,178,80,98,537,402,135
2021,Richmond upon Thames 004F,E01003865,733,200,87,113,533,408,125
2021,Richmond upon Thames 007A,E01003866,906,212,83,129,694,491,203
2021,Richmond upon Thames 011A,E01003867,805,206,101,105,599,456,143
2021,Richmond upon Thames 007B,E01003868,905,202,81,121,703,546,157
2021,Richmond upon Thames 011B,E01003869,923,190,77,113,733,562,171
2021,Richmond upon Thames 011C,E01003870,1181,228,105,123,953,725,228
2021,Richmond upon Thames 007C,E01003871,897,222,93,129,675,488,187
2021,Richmond upon Thames 007D,E01003872,883,217,97,120,666,490,176
2021,Richmond upon Thames 006A,E01003873,904,191,85,106,713,520,193
2021,Richmond upon Thames 006B,E01003874,935,150,64,86,785,531,254
2021,Richmond upon Thames 006C,E01003875,741,191,90,101,550,370,180
2021,Richmond upon Thames 008B,E01003876,1066,242,109,133,824,581,243
2021,Richmond upon Thames 008C,E01003877,760,165,89,76,595,417,178
2021,Richmond upon Thames 006D,E01003878,620,185,75,110,435,351,84
2021,Richmond upon Thames 008D,E01003879,707,175,75,100,532,361,171
2021,Richmond upon Thames 016A,E01003880,768,220,96,124,548,394,154
2021,Richmond upon Thames 016B,E01003881,641,243,145,98,398,299,99
2021,Richmond upon Thames 014A,E01003882,1079,252,94,158,827,619,208
2021,Richmond upon Thames 014B,E01003883,1116,244,102,142,872,685,187
2021,Richmond upon Thames 016C,E01003884,823,234,107,127,589,436,153
2021,Richmond upon Thames 016D,E01003885,813,231,116,115,582,443,139
2021,Richmond upon Thames 021A,E01003886,841,208,91,117,633,481,152
2021,Richmond upon Thames 021B,E01003887,988,238,105,133,750,580,170
2021,Richmond upon Thames 021C,E01003888,970,259,99,160,711,542,169
2021,Richmond upon Thames 021D,E01003889,844,241,117,124,603,437,166
2021,Richmond upon Thames 018C,E01003890,847,242,95,147,605,456,149
2021,Richmond upon Thames 018D,E01003891,840,219,98,121,621,466,155
2021,Richmond upon Thames 009A,E01003892,979,240,104,136,739,515,224
2021,Richmond upon Thames 009B,E01003893,878,206,89,117,672,503,169
2021,Richmond upon Thames 009C,E01003894,938,228,106,122,710,514,196
2021,Richmond upon Thames 009D,E01003895,888,264,103,161,624,449,175
2021,Richmond upon Thames 014C,E01003896,1081,237,113,124,844,656,188
2021,Richmond upon Thames 014D,E01003897,1095,238,92,146,857,672,185
2021,Richmond upon Thames 015A,E01003898,916,197,70,127,719,570,149
2021,Richmond upon Thames 015B,E01003899,776,185,84,101,591,463,128
2021,Richmond upon Thames 015C,E01003900,788,243,102,141,545,438,107
2021,Richmond upon Thames 015D,E01003901,915,261,93,168,654,512,142
2021,Richmond upon Thames 015E,E01003902,691,208,87,121,483,390,93
2021,Richmond upon Thames 015F,E01003903,768,233,101,132,535,425,110
2021,Richmond upon Thames 015G,E01003904,818,212,94,118,606,507,99
2021,Richmond upon Thames 010A,E01003905,683,180,70,110,503,429,74
2021,Richmond upon Thames 010B,E01003906,874,257,98,159,617,506,111
2021,Richmond upon Thames 010C,E01003907,759,231,94,137,528,460,68
2021,Richmond upon Thames 010D,E01003908,908,260,87,173,648,550,98
2021,Richmond upon Thames 010E,E01003909,775,213,87,126,562,442,120
2021,Richmond upon Thames 011D,E01003910,816,221,81,140,595,465,130
2021,Southwark 020A,E01003911,1026,346,122,224,680,583,97
2021,Southwark 019A,E01003912,697,297,114,183,400,361,39
2021,Southwark 024A,E01003913,1234,322,139,183,912,709,203
2021,Southwark 024B,E01003914,1125,247,114,133,878,709,169
2021,Southwark 024C,E01003915,1083,285,121,164,798,650,148
2021,Southwark 020B,E01003916,1361,375,120,255,986,840,146
2021,Southwark 020C,E01003917,1050,261,120,141,789,650,139
2021,Southwark 020D,E01003918,746,203,66,137,543,482,61
2021,Southwark 021A,E01003919,890,232,100,132,658,540,118
2021,Southwark 021B,E01003920,1062,322,107,215,740,642,98
2021,Southwark 021C,E01003921,1194,292,110,182,902,750,152
2021,Southwark 021D,E01003922,1167,390,161,229,777,678,99
2021,Southwark 017A,E01003923,945,266,116,150,679,561,118
2021,Southwark 021E,E01003924,981,356,130,226,625,550,75
2021,Southwark 020E,E01003925,1082,336,133,203,746,634,112
2021,Southwark 021F,E01003926,690,227,85,142,463,407,56
2021,Southwark 002B,E01003929,1269,209,88,121,1060,701,359
2021,Southwark 034A,E01003930,894,246,110,136,648,426,222
2021,Southwark 034B,E01003932,779,218,96,122,561,479,82
2021,Southwark 034C,E01003933,1313,292,146,146,1021,743,278
2021,Southwark 002C,E01003934,1164,210,89,121,954,589,365
2021,Southwark 002D,E01003935,497,144,67,77,353,257,96
2021,Southwark 009A,E01003936,948,147,76,71,801,540,261
2021,Southwark 009B,E01003937,986,232,115,117,754,594,160
2021,Southwark 006A,E01003938,883,231,81,150,652,532,120
2021,Southwark 002E,E01003939,1127,199,100,99,928,659,269
2021,Southwark 006B,E01003940,768,239,93,146,529,460,69
2021,Southwark 006C,E01003941,1289,228,95,133,1061,758,303
2021,Southwark 006D,E01003942,758,242,99,143,516,442,74
2021,Southwark 009C,E01003943,778,242,87,155,536,467,69
2021,Southwark 033A,E01003945,927,240,99,141,687,536,151
2021,Southwark 033B,E01003946,904,265,100,165,639,484,155
2021,Southwark 033C,E01003947,637,228,80,148,409,363,46
2021,Southwark 033D,E01003948,1005,245,111,134,760,627,133
2021,Southwark 032A,E01003949,1063,257,95,162,806,631,175
2021,Southwark 032B,E01003950,952,296,108,188,656,566,90
2021,Southwark 033E,E01003951,652,165,77,88,487,344,143
2021,Southwark 030A,E01003952,1002,227,97,130,775,582,193
2021,Southwark 028A,E01003953,1316,227,82,145,1089,870,219
2021,Southwark 030B,E01003954,933,190,69,121,743,566,177
2021,Southwark 028B,E01003955,1086,200,76,124,886,697,189
2021,Southwark 030C,E01003956,1069,221,69,152,848,645,203
2021,Southwark 032C,E01003957,1045,234,79,155,811,640,171
2021,Southwark 032D,E01003958,1012,277,103,174,735,567,168
2021,Southwark 012A,E01003960,1017,244,104,140,773,585,188
2021,Southwark 012B,E01003961,902,335,123,212,567,498,69
2021,Southwark 016A,E01003963,790,276,97,179,514,448,66
2021,Southwark 015B,E01003966,1097,417,202,215,680,582,98
2021,Southwark 017B,E01003969,1502,408,181,227,1094,911,183
2021,Southwark 015D,E01003971,578,203,72,131,375,327,48
2021,Southwark 016D,E01003972,763,220,99,121,543,473,70
2021,Southwark 016E,E01003973,901,268,107,161,633,547,86
2021,Southwark 004A,E01003975,885,219,75,144,666,538,128
2021,Southwark 036D,E01003976,1412,283,112,171,1129,791,338
2021,Southwark 010A,E01003977,966,244,87,157,722,589,133
2021,Southwark 006E,E01003979,1082,229,100,129,853,629,224
2021,Southwark 013A,E01003980,979,310,120,190,669,566,103
2021,Southwark 006F,E01003981,735,174,85,89,561,420,141
2021,Southwark 018A,E01003983,782,297,107,190,485,409,76
2021,Southwark 023A,E01003984,1314,321,109,212,993,797,196
2021,Southwark 011A,E01003986,715,202,59,143,513,448,65
2021,Southwark 011B,E01003987,871,240,91,149,631,534,97
2021,Southwark 018B,E01003988,943,357,129,228,586,504,82
2021,Southwark 018C,E01003989,1162,351,158,193,811,680,131
2021,Southwark 018D,E01003990,1109,406,168,238,703,606,97
2021,Southwark 017C,E01003991,549,178,64,114,371,317,54
2021,Southwark 014A,E01003992,679,212,84,128,467,409,58
2021,Southwark 017D,E01003993,964,293,110,183,671,593,78
2021,Southwark 012E,E01003994,1072,231,94,137,841,682,159
2021,Southwark 014B,E01003995,686,169,62,107,517,421,96
2021,Southwark 017E,E01003997,679,165,56,109,514,410,104
2021,Southwark 014D,E01003998,815,159,68,91,656,512,144
2021,Southwark 014E,E01003999,780,209,81,128,571,482,89
2021,Southwark 026A,E01004000,1045,256,115,141,789,682,107
2021,Southwark 026B,E01004001,747,243,77,166,504,439,65
2021,Southwark 029A,E01004002,904,215,75,140,689,540,149
2021,Southwark 023B,E01004003,898,284,99,185,614,535,79
2021,Southwark 023C,E01004004,1453,380,153,227,1073,906,167
2021,Southwark 023D,E01004005,1168,327,109,218,841,705,136
2021,Southwark 023E,E01004006,996,271,96,175,725,575,150
2021,Southwark 018E,E01004007,669,244,85,159,425,388,37
2021,Southwark 022B,E01004008,1014,315,116,199,699,614,85
2021,Southwark 022D,E01004010,800,272,121,151,528,448,80
2021,Southwark 019B,E01004011,1017,309,115,194,708,621,87
2021,Southwark 019C,E01004012,1237,356,106,250,881,744,137
2021,Southwark 019D,E01004013,900,252,100,152,648,578,70
2021,Southwark 019E,E01004014,955,346,123,223,609,500,109
2021,Southwark 028C,E01004015,911,239,89,150,672,529,143
2021,Southwark 029B,E01004016,1426,344,140,204,1082,906,176
2021,Southwark 029C,E01004017,924,250,100,150,674,512,162
2021,Southwark 032E,E01004018,1132,267,105,162,865,680,185
2021,Southwark 026C,E01004019,1157,299,119,180,858,709,149
2021,Southwark 029D,E01004020,857,270,81,189,587,514,73
2021,Southwark 028D,E01004021,1415,264,79,185,1151,908,243
2021,Southwark 004D,E01004023,904,242,111,131,662,538,124
2021,Southwark 011C,E01004024,948,270,96,174,678,581,97
2021,Southwark 004E,E01004028,1342,302,117,185,1040,847,193
2021,Southwark 001A,E01004029,1355,194,74,120,1161,899,262
2021,Southwark 007A,E01004030,876,200,79,121,676,541,135
2021,Southwark 007B,E01004031,1610,289,132,157,1321,1030,291
2021,Southwark 001B,E01004032,1053,185,72,113,868,708,160
2021,Southwark 007C,E01004033,1366,289,110,179,1077,843,234
2021,Southwark 007D,E01004034,818,248,98,150,570,482,88
2021,Southwark 011D,E01004035,686,192,73,119,494,426,68
2021,Southwark 007E,E01004036,1015,319,120,199,696,601,95
2021,Southwark 010B,E01004037,1073,287,114,173,786,669,117
2021,Southwark 010C,E01004038,1326,384,132,252,942,794,148
2021,Southwark 013B,E01004039,860,241,98,143,619,526,93
2021,Southwark 013C,E01004040,760,260,105,155,500,440,60
2021,Southwark 013D,E01004041,795,214,81,133,581,502,79
2021,Southwark 010D,E01004042,934,242,115,127,692,592,100
2021,Southwark 010E,E01004043,728,143,58,85,585,470,115
2021,Southwark 013E,E01004044,670,203,78,125,467,400,67
2021,Southwark 027A,E01004045,721,218,76,142,503,445,58
2021,Southwark 028E,E01004046,890,184,71,113,706,541,165
2021,Southwark 027B,E01004047,889,256,108,148,633,562,71
2021,Southwark 027C,E01004048,914,200,70,130,714,610,104
2021,Southwark 027D,E01004049,668,190,60,130,478,413,65
2021,Southwark 024D,E01004050,901,183,84,99,718,539,179
2021,Southwark 027E,E01004051,786,172,66,106,614,515,99
2021,Southwark 024E,E01004052,1110,221,86,135,889,695,194
2021,Southwark 001C,E01004053,1304,202,82,120,1102,850,252
2021,Southwark 001D,E01004054,1075,162,63,99,913,728,185
2021,Southwark 001E,E01004055,606,182,64,118,424,371,53
2021,Southwark 008A,E01004056,1411,254,101,153,1157,928,229
2021,Southwark 008B,E01004057,1297,250,98,152,1047,806,241
2021,Southwark 008C,E01004058,1298,221,102,119,1077,888,189
2021,Southwark 008D,E01004059,1447,197,80,117,1250,992,258
2021,Southwark 008E,E01004060,1100,270,115,155,830,667,163
2021,Southwark 025A,E01004061,1056,235,91,144,821,642,179
2021,Southwark 025B,E01004062,1298,328,121,207,970,802,168
2021,Southwark 025C,E01004063,1167,247,86,161,920,715,205
2021,Southwark 026D,E01004064,1081,307,102,205,774,668,106
2021,Southwark 025D,E01004065,943,197,71,126,746,592,154
2021,Southwark 025E,E01004066,1089,329,132,197,760,603,157
2021,Southwark 022E,E01004067,1172,389,149,240,783,672,111
2021,Southwark 026E,E01004068,941,263,99,164,678,570,108
2021,Southwark 031A,E01004069,602,148,62,86,454,287,167
2021,Southwark 031B,E01004070,985,252,93,159,733,550,183
2021,Southwark 030D,E01004071,853,223,97,126,630,477,153
2021,Southwark 030E,E01004072,912,226,91,135,686,490,196
2021,Southwark 031C,E01004073,1013,220,83,137,793,575,218
2021,Southwark 031D,E01004074,840,220,93,127,620,440,180
2021,Southwark 031E,E01004075,850,244,125,119,606,398,208
2021,Sutton 011A,E01004076,798,232,74,158,566,496,70
2021,Sutton 011B,E01004077,791,248,87,161,543,474,69
2021,Sutton 011C,E01004078,895,249,83,166,646,559,87
2021,Sutton 011D,E01004079,746,213,77,136,533,450,83
2021,Sutton 011E,E01004080,691,202,82,120,489,442,47
2021,Sutton 011F,E01004081,848,245,89,156,603,529,74
2021,Sutton 011G,E01004082,712,210,84,126,502,436,66
2021,Sutton 019A,E01004083,616,223,81,142,393,357,36
2021,Sutton 024A,E01004084,667,190,71,119,477,389,88
2021,Sutton 024B,E01004085,780,207,75,132,573,472,101
2021,Sutton 019B,E01004086,977,268,94,174,709,603,106
2021,Sutton 017A,E01004087,741,208,86,122,533,460,73
2021,Sutton 019C,E01004088,764,297,93,204,467,407,60
2021,Sutton 019D,E01004089,545,167,63,104,378,333,45
2021,Sutton 021A,E01004090,553,211,69,142,342,299,43
2021,Sutton 022A,E01004091,594,175,75,100,419,353,66
2021,Sutton 022B,E01004092,712,209,110,99,503,378,125
2021,Sutton 025A,E01004093,767,187,76,111,580,496,84
2021,Sutton 025B,E01004094,967,223,66,157,744,643,101
2021,Sutton 025C,E01004095,760,188,57,131,572,479,93
2021,Sutton 021B,E01004096,877,204,80,124,673,596,77
2021,Sutton 015A,E01004097,865,226,91,135,639,559,80
2021,Sutton 015B,E01004098,666,184,74,110,482,394,88
2021,Sutton 015C,E01004099,860,198,85,113,662,553,109
2021,Sutton 015D,E01004100,752,244,88,156,508,437,71
2021,Sutton 013A,E01004101,702,203,67,136,499,403,96
2021,Sutton 015E,E01004102,784,208,72,136,576,476,100
2021,Sutton 013B,E01004103,981,270,104,166,711,616,95
2021,Sutton 020A,E01004104,727,225,92,133,502,390,112
2021,Sutton 022C,E01004105,916,266,96,170,650,541,109
2021,Sutton 022D,E01004106,761,241,105,136,520,410,110
2021,Sutton 020B,E01004107,790,211,84,127,579,487,92
2021,Sutton 024C,E01004108,1008,267,107,160,741,591,150
2021,Sutton 024D,E01004109,818,247,72,175,571,495,76
2021,Sutton 016A,E01004110,1008,302,103,199,706,600,106
2021,Sutton 016B,E01004111,825,237,103,134,588,511,77
2021,Sutton 016C,E01004112,778,243,101,142,535,406,129
2021,Sutton 025D,E01004114,776,260,122,138,516,358,158
2021,Sutton 009A,E01004115,938,265,92,173,673,586,87
2021,Sutton 008A,E01004116,734,207,79,128,527,429,98
2021,Sutton 006A,E01004117,797,200,71,129,597,492,105
2021,Sutton 009B,E01004118,884,279,94,185,605,509,96
2021,Sutton 009C,E01004119,742,221,63,158,521,446,75
2021,Sutton 016D,E01004120,757,245,82,163,512,434,78
2021,Sutton 006B,E01004121,791,232,95,137,559,487,72
2021,Sutton 008B,E01004122,683,182,71,111,501,417,84
2021,Sutton 002A,E01004123,1101,323,99,224,778,693,85
2021,Sutton 002B,E01004124,979,318,124,194,661,575,86
2021,Sutton 001A,E01004125,726,213,83,130,513,439,74
2021,Sutton 002C,E01004126,740,211,76,135,529,479,50
2021,Sutton 005A,E01004127,907,278,85,193,629,537,92
2021,Sutton 002D,E01004128,734,212,72,140,522,461,61
2021,Sutton 002E,E01004129,842,280,104,176,562,485,77
2021,Sutton 003A,E01004130,897,279,105,174,618,530,88
2021,Sutton 003B,E01004131,965,268,94,174,697,605,92
2021,Sutton 009D,E01004132,832,264,102,162,568,489,79
2021,Sutton 009E,E01004133,811,265,99,166,546,479,67
2021,Sutton 003C,E01004134,776,249,87,162,527,464,63
2021,Sutton 003D,E01004135,689,210,84,126,479,415,64
2021,Sutton 003E,E01004136,815,215,83,132,600,523,77
2021,Sutton 012A,E01004137,1509,315,118,197,1194,1018,176
2021,Sutton 013C,E01004138,946,255,92,163,691,592,99
2021,Sutton 013D,E01004139,817,231,70,161,586,502,84
2021,Sutton 012B,E01004140,877,286,111,175,591,507,84
2021,Sutton 012C,E01004141,830,268,105,163,562,498,64
2021,Sutton 014A,E01004143,832,209,65,144,623,542,81
2021,Sutton 007A,E01004144,899,266,108,158,633,531,102
2021,Sutton 007B,E01004145,1125,334,110,224,791,705,86
2021,Sutton 007C,E01004146,1048,315,119,196,733,632,101
2021,Sutton 007D,E01004147,756,229,74,155,527,459,68
2021,Sutton 014B,E01004148,743,229,80,149,514,446,68
2021,Sutton 012E,E01004149,913,254,89,165,659,571,88
2021,Sutton 021C,E01004150,1028,239,83,156,789,679,110
2021,Sutton 021D,E01004151,1008,253,107,146,755,657,98
2021,Sutton 018A,E01004152,854,196,75,121,658,575,83
2021,Sutton 021E,E01004153,988,217,74,143,771,674,97
2021,Sutton 022E,E01004154,662,198,79,119,464,360,104
2021,Sutton 018B,E01004155,994,208,78,130,786,655,131
2021,Sutton 018C,E01004156,1085,254,99,155,831,730,101
2021,Sutton 016E,E01004157,617,170,74,96,447,362,85
2021,Sutton 018D,E01004158,830,202,71,131,628,541,87
2021,Sutton 014C,E01004159,846,239,89,150,607,532,75
2021,Sutton 014D,E01004160,915,240,95,145,675,569,106
2021,Sutton 014E,E01004161,800,208,67,141,592,518,74
2021,Sutton 018E,E01004162,923,260,97,163,663,588,75
2021,Sutton 005B,E01004163,913,253,84,169,660,579,81
2021,Sutton 004A,E01004164,791,193,68,125,598,533,65
2021,Sutton 005C,E01004165,944,250,81,169,694,601,93
2021,Sutton 004B,E01004166,813,177,53,124,636,544,92
2021,Sutton 005D,E01004167,707,246,89,157,461,402,59
2021,Sutton 013E,E01004168,837,229,92,137,608,505,103
2021,Sutton 004C,E01004169,917,213,74,139,704,632,72
2021,Sutton 017B,E01004170,1152,308,114,194,844,732,112
2021,Sutton 010A,E01004171,771,203,67,136,568,491,77
2021,Sutton 010B,E01004172,931,325,126,199,606,527,79
2021,Sutton 010C,E01004173,663,201,75,126,462,399,63
2021,Sutton 017C,E01004174,811,211,85,126,600,505,95
2021,Sutton 010D,E01004175,951,274,101,173,677,593,84
2021,Sutton 010E,E01004176,824,222,95,127,602,519,83
2021,Sutton 020C,E01004177,720,197,69,128,523,452,71
2021,Sutton 017D,E01004178,1139,317,110,207,822,680,142
2021,Sutton 017E,E01004179,841,244,84,160,597,494,103
2021,Sutton 020D,E01004180,837,268,110,158,569,447,122
2021,Sutton 020E,E01004181,791,242,95,147,549,460,89
2021,Sutton 019E,E01004182,766,254,81,173,512,443,69
2021,Sutton 001B,E01004183,891,270,83,187,621,544,77
2021,Sutton 001C,E01004184,750,240,78,162,510,454,56
2021,Sutton 001D,E01004185,996,260,107,153,736,653,83
2021,Sutton 004D,E01004186,973,260,83,177,713,632,81
2021,Sutton 005E,E01004187,808,212,63,149,596,527,69
2021,Sutton 001E,E01004189,961,288,99,189,673,597,76
2021,Sutton 008C,E01004190,695,195,73,122,500,419,81
2021,Sutton 008D,E01004191,934,277,99,178,657,554,103
2021,Sutton 006C,E01004192,981,230,93,137,751,633,118
2021,Sutton 006D,E01004193,1441,363,118,245,1078,895,183
2021,Sutton 008E,E01004194,812,209,68,141,603,528,75
2021,Sutton 006E,E01004195,873,244,89,155,629,541,88
2021,Sutton 008F,E01004196,787,212,72,140,575,479,96
2021,Tower Hamlets 002B,E01004198,635,224,71,153,411,365,46
2021,Tower Hamlets 002C,E01004199,694,240,81,159,454,382,72
2021,Tower Hamlets 005A,E01004200,881,200,88,112,681,551,130
2021,Tower Hamlets 002D,E01004201,904,259,93,166,645,550,95
2021,Tower Hamlets 005B,E01004202,1150,298,99,199,852,659,193
2021,Tower Hamlets 005C,E01004203,976,251,113,138,725,588,137
2021,Tower Hamlets 005D,E01004204,891,288,121,167,603,522,81
2021,Tower Hamlets 013A,E01004205,880,310,93,217,570,462,108
2021,Tower Hamlets 013B,E01004206,574,231,79,152,343,296,47
2021,Tower Hamlets 011A,E01004207,651,191,66,125,460,400,60
2021,Tower Hamlets 013C,E01004208,1123,276,119,157,847,700,147
2021,Tower Hamlets 011B,E01004209,517,221,84,137,296,263,33
2021,Tower Hamlets 013D,E01004211,960,207,83,124,753,601,152
2021,Tower Hamlets 011D,E01004212,1033,285,94,191,748,603,145
2021,Tower Hamlets 030A,E01004214,646,240,88,152,406,349,57
2021,Tower Hamlets 030B,E01004216,970,238,90,148,732,604,128
2021,Tower Hamlets 030C,E01004217,1025,275,110,165,750,601,149
2021,Tower Hamlets 030D,E01004218,1069,242,91,151,827,678,149
2021,Tower Hamlets 035B,E01004219,1347,338,132,206,1009,808,201
2021,Tower Hamlets 036A,E01004221,1090,242,113,129,848,672,176
2021,Tower Hamlets 001A,E01004222,1164,376,136,240,788,658,130
2021,Tower Hamlets 001B,E01004223,959,302,102,200,657,541,116
2021,Tower Hamlets 001D,E01004226,1175,332,132,200,843,693,150
2021,Tower Hamlets 003A,E01004228,1139,275,111,164,864,674,190
2021,Tower Hamlets 004C,E01004229,717,184,64,120,533,453,80
2021,Tower Hamlets 003B,E01004230,1100,271,102,169,829,686,143
2021,Tower Hamlets 004D,E01004231,740,279,118,161,461,383,78
2021,Tower Hamlets 003C,E01004232,1021,224,98,126,797,594,203
2021,Tower Hamlets 003D,E01004233,1001,297,113,184,704,585,119
2021,Tower Hamlets 003E,E01004234,1532,342,124,218,1190,950,240
2021,Tower Hamlets 008A,E01004235,513,228,88,140,285,255,30
2021,Tower Hamlets 008B,E01004236,576,282,100,182,294,268,26
2021,Tower Hamlets 008C,E01004237,710,204,58,146,506,431,75
2021,Tower Hamlets 008E,E01004239,670,277,92,185,393,349,44
2021,Tower Hamlets 012A,E01004240,660,260,86,174,400,359,41
2021,Tower Hamlets 012B,E01004241,611,244,96,148,367,311,56
2021,Tower Hamlets 020A,E01004243,569,211,55,156,358,301,57
2021,Tower Hamlets 020B,E01004244,827,267,99,168,560,494,66
2021,Tower Hamlets 018A,E01004245,1445,404,172,232,1041,897,144
2021,Tower Hamlets 020C,E01004247,1095,402,147,255,693,593,100
2021,Tower Hamlets 018C,E01004248,701,265,88,177,436,379,57
2021,Tower Hamlets 018D,E01004249,894,358,136,222,536,474,62
2021,Tower Hamlets 023A,E01004251,1141,355,115,240,786,641,145
2021,Tower Hamlets 023C,E01004255,741,256,99,157,485,402,83
2021,Tower Hamlets 024C,E01004256,642,239,84,155,403,359,44
2021,Tower Hamlets 024D,E01004257,857,360,119,241,497,400,97
2021,Tower Hamlets 023D,E01004258,850,183,68,115,667,490,177
2021,Tower Hamlets 007A,E01004259,1028,282,108,174,746,609,137
2021,Tower Hamlets 007B,E01004260,738,250,88,162,488,416,72
2021,Tower Hamlets 007C,E01004263,582,220,86,134,362,300,62
2021,Tower Hamlets 010C,E01004264,523,227,81,146,296,265,31
2021,Tower Hamlets 007D,E01004266,737,199,72,127,538,439,99
2021,Tower Hamlets 012D,E01004267,1144,327,124,203,817,666,151
2021,Tower Hamlets 012E,E01004268,764,272,89,183,492,435,57
2021,Tower Hamlets 014B,E01004270,1312,361,163,198,951,800,151
2021,Tower Hamlets 014C,E01004271,1178,340,122,218,838,681,157
2021,Tower Hamlets 014D,E01004272,1183,439,148,291,744,651,93
2021,Tower Hamlets 031A,E01004274,887,254,82,172,633,529,104
2021,Tower Hamlets 031B,E01004275,1147,297,106,191,850,712,138
2021,Tower Hamlets 031C,E01004276,1392,225,110,115,1167,918,249
2021,Tower Hamlets 033A,E01004277,1110,129,48,81,981,641,340
2021,Tower Hamlets 032A,E01004280,937,252,92,160,685,534,151
2021,Tower Hamlets 031D,E01004281,1212,247,124,123,965,797,168
2021,Tower Hamlets 016A,E01004283,959,399,138,261,560,482,78
2021,Tower Hamlets 019C,E01004286,1052,354,144,210,698,581,117
2021,Tower Hamlets 016B,E01004287,870,343,117,226,527,417,110
2021,Tower Hamlets 019D,E01004288,690,296,107,189,394,340,54
2021,Tower Hamlets 016C,E01004289,844,300,123,177,544,452,92
2021,Tower Hamlets 016D,E01004290,973,310,134,176,663,534,129
2021,Tower Hamlets 027A,E01004291,1234,199,87,112,1035,736,299
2021,Tower Hamlets 026A,E01004292,1160,149,65,84,1011,756,255
2021,Tower Hamlets 027B,E01004293,1343,203,89,114,1140,789,351
2021,Tower Hamlets 026C,E01004295,835,314,105,209,521,435,86
2021,Tower Hamlets 026D,E01004296,1348,311,125,186,1037,777,260
2021,Tower Hamlets 027C,E01004297,1269,228,73,155,1041,740,301
2021,Tower Hamlets 022A,E01004298,652,253,101,152,399,347,52
2021,Tower Hamlets 022B,E01004300,581,227,82,145,354,300,54
2021,Tower Hamlets 025B,E01004301,633,222,87,135,411,348,63
2021,Tower Hamlets 025C,E01004302,697,260,83,177,437,390,47
2021,Tower Hamlets 025D,E01004303,1235,387,116,271,848,662,186
2021,Tower Hamlets 022C,E01004304,827,329,105,224,498,427,71
2021,Tower Hamlets 022D,E01004305,767,282,103,179,485,421,64
2021,Tower Hamlets 015A,E01004306,924,245,108,137,679,501,178
2021,Tower Hamlets 015B,E01004307,1303,214,92,122,1089,699,390
2021,Tower Hamlets 015C,E01004308,692,202,88,114,490,406,84
2021,Tower Hamlets 015D,E01004309,1222,404,182,222,818,659,159
2021,Tower Hamlets 015E,E01004310,1001,272,113,159,729,545,184
2021,Tower Hamlets 006A,E01004311,874,250,102,148,624,495,129
2021,Tower Hamlets 009A,E01004312,611,209,76,133,402,327,75
2021,Tower Hamlets 009B,E01004313,1024,315,112,203,709,573,136
2021,Tower Hamlets 006C,E01004315,795,212,87,125,583,447,136
2021,Tower Hamlets 009C,E01004316,563,126,53,73,437,322,115
2021,Tower Hamlets 021A,E01004319,1091,397,161,236,694,563,131
2021,Tower Hamlets 021C,E01004321,1027,309,127,182,718,575,143
2021,Tower Hamlets 017A,E01004322,646,224,84,140,422,340,82
2021,Tower Hamlets 017B,E01004323,726,249,111,138,477,388,89
2021,Tower Hamlets 017C,E01004324,659,264,88,176,395,347,48
2021,Tower Hamlets 017D,E01004326,946,279,128,151,667,558,109
2021,Waltham Forest 028A,E01004327,688,250,111,139,438,361,77
2021,Waltham Forest 028B,E01004328,978,292,101,191,686,597,89
2021,Waltham Forest 028C,E01004329,988,295,117,178,693,575,118
2021,Waltham Forest 028D,E01004330,924,234,88,146,690,579,111
2021,Waltham Forest 028E,E01004331,852,257,78,179,595,507,88
2021,Waltham Forest 028F,E01004332,998,287,130,157,711,629,82
2021,Waltham Forest 024A,E01004333,796,272,106,166,524,450,74
2021,Waltham Forest 024B,E01004334,875,303,102,201,572,469,103
2021,Waltham Forest 027A,E01004335,773,303,114,189,470,403,67
2021,Waltham Forest 026A,E01004336,841,274,104,170,567,506,61
2021,Waltham Forest 027B,E01004337,856,258,80,178,598,518,80
2021,Waltham Forest 027C,E01004338,1216,366,121,245,850,734,116
2021,Waltham Forest 027D,E01004339,1075,305,107,198,770,665,105
2021,Waltham Forest 027E,E01004340,894,298,94,204,596,544,52
2021,Waltham Forest 027F,E01004341,924,316,132,184,608,520,88
2021,Waltham Forest 011A,E01004342,1062,316,121,195,746,627,119
2021,Waltham Forest 008A,E01004343,964,259,86,173,705,613,92
2021,Waltham Forest 008B,E01004344,876,304,104,200,572,496,76
2021,Waltham Forest 010A,E01004345,954,284,111,173,670,566,104
2021,Waltham Forest 011B,E01004346,907,271,73,198,636,554,82
2021,Waltham Forest 011C,E01004347,1180,314,108,206,866,743,123
2021,Waltham Forest 010B,E01004348,1622,446,164,282,1176,1005,171
2021,Waltham Forest 001A,E01004349,700,235,85,150,465,407,58
2021,Waltham Forest 001B,E01004350,723,218,75,143,505,441,64
2021,Waltham Forest 001C,E01004351,799,254,105,149,545,468,77
2021,Waltham Forest 002A,E01004352,935,262,136,126,673,542,131
2021,Waltham Forest 002B,E01004353,895,265,113,152,630,515,115
2021,Waltham Forest 002C,E01004354,1004,306,121,185,698,581,117
2021,Waltham Forest 004A,E01004355,757,260,92,168,497,425,72
2021,Waltham Forest 001D,E01004356,802,258,98,160,544,469,75
2021,Waltham Forest 001E,E01004357,737,223,112,111,514,426,88
2021,Waltham Forest 002D,E01004358,970,262,99,163,708,596,112
2021,Waltham Forest 002E,E01004359,847,234,95,139,613,527,86
2021,Waltham Forest 004B,E01004360,631,193,78,115,438,358,80
2021,Waltham Forest 005A,E01004361,694,239,103,136,455,370,85
2021,Waltham Forest 021A,E01004362,892,215,90,125,677,560,117
2021,Waltham Forest 019A,E01004363,826,219,72,147,607,508,99
2021,Waltham Forest 019B,E01004364,867,270,95,175,597,511,86
2021,Waltham Forest 020A,E01004365,1146,419,116,303,727,609,118
2021,Waltham Forest 019C,E01004366,994,301,136,165,693,608,85
2021,Waltham Forest 019D,E01004367,772,244,102,142,528,477,51
2021,Waltham Forest 019E,E01004368,1111,324,139,185,787,657,130
2021,Waltham Forest 023A,E01004369,1016,267,118,149,749,636,113
2021,Waltham Forest 023B,E01004370,1243,279,100,179,964,812,152
2021,Waltham Forest 025A,E01004371,883,217,102,115,666,544,122
2021,Waltham Forest 023C,E01004372,1047,247,104,143,800,660,140
2021,Waltham Forest 025B,E01004373,932,267,105,162,665,562,103
2021,Waltham Forest 025C,E01004374,1121,294,133,161,827,691,136
2021,Waltham Forest 025D,E01004375,1087,313,123,190,774,624,150
2021,Waltham Forest 025E,E01004376,1062,308,113,195,754,634,120
2021,Waltham Forest 010C,E01004377,891,283,95,188,608,502,106
2021,Waltham Forest 010D,E01004378,910,234,87,147,676,566,110
2021,Waltham Forest 007A,E01004379,1074,250,92,158,824,696,128
2021,Waltham Forest 007B,E01004380,826,228,88,140,598,488,110
2021,Waltham Forest 007C,E01004381,1075,285,101,184,790,669,121
2021,Waltham Forest 008C,E01004382,783,259,97,162,524,457,67
2021,Waltham Forest 007D,E01004383,843,250,90,160,593,505,88
2021,Waltham Forest 003A,E01004384,882,276,101,175,606,523,83
2021,Waltham Forest 003B,E01004385,722,187,68,119,535,450,85
2021,Waltham Forest 003C,E01004386,870,233,88,145,637,525,112
2021,Waltham Forest 007E,E01004387,737,194,74,120,543,462,81
2021,Waltham Forest 007F,E01004388,788,230,92,138,558,443,115
2021,Waltham Forest 003D,E01004389,793,251,102,149,542,468,74
2021,Waltham Forest 003E,E01004390,714,244,95,149,470,403,67
2021,Waltham Forest 014A,E01004391,1337,380,165,215,957,832,125
2021,Waltham Forest 017A,E01004392,1401,390,132,258,1011,843,168
2021,Waltham Forest 014B,E01004393,865,235,88,147,630,540,90
2021,Waltham Forest 017B,E01004394,1017,279,99,180,738,620,118
2021,Waltham Forest 018A,E01004395,928,227,68,159,701,599,102
2021,Waltham Forest 012A,E01004396,1061,338,143,195,723,613,110
2021,Waltham Forest 017C,E01004397,1659,432,167,265,1227,1033,194
2021,Waltham Forest 009A,E01004398,876,294,95,199,582,496,86
2021,Waltham Forest 009B,E01004399,756,267,90,177,489,428,61
2021,Waltham Forest 009C,E01004400,957,260,106,154,697,604,93
2021,Waltham Forest 014C,E01004401,1283,309,100,209,974,839,135
2021,Waltham Forest 009D,E01004402,850,256,79,177,594,517,77
2021,Waltham Forest 009E,E01004403,1279,334,107,227,945,811,134
2021,Waltham Forest 014D,E01004404,1356,401,119,282,955,837,118
2021,Waltham Forest 020B,E01004405,821,230,89,141,591,506,85
2021,Waltham Forest 016A,E01004406,996,261,91,170,735,607,128
2021,Waltham Forest 013A,E01004407,637,252,85,167,385,333,52
2021,Waltham Forest 016B,E01004408,939,243,87,156,696,573,123
2021,Waltham Forest 016C,E01004409,910,277,102,175,633,519,114
2021,Waltham Forest 013B,E01004410,845,254,96,158,591,508,83
2021,Waltham Forest 016D,E01004411,1202,296,108,188,906,790,116
2021,Waltham Forest 015A,E01004412,1031,227,83,144,804,649,155
2021,Waltham Forest 004C,E01004413,678,171,76,95,507,430,77
2021,Waltham Forest 005B,E01004414,868,252,93,159,616,513,103
2021,Waltham Forest 004D,E01004415,698,217,83,134,481,401,80
2021,Waltham Forest 004E,E01004416,938,244,100,144,694,599,95
2021,Waltham Forest 005C,E01004417,856,275,93,182,581,495,86
2021,Waltham Forest 008D,E01004418,846,264,94,170,582,507,75
2021,Waltham Forest 008E,E01004419,1289,360,135,225,929,807,122
2021,Waltham Forest 020C,E01004420,1100,388,148,240,712,612,100
2021,Waltham Forest 018B,E01004421,969,325,126,199,644,555,89
2021,Waltham Forest 022A,E01004422,1386,359,135,224,1027,860,167
2021,Waltham Forest 020D,E01004423,914,288,116,172,626,541,85
2021,Waltham Forest 022B,E01004424,1016,309,119,190,707,633,74
2021,Waltham Forest 022C,E01004425,1096,309,122,187,787,676,111
2021,Waltham Forest 022D,E01004426,891,272,121,151,619,545,74
2021,Waltham Forest 022E,E01004427,1111,306,121,185,805,682,123
2021,Waltham Forest 026B,E01004428,837,287,95,192,550,490,60
2021,Waltham Forest 026C,E01004429,918,251,90,161,667,598,69
2021,Waltham Forest 026D,E01004430,1628,382,145,237,1246,1038,208
2021,Waltham Forest 023D,E01004432,978,291,99,192,687,589,98
2021,Waltham Forest 026E,E01004434,948,311,98,213,637,553,84
2021,Waltham Forest 023E,E01004435,992,299,103,196,693,600,93
2021,Waltham Forest 021B,E01004436,823,232,106,126,591,484,107
2021,Waltham Forest 021C,E01004437,959,281,115,166,678,576,102
2021,Waltham Forest 024C,E01004438,1246,322,133,189,924,777,147
2021,Waltham Forest 021D,E01004439,896,236,83,153,660,552,108
2021,Waltham Forest 024D,E01004440,1193,321,115,206,872,745,127
2021,Waltham Forest 024E,E01004441,834,206,88,118,628,527,101
2021,Waltham Forest 021E,E01004442,899,222,78,144,677,564,113
2021,Waltham Forest 016E,E01004443,1208,334,100,234,874,737,137
2021,Waltham Forest 017D,E01004444,1553,426,153,273,1127,970,157
2021,Waltham Forest 018C,E01004445,1086,307,126,181,779,644,135
2021,Waltham Forest 017E,E01004446,1421,370,118,252,1051,896,155
2021,Waltham Forest 016F,E01004447,1010,270,98,172,740,630,110
2021,Waltham Forest 018D,E01004448,1034,291,100,191,743,627,116
2021,Waltham Forest 018E,E01004449,748,243,93,150,505,448,57
2021,Waltham Forest 006A,E01004450,841,242,77,165,599,514,85
2021,Waltham Forest 005D,E01004451,862,270,96,174,592,518,74
2021,Waltham Forest 005E,E01004452,899,288,113,175,611,508,103
2021,Waltham Forest 006B,E01004453,845,295,113,182,550,469,81
2021,Waltham Forest 006C,E01004454,908,332,125,207,576,477,99
2021,Waltham Forest 006D,E01004455,815,261,81,180,554,486,68
2021,Waltham Forest 006E,E01004456,686,276,86,190,410,362,48
2021,Waltham Forest 012B,E01004457,1094,277,111,166,817,702,115
2021,Waltham Forest 012C,E01004458,1039,282,102,180,757,653,104
2021,Waltham Forest 012D,E01004459,623,265,87,178,358,331,27
2021,Waltham Forest 011D,E01004460,1070,309,99,210,761,663,98
2021,Waltham Forest 011E,E01004462,1214,337,124,213,877,737,140
2021,Waltham Forest 012E,E01004463,1225,294,95,199,931,780,151
2021,Waltham Forest 013C,E01004464,797,266,91,175,531,449,82
2021,Waltham Forest 015B,E01004465,840,229,76,153,611,511,100
2021,Waltham Forest 015C,E01004466,973,217,71,146,756,586,170
2021,Waltham Forest 015D,E01004467,1105,356,135,221,749,646,103
2021,Waltham Forest 015E,E01004468,953,265,93,172,688,570,118
2021,Waltham Forest 013D,E01004469,806,280,95,185,526,449,77
2021,Waltham Forest 013E,E01004470,817,229,86,143,588,501,87
2021,Waltham Forest 013F,E01004471,826,267,89,178,559,474,85
2021,Wandsworth 021A,E01004472,1169,167,60,107,1002,720,282
2021,Wandsworth 026A,E01004473,1164,142,58,84,1022,774,248
2021,Wandsworth 021B,E01004474,1488,184,66,118,1304,1037,267
2021,Wandsworth 026B,E01004475,938,131,54,77,807,608,199
2021,Wandsworth 021C,E01004476,1247,197,76,121,1050,796,254
2021,Wandsworth 017A,E01004477,862,164,72,92,698,414,284
2021,Wandsworth 017B,E01004478,799,174,84,90,625,377,248
2021,Wandsworth 017C,E01004479,870,162,76,86,708,475,233
2021,Wandsworth 026C,E01004480,1228,127,55,72,1101,808,293
2021,Wandsworth 029A,E01004481,1160,196,79,117,964,804,160
2021,Wandsworth 030A,E01004482,993,165,57,108,828,682,146
2021,Wandsworth 026D,E01004483,1416,259,119,140,1157,963,194
2021,Wandsworth 026E,E01004484,1004,150,65,85,854,699,155
2021,Wandsworth 030B,E01004485,1115,167,63,104,948,746,202
2021,Wandsworth 026F,E01004486,989,138,61,77,851,660,191
2021,Wandsworth 030C,E01004487,947,150,60,90,797,601,196
2021,Wandsworth 029B,E01004488,751,142,59,83,609,437,172
2021,Wandsworth 030D,E01004489,743,137,51,86,606,429,177
2021,Wandsworth 031A,E01004490,979,163,68,95,816,575,241
2021,Wandsworth 031B,E01004491,1461,271,119,152,1190,1052,138
2021,Wandsworth 031C,E01004492,1036,226,74,152,810,639,171
2021,Wandsworth 019A,E01004493,1225,205,77,128,1020,777,243
2021,Wandsworth 018A,E01004494,1115,192,64,128,923,750,173
2021,Wandsworth 024A,E01004495,817,206,65,141,611,511,100
2021,Wandsworth 024B,E01004496,1374,165,47,118,1209,923,286
2021,Wandsworth 024C,E01004497,769,146,71,75,623,468,155
2021,Wandsworth 031D,E01004498,1145,142,44,98,1003,724,279
2021,Wandsworth 020A,E01004499,1041,187,63,124,854,633,221
2021,Wandsworth 014A,E01004500,1298,208,80,128,1090,869,221
2021,Wandsworth 014B,E01004501,824,202,77,125,622,510,112
2021,Wandsworth 020B,E01004502,995,188,85,103,807,572,235
2021,Wandsworth 014C,E01004503,1028,192,91,101,836,632,204
2021,Wandsworth 020C,E01004504,829,210,88,122,619,425,194
2021,Wandsworth 014D,E01004505,957,195,84,111,762,596,166
2021,Wandsworth 011A,E01004506,1499,207,104,103,1292,957,335
2021,Wandsworth 014E,E01004507,1735,227,84,143,1508,1160,348
2021,Wandsworth 012A,E01004508,1445,184,80,104,1261,944,317
2021,Wandsworth 012B,E01004510,1230,194,86,108,1036,777,259
2021,Wandsworth 010B,E01004511,1078,151,62,89,927,701,226
2021,Wandsworth 019B,E01004512,843,181,83,98,662,458,204
2021,Wandsworth 018B,E01004513,1177,253,96,157,924,754,170
2021,Wandsworth 012C,E01004514,1170,173,67,106,997,743,254
2021,Wandsworth 012D,E01004515,1156,181,67,114,975,789,186
2021,Wandsworth 036A,E01004516,778,261,84,177,517,403,114
2021,Wandsworth 037A,E01004517,1329,328,138,190,1001,810,191
2021,Wandsworth 036B,E01004518,914,258,106,152,656,518,138
2021,Wandsworth 036C,E01004519,891,269,100,169,622,539,83
2021,Wandsworth 036D,E01004520,673,200,80,120,473,395,78
2021,Wandsworth 037B,E01004521,1087,305,98,207,782,633,149
2021,Wandsworth 037C,E01004522,941,245,104,141,696,546,150
2021,Wandsworth 036E,E01004523,826,242,106,136,584,478,106
2021,Wandsworth 037D,E01004524,799,275,94,181,524,454,70
2021,Wandsworth 035A,E01004525,1136,274,115,159,862,732,130
2021,Wandsworth 035B,E01004526,1049,240,97,143,809,664,145
2021,Wandsworth 035C,E01004527,926,196,73,123,730,613,117
2021,Wandsworth 035D,E01004528,808,239,90,149,569,459,110
2021,Wandsworth 035E,E01004529,1343,280,100,180,1063,882,181
2021,Wandsworth 035F,E01004530,1069,235,98,137,834,661,173
2021,Wandsworth 033A,E01004531,928,227,80,147,701,587,114
2021,Wandsworth 032A,E01004532,842,124,47,77,718,561,157
2021,Wandsworth 033B,E01004533,810,176,49,127,634,531,103
2021,Wandsworth 008A,E01004534,1277,202,94,108,1075,804,271
2021,Wandsworth 007A,E01004535,698,280,104,176,418,364,54
2021,Wandsworth 008B,E01004536,1217,316,106,210,901,763,138
2021,Wandsworth 007B,E01004537,1124,276,117,159,848,732,116
2021,Wandsworth 007C,E01004538,1382,304,96,208,1078,887,191
2021,Wandsworth 003A,E01004539,971,330,114,216,641,541,100
2021,Wandsworth 003B,E01004540,1329,285,101,184,1044,808,236
2021,Wandsworth 007D,E01004541,785,196,77,119,589,496,93
2021,Wandsworth 021D,E01004542,937,185,85,100,752,503,249
2021,Wandsworth 027A,E01004543,1090,202,84,118,888,611,277
2021,Wandsworth 021E,E01004544,885,140,64,76,745,511,234
2021,Wandsworth 027B,E01004545,1531,176,66,110,1355,1071,284
2021,Wandsworth 027C,E01004546,979,138,54,84,841,613,228
2021,Wandsworth 029C,E01004547,790,157,69,88,633,483,150
2021,Wandsworth 029D,E01004548,1321,255,98,157,1066,846,220
2021,Wandsworth 027D,E01004549,946,141,54,87,805,587,218
2021,Wandsworth 017D,E01004550,671,153,68,85,518,365,153
2021,Wandsworth 012E,E01004551,1110,167,60,107,943,731,212
2021,Wandsworth 008C,E01004552,1526,160,68,92,1366,1004,362
2021,Wandsworth 015A,E01004553,1195,166,66,100,1029,721,308
2021,Wandsworth 009A,E01004554,1035,146,59,87,889,590,299
2021,Wandsworth 017E,E01004555,921,198,99,99,723,455,268
2021,Wandsworth 009B,E01004556,875,148,62,86,727,433,294
2021,Wandsworth 015B,E01004557,934,159,70,89,775,502,273
2021,Wandsworth 015C,E01004558,1025,193,86,107,832,532,300
2021,Wandsworth 015D,E01004559,755,173,84,89,582,370,212
2021,Wandsworth 001A,E01004560,1183,227,95,132,956,695,261
2021,Wandsworth 039E,E01004563,1130,315,130,185,815,641,174
2021,Wandsworth 039D,E01004564,1233,224,88,136,1009,787,222
2021,Wandsworth 005A,E01004565,1097,180,84,96,917,658,259
2021,Wandsworth 001B,E01004566,1097,191,82,109,906,594,312
2021,Wandsworth 039A,E01004567,1153,339,133,206,814,701,113
2021,Wandsworth 013A,E01004568,519,281,139,142,238,202,36
2021,Wandsworth 023A,E01004569,936,356,153,203,580,475,105
2021,Wandsworth 023B,E01004570,829,309,94,215,520,459,61
2021,Wandsworth 023C,E01004571,883,330,124,206,553,455,98
2021,Wandsworth 016A,E01004572,810,250,99,151,560,446,114
2021,Wandsworth 023D,E01004573,875,292,98,194,583,477,106
2021,Wandsworth 013B,E01004574,815,365,128,237,450,394,56
2021,Wandsworth 013C,E01004575,715,289,120,169,426,359,67
2021,Wandsworth 013D,E01004576,682,238,90,148,444,339,105
2021,Wandsworth 003C,E01004577,1069,205,91,114,864,633,231
2021,Wandsworth 004B,E01004579,1077,208,90,118,869,644,225
2021,Wandsworth 004C,E01004580,1292,257,103,154,1035,804,231
2021,Wandsworth 004D,E01004581,1079,226,93,133,853,666,187
2021,Wandsworth 001C,E01004582,1182,291,132,159,891,664,227
2021,Wandsworth 001D,E01004583,895,210,103,107,685,529,156
2021,Wandsworth 003D,E01004584,800,291,106,185,509,433,76
2021,Wandsworth 008D,E01004585,1246,189,80,109,1057,807,250
2021,Wandsworth 009C,E01004586,1372,189,77,112,1183,880,303
2021,Wandsworth 009D,E01004587,1156,164,79,85,992,667,325
2021,Wandsworth 008E,E01004588,1503,183,89,94,1320,944,376
2021,Wandsworth 009E,E01004589,1191,148,57,91,1043,719,324
2021,Wandsworth 005B,E01004590,990,227,92,135,763,605,158
2021,Wandsworth 005C,E01004591,1163,193,69,124,970,777,193
2021,Wandsworth 005D,E01004592,937,171,65,106,766,588,178
2021,Wandsworth 025A,E01004593,1169,234,82,152,935,728,207
2021,Wandsworth 020D,E01004594,978,208,94,114,770,567,203
2021,Wandsworth 025B,E01004595,1151,211,86,125,940,719,221
2021,Wandsworth 020E,E01004596,923,180,72,108,743,560,183
2021,Wandsworth 025C,E01004597,1045,208,82,126,837,621,216
2021,Wandsworth 025D,E01004598,1460,190,63,127,1270,966,304
2021,Wandsworth 025E,E01004599,838,161,60,101,677,431,246
2021,Wandsworth 018D,E01004601,1490,284,94,190,1206,981,225
2021,Wandsworth 010C,E01004602,1041,192,86,106,849,587,262
2021,Wandsworth 006A,E01004604,806,183,91,92,623,400,223
2021,Wandsworth 006B,E01004605,938,211,80,131,727,549,178
2021,Wandsworth 006C,E01004606,1152,179,79,100,973,689,284
2021,Wandsworth 006D,E01004607,925,174,65,109,751,538,213
2021,Wandsworth 006E,E01004608,1043,167,66,101,876,660,216
2021,Wandsworth 010E,E01004609,1489,241,94,147,1248,936,312
2021,Wandsworth 033C,E01004610,1203,270,135,135,933,779,154
2021,Wandsworth 032B,E01004611,886,157,60,97,729,603,126
2021,Wandsworth 032C,E01004612,855,208,82,126,647,559,88
2021,Wandsworth 033D,E01004613,834,222,86,136,612,518,94
2021,Wandsworth 034A,E01004614,1207,275,118,157,932,791,141
2021,Wandsworth 034B,E01004615,730,218,82,136,512,425,87
2021,Wandsworth 034C,E01004616,1245,255,100,155,990,800,190
2021,Wandsworth 034D,E01004617,1038,244,95,149,794,693,101
2021,Wandsworth 032D,E01004618,894,139,54,85,755,581,174
2021,Wandsworth 015E,E01004619,730,160,81,79,570,387,183
2021,Wandsworth 019C,E01004620,1047,199,86,113,848,622,226
2021,Wandsworth 019D,E01004621,995,208,82,126,787,574,213
2021,Wandsworth 024D,E01004622,747,155,69,86,592,469,123
2021,Wandsworth 019E,E01004623,1090,203,76,127,887,657,230
2021,Wandsworth 024E,E01004624,922,181,73,108,741,580,161
2021,Wandsworth 027E,E01004625,623,182,80,102,441,264,177
2021,Wandsworth 027F,E01004626,1079,188,75,113,891,654,237
2021,Wandsworth 019F,E01004627,880,169,76,93,711,483,228
2021,Wandsworth 022A,E01004628,1186,250,93,157,936,734,202
2021,Wandsworth 020F,E01004629,812,199,83,116,613,453,160
2021,Wandsworth 022B,E01004630,787,261,84,177,526,453,73
2021,Wandsworth 022C,E01004631,995,240,90,150,755,606,149
2021,Wandsworth 028A,E01004632,842,188,71,117,654,500,154
2021,Wandsworth 022D,E01004633,733,261,76,185,472,404,68
2021,Wandsworth 028B,E01004634,788,186,72,114,602,493,109
2021,Wandsworth 028C,E01004635,873,205,74,131,668,565,103
2021,Wandsworth 028D,E01004636,752,253,90,163,499,380,119
2021,Wandsworth 028E,E01004637,790,194,74,120,596,484,112
2021,Wandsworth 011B,E01004638,652,185,95,90,467,298,169
2021,Wandsworth 011C,E01004639,965,214,90,124,751,593,158
2021,Wandsworth 011D,E01004640,1025,204,85,119,821,589,232
2021,Wandsworth 011E,E01004641,969,259,117,142,710,540,170
2021,Wandsworth 016B,E01004642,1123,301,122,179,822,665,157
2021,Wandsworth 016C,E01004643,1125,265,123,142,860,680,180
2021,Wandsworth 016D,E01004644,1311,370,126,244,941,733,208
2021,Wandsworth 016E,E01004645,913,286,101,185,627,519,108
2021,Westminster 002A,E01004646,659,172,82,90,487,287,200
2021,Westminster 001A,E01004647,624,147,71,76,477,301,176
2021,Westminster 002B,E01004648,1240,231,90,141,1009,647,362
2021,Westminster 001B,E01004649,636,132,51,81,504,305,199
2021,Westminster 002C,E01004650,978,198,97,101,780,465,315
2021,Westminster 003A,E01004651,1026,151,69,82,875,558,317
2021,Westminster 017A,E01004652,895,147,73,74,748,558,190
2021,Westminster 014A,E01004653,1098,277,110,167,821,493,328
2021,Westminster 014B,E01004654,1530,311,151,160,1219,779,440
2021,Westminster 014D,E01004656,1050,214,86,128,836,530,306
2021,Westminster 012A,E01004657,783,149,68,81,634,356,278
2021,Westminster 012B,E01004658,802,162,80,82,640,395,245
2021,Westminster 008A,E01004659,879,173,71,102,706,424,282
2021,Westminster 008B,E01004660,729,147,61,86,582,347,235
2021,Westminster 012C,E01004661,1101,255,122,133,846,518,328
2021,Westminster 012D,E01004662,745,143,74,69,602,346,256
2021,Westminster 012E,E01004663,696,142,72,70,554,320,234
2021,Westminster 024A,E01004665,550,201,82,119,349,303,46
2021,Westminster 023D,E01004668,696,200,74,126,496,373,123
2021,Westminster 024B,E01004669,770,248,106,142,522,422,100
2021,Westminster 009A,E01004670,777,363,115,248,414,362,52
2021,Westminster 005A,E01004674,879,286,112,174,593,459,134
2021,Westminster 005B,E01004675,1068,294,109,185,774,637,137
2021,Westminster 006A,E01004676,864,206,88,118,658,486,172
2021,Westminster 005C,E01004677,969,237,88,149,732,597,135
2021,Westminster 005D,E01004678,943,273,117,156,670,544,126
2021,Westminster 005E,E01004679,949,292,104,188,657,518,139
2021,Westminster 015A,E01004680,637,128,69,59,509,294,215
2021,Westminster 016A,E01004681,1114,231,110,121,883,543,340
2021,Westminster 016B,E01004682,662,140,66,74,522,366,156
2021,Westminster 015B,E01004683,850,178,81,97,672,368,304
2021,Westminster 015C,E01004684,453,123,59,64,330,231,99
2021,Westminster 015E,E01004686,640,146,75,71,494,336,158
2021,Westminster 019A,E01004687,649,158,69,89,491,251,240
2021,Westminster 019D,E01004690,514,135,67,68,379,218,161
2021,Westminster 019E,E01004691,639,134,52,82,505,333,172
2021,Westminster 019F,E01004692,443,124,51,73,319,201,118
2021,Westminster 017B,E01004693,606,135,70,65,471,290,181
2021,Westminster 016C,E01004694,865,143,60,83,722,484,238
2021,Westminster 017C,E01004695,562,98,54,44,464,319,145
2021,Westminster 017D,E01004696,650,195,84,111,455,348,107
2021,Westminster 016D,E01004697,814,158,77,81,656,445,211
2021,Westminster 017E,E01004698,771,200,103,97,571,411,160
2021,Westminster 017F,E01004699,1072,196,88,108,876,574,302
2021,Westminster 016E,E01004700,849,138,70,68,711,461,250
2021,Westminster 007A,E01004701,872,149,75,74,723,454,269
2021,Westminster 009E,E01004702,1063,446,205,241,617,518,99
2021,Westminster 007B,E01004703,985,225,107,118,760,437,323
2021,Westminster 007D,E01004705,731,151,52,99,580,337,243
2021,Westminster 006B,E01004706,944,134,55,79,810,554,256
2021,Westminster 006C,E01004707,1174,205,114,91,969,623,346
2021,Westminster 006D,E01004708,881,225,103,122,656,463,193
2021,Westminster 007E,E01004709,787,217,97,120,570,386,184
2021,Westminster 002D,E01004710,851,242,79,163,609,475,134
2021,Westminster 002E,E01004711,869,268,111,157,601,460,141
2021,Westminster 008C,E01004712,778,148,70,78,630,328,302
2021,Westminster 011A,E01004713,758,119,52,67,639,302,337
2021,Westminster 011B,E01004714,975,198,110,88,777,417,360
2021,Westminster 013A,E01004715,822,255,141,114,567,377,190
2021,Westminster 011C,E01004716,590,133,63,70,457,272,185
2021,Westminster 011D,E01004717,793,168,75,93,625,338,287
2021,Westminster 004A,E01004718,922,273,122,151,649,522,127
2021,Westminster 004B,E01004719,868,244,103,141,624,500,124
2021,Westminster 004C,E01004720,981,307,93,214,674,540,134
2021,Westminster 004D,E01004721,731,251,93,158,480,393,87
2021,Westminster 004E,E01004722,1030,404,128,276,626,532,94
2021,Westminster 005F,E01004723,1059,275,114,161,784,627,157
2021,Westminster 001C,E01004724,974,218,101,117,756,486,270
2021,Westminster 003B,E01004725,512,155,70,85,357,244,113
2021,Westminster 003C,E01004726,815,168,73,95,647,375,272
2021,Westminster 008D,E01004727,814,150,74,76,664,420,244
2021,Westminster 003D,E01004728,708,150,71,79,558,382,176
2021,Westminster 003E,E01004729,607,186,95,91,421,294,127
2021,Westminster 001D,E01004730,700,184,89,95,516,343,173
2021,Westminster 020A,E01004731,1237,186,79,107,1051,635,416
2021,Westminster 020B,E01004732,514,150,56,94,364,277,87
2021,Westminster 020C,E01004733,1132,202,75,127,930,512,418
2021,Westminster 018A,E01004734,891,204,80,124,687,441,246
2021,Westminster 018B,E01004735,973,247,110,137,726,460,266
2021,Westminster 018C,E01004736,876,180,92,88,696,369,327
2021,Westminster 024C,E01004737,592,165,74,91,427,298,129
2021,Westminster 021A,E01004740,561,177,69,108,384,289,95
2021,Westminster 024F,E01004741,712,112,41,71,600,397,203
2021,Westminster 022A,E01004742,842,157,78,79,685,406,279
2021,Westminster 021B,E01004743,749,203,100,103,546,376,170
2021,Westminster 020D,E01004744,648,150,61,89,498,356,142
2021,Westminster 021D,E01004746,569,150,64,86,419,329,90
2021,Westminster 021E,E01004747,1148,272,112,160,876,590,286
2021,Westminster 020E,E01004748,560,115,60,55,445,246,199
2021,Westminster 022B,E01004749,1253,247,106,141,1006,599,407
2021,Westminster 023E,E01004750,718,179,68,111,539,370,169
2021,Westminster 022C,E01004751,912,175,83,92,737,420,317
2021,Westminster 022D,E01004752,782,161,71,90,621,393,228
2021,Westminster 022E,E01004753,1039,207,74,133,832,568,264
2021,Westminster 010A,E01004754,661,214,72,142,447,386,61
2021,Westminster 010B,E01004755,1163,332,155,177,831,664,167
2021,Westminster 006E,E01004756,862,200,72,128,662,477,185
2021,Westminster 010C,E01004757,651,205,64,141,446,343,103
2021,Westminster 014E,E01004760,840,262,84,178,578,386,192
2021,Westminster 018D,E01004761,625,138,62,76,487,291,196
2021,Westminster 011E,E01004762,752,197,91,106,555,361,194
2021,Westminster 013B,E01004763,1174,231,117,114,943,619,324
2021,Westminster 013D,E01004765,973,203,79,124,770,489,281
2021,Bolton 005A,E01004766,678,219,52,167,459,400,59
2021,Bolton 005B,E01004767,878,242,75,167,636,570,66
2021,Bolton 001A,E01004768,840,254,86,168,586,502,84
2021,Bolton 003A,E01004769,774,241,86,155,533,452,81
2021,Bolton 003B,E01004770,635,236,74,162,399,347,52
2021,Bolton 003C,E01004771,792,218,74,144,574,498,76
2021,Bolton 005C,E01004772,764,264,73,191,500,421,79
2021,Bolton 003D,E01004773,974,299,69,230,675,617,58
2021,Bolton 005D,E01004774,796,256,87,169,540,487,53
2021,Bolton 014A,E01004775,1182,295,81,214,887,735,152
2021,Bolton 031A,E01004776,928,250,89,161,678,576,102
2021,Bolton 004A,E01004777,828,227,76,151,601,536,65
2021,Bolton 009A,E01004778,548,141,44,97,407,354,53
2021,Bolton 007A,E01004779,796,254,85,169,542,497,45
2021,Bolton 009B,E01004780,1191,297,88,209,894,757,137
2021,Bolton 007B,E01004781,1159,269,75,194,890,783,107
2021,Bolton 009C,E01004782,601,161,48,113,440,381,59
2021,Bolton 009D,E01004783,704,203,65,138,501,433,68
2021,Bolton 006A,E01004784,520,150,55,95,370,323,47
2021,Bolton 006B,E01004785,660,205,60,145,455,405,50
2021,Bolton 006C,E01004786,683,192,63,129,491,430,61
2021,Bolton 013A,E01004787,635,191,56,135,444,390,54
2021,Bolton 002A,E01004788,585,164,56,108,421,347,74
2021,Bolton 006D,E01004789,710,210,87,123,500,432,68
2021,Bolton 002B,E01004790,668,185,65,120,483,411,72
2021,Bolton 006E,E01004791,624,183,61,122,441,393,48
2021,Bolton 006F,E01004792,579,173,54,119,406,352,54
2021,Bolton 013B,E01004793,611,193,52,141,418,381,37
2021,Bolton 013C,E01004794,574,185,54,131,389,343,46
2021,Bolton 013D,E01004795,557,156,47,109,401,358,43
2021,Bolton 019A,E01004796,743,212,61,151,531,481,50
2021,Bolton 013E,E01004797,582,212,67,145,370,342,28
2021,Bolton 019B,E01004798,661,212,62,150,449,410,39
2021,Bolton 019C,E01004799,538,175,46,129,363,325,38
2021,Bolton 019D,E01004800,643,171,33,138,472,425,47
2021,Bolton 019E,E01004801,572,203,52,151,369,328,41
2021,Bolton 010A,E01004802,714,212,54,158,502,468,34
2021,Bolton 001B,E01004803,795,208,61,147,587,490,97
2021,Bolton 001C,E01004804,675,181,56,125,494,404,90
2021,Bolton 002C,E01004805,702,199,75,124,503,431,72
2021,Bolton 002D,E01004806,674,176,61,115,498,433,65
2021,Bolton 001D,E01004807,770,183,59,124,587,503,84
2021,Bolton 001E,E01004808,815,243,74,169,572,483,89
2021,Bolton 003E,E01004809,900,240,79,161,660,577,83
2021,Bolton 002E,E01004810,782,228,66,162,554,481,73
2021,Bolton 022A,E01004811,565,263,55,208,302,278,24
2021,Bolton 022B,E01004812,835,331,92,239,504,463,41
2021,Bolton 022C,E01004813,596,268,74,194,328,296,32
2021,Bolton 027A,E01004814,686,248,72,176,438,383,55
2021,Bolton 022D,E01004815,634,282,70,212,352,305,47
2021,Bolton 029A,E01004816,965,432,125,307,533,488,45
2021,Bolton 022E,E01004817,919,331,117,214,588,535,53
2021,Bolton 017A,E01004818,677,232,54,178,445,398,47
2021,Bolton 017B,E01004819,646,179,56,123,467,426,41
2021,Bolton 011A,E01004820,517,253,63,190,264,245,19
2021,Bolton 016B,E01004822,562,259,82,177,303,278,25
2021,Bolton 016C,E01004823,574,240,71,169,334,302,32
2021,Bolton 005E,E01004824,699,339,103,236,360,339,21
2021,Bolton 011B,E01004825,596,255,59,196,341,324,17
2021,Bolton 011C,E01004826,560,239,67,172,321,290,31
2021,Bolton 021A,E01004827,623,238,50,188,385,347,38
2021,Bolton 023A,E01004828,601,293,91,202,308,282,26
2021,Bolton 023B,E01004829,540,262,77,185,278,255,23
2021,Bolton 026A,E01004830,640,233,54,179,407,364,43
2021,Bolton 026B,E01004831,810,286,65,221,524,478,46
2021,Bolton 023C,E01004832,737,251,64,187,486,434,52
2021,Bolton 026C,E01004833,741,231,67,164,510,441,69
2021,Bolton 018A,E01004834,643,268,89,179,375,341,34
2021,Bolton 020A,E01004835,591,218,65,153,373,330,43
2021,Bolton 020B,E01004836,666,219,72,147,447,392,55
2021,Bolton 020C,E01004837,688,220,76,144,468,370,98
2021,Bolton 018B,E01004838,620,250,77,173,370,333,37
2021,Bolton 026D,E01004839,857,301,87,214,556,499,57
2021,Bolton 012A,E01004840,765,242,77,165,523,440,83
2021,Bolton 012B,E01004841,553,204,53,151,349,321,28
2021,Bolton 012C,E01004842,775,224,73,151,551,473,78
2021,Bolton 018C,E01004843,730,208,70,138,522,444,78
2021,Bolton 020D,E01004844,686,198,81,117,488,376,112
2021,Bolton 018D,E01004845,874,271,91,180,603,491,112
2021,Bolton 025A,E01004846,463,192,54,138,271,244,27
2021,Bolton 025B,E01004847,683,282,75,207,401,380,21
2021,Bolton 016D,E01004848,636,247,74,173,389,344,45
2021,Bolton 021B,E01004849,516,240,77,163,276,261,15
2021,Bolton 021C,E01004850,644,267,79,188,377,350,27
2021,Bolton 021D,E01004851,548,230,74,156,318,296,22
2021,Bolton 025C,E01004852,643,296,96,200,347,319,28
2021,Bolton 021E,E01004853,526,253,72,181,273,259,14
2021,Bolton 023D,E01004854,576,262,73,189,314,300,14
2021,Bolton 027B,E01004855,689,213,60,153,476,417,59
2021,Bolton 027C,E01004856,573,180,55,125,393,350,43
2021,Bolton 027D,E01004857,714,255,71,184,459,418,41
2021,Bolton 032A,E01004858,704,205,57,148,499,453,46
2021,Bolton 032B,E01004859,507,165,45,120,342,304,38
2021,Bolton 032C,E01004860,680,174,46,128,506,456,50
2021,Bolton 033A,E01004861,795,249,70,179,546,483,63
2021,Bolton 033B,E01004862,551,200,70,130,351,311,40
2021,Bolton 033C,E01004863,584,207,74,133,377,335,42
2021,Bolton 008A,E01004864,741,208,65,143,533,478,55
2021,Bolton 011D,E01004865,666,210,67,143,456,420,36
2021,Bolton 011E,E01004866,667,303,89,214,364,333,31
2021,Bolton 008B,E01004867,594,231,58,173,363,336,27
2021,Bolton 015A,E01004868,847,299,96,203,548,504,44
2021,Bolton 015B,E01004869,661,224,62,162,437,395,42
2021,Bolton 015C,E01004870,708,268,80,188,440,401,39
2021,Bolton 015D,E01004871,543,224,52,172,319,290,29
2021,Bolton 029B,E01004872,756,263,68,195,493,429,64
2021,Bolton 029C,E01004873,724,286,79,207,438,393,45
2021,Bolton 033D,E01004874,812,231,67,164,581,526,55
2021,Bolton 029D,E01004875,712,214,55,159,498,444,54
2021,Bolton 033E,E01004876,774,207,46,161,567,498,69
2021,Bolton 025D,E01004877,541,251,50,201,290,263,27
2021,Bolton 023E,E01004878,644,243,59,184,401,362,39
2021,Bolton 025E,E01004879,563,209,59,150,354,326,28
2021,Bolton 029E,E01004880,642,224,67,157,418,380,38
2021,Bolton 004B,E01004881,600,161,47,114,439,397,42
2021,Bolton 007C,E01004882,695,190,60,130,505,451,54
2021,Bolton 007D,E01004883,969,228,74,154,741,661,80
2021,Bolton 007E,E01004884,663,196,75,121,467,382,85
2021,Bolton 014B,E01004885,674,186,71,115,488,393,95
2021,Bolton 014C,E01004886,629,195,56,139,434,394,40
2021,Bolton 014D,E01004887,584,182,66,116,402,352,50
2021,Bolton 004C,E01004888,634,173,55,118,461,403,58
2021,Bolton 004D,E01004889,695,191,65,126,504,449,55
2021,Bolton 004E,E01004890,700,204,52,152,496,441,55
2021,Bolton 028A,E01004891,735,219,69,150,516,454,62
2021,Bolton 030A,E01004892,685,191,57,134,494,420,74
2021,Bolton 028B,E01004893,735,207,72,135,528,457,71
2021,Bolton 028C,E01004894,930,260,76,184,670,589,81
2021,Bolton 031B,E01004895,579,164,40,124,415,376,39
2021,Bolton 030B,E01004896,550,167,42,125,383,320,63
2021,Bolton 020E,E01004897,511,156,61,95,355,311,44
2021,Bolton 030C,E01004899,739,222,60,162,517,452,65
2021,Bolton 030D,E01004900,794,216,69,147,578,508,70
2021,Bolton 028E,E01004901,923,240,76,164,683,594,89
2021,Bolton 032D,E01004902,858,249,51,198,609,531,78
2021,Bolton 034A,E01004903,804,186,61,125,618,539,79
2021,Bolton 034B,E01004904,941,226,60,166,715,622,93
2021,Bolton 034C,E01004905,746,197,71,126,549,492,57
2021,Bolton 032E,E01004906,765,188,50,138,577,524,53
2021,Bolton 034D,E01004907,585,178,47,131,407,363,44
2021,Bolton 034E,E01004908,582,167,36,131,415,345,70
2021,Bolton 034F,E01004909,581,156,46,110,425,378,47
2021,Bolton 034G,E01004910,1100,252,84,168,848,755,93
2021,Bolton 024A,E01004911,669,195,49,146,474,424,50
2021,Bolton 024B,E01004912,597,170,45,125,427,387,40
2021,Bolton 024C,E01004913,989,255,76,179,734,629,105
2021,Bolton 024D,E01004914,508,141,43,98,367,316,51
2021,Bolton 024E,E01004915,571,153,49,104,418,362,56
2021,Bolton 024F,E01004916,645,178,49,129,467,388,79
2021,Bolton 019F,E01004917,1015,278,74,204,737,641,96
2021,Bolton 024G,E01004918,586,144,43,101,442,389,53
2021,Bolton 012D,E01004919,709,186,67,119,523,441,82
2021,Bolton 012E,E01004920,690,223,74,149,467,397,70
2021,Bolton 008C,E01004921,768,230,65,165,538,477,61
2021,Bolton 015E,E01004922,992,324,81,243,668,593,75
2021,Bolton 018E,E01004923,787,241,82,159,546,499,47
2021,Bolton 008D,E01004924,785,218,61,157,567,456,111
2021,Bolton 008E,E01004925,778,250,75,175,528,479,49
2021,Bolton 010B,E01004926,551,187,57,130,364,330,34
2021,Bolton 010C,E01004927,963,281,83,198,682,614,68
2021,Bolton 017C,E01004928,646,174,50,124,472,422,50
2021,Bolton 010D,E01004929,1297,355,107,248,942,848,94
2021,Bolton 017D,E01004930,762,226,65,161,536,469,67
2021,Bolton 017E,E01004931,623,186,57,129,437,390,47
2021,Bolton 017F,E01004932,721,204,59,145,517,448,69
2021,Bolton 035A,E01004933,728,172,49,123,556,471,85
2021,Bolton 035B,E01004934,703,194,60,134,509,432,77
2021,Bolton 035C,E01004935,1004,265,77,188,739,643,96
2021,Bolton 031C,E01004936,1103,244,84,160,859,766,93
2021,Bolton 035D,E01004937,898,219,68,151,679,576,103
2021,Bolton 031D,E01004938,600,191,72,119,409,366,43
2021,Bolton 031E,E01004939,738,215,76,139,523,456,67
2021,Bolton 035E,E01004940,669,193,51,142,476,417,59
2021,Bury 021A,E01004941,850,228,62,166,622,559,63
2021,Bury 021B,E01004942,575,191,64,127,384,338,46
2021,Bury 021C,E01004943,900,242,72,170,658,589,69
2021,Bury 021D,E01004944,827,208,71,137,619,557,62
2021,Bury 017A,E01004945,730,192,61,131,538,475,63
2021,Bury 021E,E01004946,628,194,49,145,434,388,46
2021,Bury 009A,E01004947,724,196,58,138,528,463,65
2021,Bury 009B,E01004948,812,216,66,150,596,530,66
2021,Bury 010A,E01004949,624,174,67,107,450,386,64
2021,Bury 010B,E01004950,650,171,66,105,479,401,78
2021,Bury 010C,E01004951,686,199,55,144,487,412,75
2021,Bury 010D,E01004952,525,170,63,107,355,312,43
2021,Bury 010E,E01004953,718,207,67,140,511,432,79
2021,Bury 007A,E01004954,663,191,64,127,472,422,50
2021,Bury 007B,E01004955,659,189,68,121,470,420,50
2021,Bury 007C,E01004956,728,214,70,144,514,454,60
2021,Bury 007D,E01004957,665,204,68,136,461,406,55
2021,Bury 008A,E01004958,608,217,77,140,391,354,37
2021,Bury 008B,E01004959,716,238,68,170,478,436,42
2021,Bury 007E,E01004960,473,163,46,117,310,285,25
2021,Bury 005A,E01004961,650,207,61,146,443,389,54
2021,Bury 009C,E01004962,1080,273,75,198,807,718,89
2021,Bury 006A,E01004963,714,205,61,144,509,439,70
2021,Bury 009D,E01004964,931,210,45,165,721,640,81
2021,Bury 005B,E01004965,528,124,39,85,404,341,63
2021,Bury 005C,E01004966,748,228,67,161,520,462,58
2021,Bury 005D,E01004967,516,154,42,112,362,315,47
2021,Bury 006B,E01004968,777,200,65,135,577,496,81
2021,Bury 022A,E01004969,701,203,69,134,498,417,81
2021,Bury 022B,E01004970,768,214,79,135,554,489,65
2021,Bury 022C,E01004971,711,196,67,129,515,458,57
2021,Bury 023A,E01004972,630,216,69,147,414,375,39
2021,Bury 023B,E01004973,839,206,58,148,633,542,91
2021,Bury 024A,E01004974,730,186,62,124,544,470,74
2021,Bury 023C,E01004975,812,184,50,134,628,552,76
2021,Bury 004A,E01004976,623,191,52,139,432,386,46
2021,Bury 004B,E01004977,775,208,50,158,567,503,64
2021,Bury 004C,E01004978,768,261,88,173,507,457,50
2021,Bury 008C,E01004979,645,247,70,177,398,352,46
2021,Bury 008D,E01004980,631,211,52,159,420,384,36
2021,Bury 004D,E01004981,665,185,58,127,480,407,73
2021,Bury 004E,E01004982,691,187,60,127,504,437,67
2021,Bury 020A,E01004983,737,198,50,148,539,478,61
2021,Bury 019A,E01004984,647,230,91,139,417,353,64
2021,Bury 019B,E01004985,654,222,96,126,432,342,90
2021,Bury 020B,E01004986,841,231,70,161,610,544,66
2021,Bury 020C,E01004987,491,140,51,89,351,315,36
2021,Bury 020D,E01004988,717,196,65,131,521,469,52
2021,Bury 019C,E01004989,683,220,80,140,463,377,86
2021,Bury 016A,E01004990,717,215,64,151,502,448,54
2021,Bury 015A,E01004991,682,197,58,139,485,435,50
2021,Bury 015B,E01004992,665,197,45,152,468,415,53
2021,Bury 015C,E01004993,978,247,63,184,731,631,100
2021,Bury 015D,E01004994,640,167,44,123,473,416,57
2021,Bury 018A,E01004995,675,181,59,122,494,428,66
2021,Bury 016B,E01004996,609,172,44,128,437,383,54
2021,Bury 014A,E01004997,734,217,79,138,517,466,51
2021,Bury 014B,E01004998,788,206,52,154,582,515,67
2021,Bury 014C,E01004999,753,192,61,131,561,498,63
2021,Bury 012A,E01005000,770,183,58,125,587,514,73
2021,Bury 012B,E01005001,673,176,45,131,497,425,72
2021,Bury 014D,E01005002,702,206,54,152,496,437,59
2021,Bury 014E,E01005003,667,181,55,126,486,447,39
2021,Bury 016C,E01005004,523,162,50,112,361,315,46
2021,Bury 012C,E01005005,710,209,69,140,501,417,84
2021,Bury 012D,E01005006,1025,282,98,184,743,647,96
2021,Bury 019D,E01005007,693,193,67,126,500,436,64
2021,Bury 016D,E01005008,881,273,74,199,608,538,70
2021,Bury 016E,E01005009,772,223,71,152,549,490,59
2021,Bury 018B,E01005010,816,229,74,155,587,507,80
2021,Bury 019E,E01005011,773,214,70,144,559,496,63
2021,Bury 018C,E01005012,812,262,86,176,550,461,89
2021,Bury 018D,E01005013,1243,367,108,259,876,762,114
2021,Bury 001A,E01005014,721,196,60,136,525,448,77
2021,Bury 001B,E01005015,693,214,77,137,479,419,60
2021,Bury 001C,E01005016,847,206,74,132,641,564,77
2021,Bury 001D,E01005017,961,230,78,152,731,627,104
2021,Bury 001E,E01005018,775,218,74,144,557,487,70
2021,Bury 002A,E01005019,706,214,72,142,492,413,79
2021,Bury 003A,E01005020,742,192,56,136,550,447,103
2021,Bury 001F,E01005021,507,122,32,90,385,318,67
2021,Bury 003B,E01005022,780,217,71,146,563,454,109
2021,Bury 002B,E01005023,553,171,48,123,382,343,39
2021,Bury 008E,E01005024,1008,315,99,216,693,615,78
2021,Bury 011A,E01005025,770,229,61,168,541,482,59
2021,Bury 008F,E01005026,843,321,86,235,522,487,35
2021,Bury 011B,E01005027,808,291,89,202,517,464,53
2021,Bury 011C,E01005028,850,301,98,203,549,486,63
2021,Bury 011D,E01005029,739,278,84,194,461,419,42
2021,Bury 013A,E01005030,665,221,61,160,444,395,49
2021,Bury 025A,E01005031,737,222,67,155,515,476,39
2021,Bury 025B,E01005032,498,149,50,99,349,301,48
2021,Bury 024B,E01005033,732,293,95,198,439,365,74
2021,Bury 022D,E01005034,865,199,65,134,666,558,108
2021,Bury 025C,E01005035,808,168,45,123,640,556,84
2021,Bury 024C,E01005036,976,253,83,170,723,624,99
2021,Bury 024D,E01005037,759,183,63,120,576,519,57
2021,Bury 025D,E01005038,666,184,62,122,482,418,64
2021,Bury 023D,E01005039,704,198,62,136,506,458,48
2021,Bury 026A,E01005040,868,294,93,201,574,516,58
2021,Bury 026B,E01005041,798,337,107,230,461,396,65
2021,Bury 026C,E01005042,815,371,113,258,444,377,67
2021,Bury 026D,E01005043,735,386,100,286,349,300,49
2021,Bury 026E,E01005044,692,424,92,332,268,226,42
2021,Bury 023E,E01005045,833,210,60,150,623,542,81
2021,Bury 002C,E01005046,596,175,63,112,421,365,56
2021,Bury 003C,E01005047,686,214,80,134,472,368,104
2021,Bury 002D,E01005048,729,235,91,144,494,406,88
2021,Bury 003D,E01005049,803,233,82,151,570,482,88
2021,Bury 006C,E01005050,1139,283,99,184,856,731,125
2021,Bury 003E,E01005051,789,219,71,148,570,505,65
2021,Bury 006D,E01005052,679,205,61,144,474,413,61
2021,Bury 006E,E01005053,766,239,88,151,527,443,84
2021,Bury 013B,E01005054,774,212,60,152,562,496,66
2021,Bury 017B,E01005055,688,200,55,145,488,440,48
2021,Bury 017C,E01005056,582,153,47,106,429,380,49
2021,Bury 017D,E01005057,811,232,87,145,579,503,76
2021,Bury 017E,E01005058,642,187,65,122,455,404,51
2021,Bury 013C,E01005059,795,239,75,164,556,512,44
2021,Bury 013D,E01005060,797,227,65,162,570,509,61
2021,Manchester 018A,E01005061,590,240,75,165,350,318,32
2021,Manchester 018C,E01005063,711,282,82,200,429,385,44
2021,Manchester 018D,E01005065,778,293,102,191,485,443,42
2021,Manchester 018E,E01005066,426,153,55,98,273,242,31
2021,Manchester 020A,E01005067,757,257,69,188,500,434,66
2021,Manchester 051A,E01005068,764,218,67,151,546,502,44
2021,Manchester 047A,E01005069,698,193,60,133,505,436,69
2021,Manchester 051B,E01005070,782,194,52,142,588,536,52
2021,Manchester 048A,E01005071,820,238,63,175,582,533,49
2021,Manchester 048B,E01005072,904,232,64,168,672,617,55
2021,Manchester 048C,E01005073,765,222,86,136,543,482,61
2021,Manchester 051C,E01005074,691,215,57,158,476,424,52
2021,Manchester 051D,E01005075,676,199,48,151,477,435,42
2021,Manchester 039A,E01005076,945,151,63,88,794,693,101
2021,Manchester 042A,E01005077,638,241,81,160,397,357,40
2021,Manchester 042B,E01005078,950,133,50,83,817,688,129
2021,Manchester 042C,E01005079,780,242,88,154,538,457,81
2021,Manchester 039C,E01005081,723,249,85,164,474,428,46
2021,Manchester 037A,E01005082,841,250,76,174,591,533,58
2021,Manchester 039D,E01005083,1302,211,83,128,1091,911,180
2021,Manchester 042D,E01005084,1058,284,85,199,774,689,85
2021,Manchester 049A,E01005085,628,213,71,142,415,381,34
2021,Manchester 049B,E01005086,685,236,69,167,449,396,53
2021,Manchester 050A,E01005087,838,292,104,188,546,497,49
2021,Manchester 050B,E01005088,677,252,73,179,425,390,35
2021,Manchester 049C,E01005089,698,227,69,158,471,435,36
2021,Manchester 050C,E01005090,673,208,49,159,465,418,47
2021,Manchester 050D,E01005091,893,318,103,215,575,536,39
2021,Manchester 015A,E01005092,713,276,85,191,437,379,58
2021,Manchester 012A,E01005093,617,240,65,175,377,342,35
2021,Manchester 012B,E01005094,592,236,59,177,356,322,34
2021,Manchester 012C,E01005097,646,262,73,189,384,357,27
2021,Manchester 001A,E01005098,665,238,70,168,427,385,42
2021,Manchester 001B,E01005099,640,256,66,190,384,348,36
2021,Manchester 001C,E01005100,674,198,61,137,476,417,59
2021,Manchester 002A,E01005101,726,228,55,173,498,451,47
2021,Manchester 001D,E01005102,647,211,59,152,436,406,30
2021,Manchester 001E,E01005103,681,238,71,167,443,409,34
2021,Manchester 004A,E01005104,833,273,79,194,560,510,50
2021,Manchester 015C,E01005105,1269,413,129,284,856,749,107
2021,Manchester 015D,E01005106,847,341,124,217,506,464,42
2021,Manchester 015E,E01005107,706,260,58,202,446,405,41
2021,Manchester 047B,E01005111,669,204,64,140,465,416,49
2021,Manchester 048D,E01005112,711,228,77,151,483,430,53
2021,Manchester 047C,E01005113,655,213,66,147,442,397,45
2021,Manchester 047D,E01005114,792,206,63,143,586,499,87
2021,Manchester 044A,E01005115,813,245,83,162,568,519,49
2021,Manchester 047E,E01005116,1075,267,70,197,808,743,65
2021,Manchester 048E,E01005117,963,328,94,234,635,576,59
2021,Manchester 034A,E01005118,590,236,77,159,354,313,41
2021,Manchester 041A,E01005119,687,258,74,184,429,400,29
2021,Manchester 034B,E01005120,806,296,85,211,510,473,37
2021,Manchester 041B,E01005121,627,241,69,172,386,360,26
2021,Manchester 041C,E01005122,710,253,79,174,457,422,35
2021,Manchester 041D,E01005123,672,230,78,152,442,409,33
2021,Manchester 041E,E01005124,715,238,74,164,477,438,39
2021,Manchester 040A,E01005125,701,229,64,165,472,412,60
2021,Manchester 045A,E01005126,1008,276,102,174,732,649,83
2021,Manchester 055A,E01005128,635,190,119,71,445,399,46
2021,Manchester 061A,E01005129,825,230,64,166,595,540,55
2021,Manchester 054A,E01005130,637,177,63,114,460,414,46
2021,Manchester 061B,E01005132,909,274,80,194,635,573,62
2021,Manchester 002B,E01005135,731,244,67,177,487,458,29
2021,Manchester 002C,E01005136,663,217,63,154,446,390,56
2021,Manchester 002D,E01005138,998,302,75,227,696,633,63
2021,Manchester 003B,E01005139,925,270,88,182,655,600,55
2021,Manchester 003C,E01005141,627,216,56,160,411,360,51
2021,Manchester 058A,E01005142,680,339,101,238,341,316,25
2021,Manchester 056A,E01005143,999,530,149,381,469,421,48
2021,Manchester 008A,E01005145,887,463,157,306,424,367,57
2021,Manchester 058B,E01005147,936,407,116,291,529,480,49
2021,Manchester 008C,E01005149,681,335,106,229,346,319,27
2021,Manchester 029A,E01005150,1160,238,81,157,922,844,78
2021,Manchester 029B,E01005151,803,233,82,151,570,478,92
2021,Manchester 029C,E01005152,860,212,56,156,648,561,87
2021,Manchester 037B,E01005153,945,187,61,126,758,615,143
2021,Manchester 033A,E01005154,891,178,70,108,713,604,109
2021,Manchester 037C,E01005155,910,186,59,127,724,614,110
2021,Manchester 033B,E01005156,915,199,72,127,716,616,100
2021,Manchester 037D,E01005157,799,197,48,149,602,499,103
2021,Manchester 033C,E01005158,776,198,67,131,578,490,88
2021,Manchester 029D,E01005159,961,218,84,134,743,639,104
2021,Manchester 004B,E01005160,810,291,77,214,519,475,44
2021,Manchester 004C,E01005161,696,254,65,189,442,396,46
2021,Manchester 004D,E01005162,707,301,90,211,406,363,43
2021,Manchester 004E,E01005163,637,281,92,189,356,314,42
2021,Manchester 006A,E01005164,766,296,82,214,470,426,44
2021,Manchester 008D,E01005165,829,341,107,234,488,430,58
2021,Manchester 008E,E01005166,682,321,104,217,361,324,37
2021,Manchester 008F,E01005167,794,367,113,254,427,393,34
2021,Manchester 045B,E01005168,703,187,60,127,516,438,78
2021,Manchester 045C,E01005169,738,182,84,98,556,433,123
2021,Manchester 045D,E01005170,756,209,70,139,547,481,66
2021,Manchester 045E,E01005171,914,236,93,143,678,586,92
2021,Manchester 043A,E01005172,866,181,70,111,685,546,139
2021,Manchester 043B,E01005173,888,198,78,120,690,536,154
2021,Manchester 043C,E01005174,797,185,64,121,612,505,107
2021,Manchester 043D,E01005175,821,192,59,133,629,523,106
2021,Manchester 043E,E01005176,1131,173,64,109,958,815,143
2021,Manchester 043F,E01005177,657,133,36,97,524,436,88
2021,Manchester 030A,E01005178,877,311,107,204,566,508,58
2021,Manchester 030B,E01005179,1101,340,125,215,761,689,72
2021,Manchester 030C,E01005180,703,259,90,169,444,409,35
2021,Manchester 030D,E01005181,919,305,121,184,614,542,72
2021,Manchester 030E,E01005182,542,204,69,135,338,308,30
2021,Manchester 030F,E01005183,647,238,73,165,409,382,27
2021,Manchester 032A,E01005184,854,360,199,161,494,456,38
2021,Manchester 032B,E01005185,735,465,311,154,270,248,22
2021,Manchester 020B,E01005186,1097,395,116,279,702,607,95
2021,Manchester 021A,E01005187,810,298,98,200,512,458,54
2021,Manchester 021B,E01005188,776,250,72,178,526,487,39
2021,Manchester 017D,E01005189,499,182,52,130,317,288,29
2021,Manchester 017E,E01005190,924,346,125,221,578,519,59
2021,Manchester 021C,E01005191,686,267,70,197,419,383,36
2021,Manchester 021D,E01005192,740,222,73,149,518,470,48
2021,Manchester 021E,E01005193,765,230,75,155,535,486,49
2021,Manchester 023A,E01005195,860,350,101,249,510,458,52
2021,Manchester 023C,E01005197,636,249,72,177,387,353,34
2021,Manchester 023D,E01005198,725,322,92,230,403,373,30
2021,Manchester 064C,E01005199,1020,427,129,298,593,546,47
2021,Manchester 064A,E01005200,983,320,103,217,663,606,57
2021,Manchester 023E,E01005201,736,339,106,233,397,351,46
2021,Manchester 009A,E01005202,692,249,68,181,443,405,38
2021,Manchester 009B,E01005203,652,248,57,191,404,367,37
2021,Manchester 006B,E01005205,707,238,63,175,469,421,48
2021,Manchester 006C,E01005206,710,232,63,169,478,428,50
2021,Manchester 006D,E01005207,747,271,99,172,476,431,45
2021,Manchester 019A,E01005208,1267,434,167,267,833,772,61
2021,Manchester 019C,E01005210,519,335,206,129,184,171,13
2021,Manchester 057A,E01005212,873,379,203,176,494,447,47
2021,Manchester 059A,E01005213,1029,399,146,253,630,581,49
2021,Manchester 019D,E01005214,1219,387,156,231,832,757,75
2021,Manchester 034C,E01005215,830,300,85,215,530,484,46
2021,Manchester 034D,E01005216,788,244,82,162,544,483,61
2021,Manchester 034E,E01005217,872,311,112,199,561,484,77
2021,Manchester 034F,E01005218,655,262,111,151,393,351,42
2021,Manchester 031A,E01005219,1024,366,130,236,658,594,64
2021,Manchester 031B,E01005220,845,283,77,206,562,520,42
2021,Manchester 031C,E01005221,1126,422,129,293,704,629,75
2021,Manchester 031D,E01005222,924,324,80,244,600,552,48
2021,Manchester 007A,E01005223,694,223,60,163,471,422,49
2021,Manchester 007B,E01005224,795,301,93,208,494,448,46
2021,Manchester 007C,E01005225,764,239,81,158,525,478,47
2021,Manchester 007D,E01005226,706,283,82,201,423,377,46
2021,Manchester 009D,E01005227,693,287,76,211,406,372,34
2021,Manchester 009E,E01005228,840,323,97,226,517,467,50
2021,Manchester 007E,E01005229,736,214,62,152,522,478,44
2021,Manchester 022B,E01005230,807,325,133,192,482,452,30
2021,Manchester 022C,E01005231,777,348,195,153,429,399,30
2021,Manchester 020C,E01005232,698,271,66,205,427,381,46
2021,Manchester 063B,E01005233,862,481,115,366,381,343,38
2021,Manchester 063A,E01005234,686,380,104,276,306,280,26
2021,Manchester 020D,E01005235,664,310,83,227,354,323,31
2021,Manchester 022D,E01005236,731,369,133,236,362,328,34
2021,Manchester 022E,E01005237,666,330,111,219,336,319,17
2021,Manchester 063D,E01005238,789,402,117,285,387,351,36
2021,Manchester 020E,E01005239,572,274,77,197,298,275,23
2021,Manchester 024B,E01005243,1098,391,125,266,707,655,52
2021,Manchester 025C,E01005244,887,435,201,234,452,411,41
2021,Manchester 024C,E01005245,869,394,136,258,475,446,29
2021,Manchester 024D,E01005246,680,328,93,235,352,319,33
2021,Manchester 005A,E01005247,704,205,71,134,499,446,53
2021,Manchester 005B,E01005248,614,163,48,115,451,399,52
2021,Manchester 005C,E01005249,1012,265,78,187,747,681,66
2021,Manchester 005D,E01005250,777,288,77,211,489,454,35
2021,Manchester 003D,E01005251,719,242,61,181,477,436,41
2021,Manchester 003E,E01005252,764,236,50,186,528,481,47
2021,Manchester 005E,E01005253,642,245,71,174,397,363,34
2021,Manchester 005F,E01005254,806,211,72,139,595,541,54
2021,Manchester 012D,E01005255,584,195,42,153,389,355,34
2021,Manchester 011A,E01005256,1016,316,116,200,700,631,69
2021,Manchester 011B,E01005257,723,248,71,177,475,431,44
2021,Manchester 011C,E01005258,671,215,61,154,456,417,39
2021,Manchester 011D,E01005259,567,217,61,156,350,313,37
2021,Manchester 011E,E01005260,663,169,38,131,494,426,68
2021,Manchester 012E,E01005261,654,225,65,160,429,388,41
2021,Manchester 044B,E01005262,868,229,73,156,639,579,60
2021,Manchester 046A,E01005263,718,197,63,134,521,471,50
2021,Manchester 044C,E01005264,666,214,64,150,452,412,40
2021,Manchester 044D,E01005265,682,213,69,144,469,420,49
2021,Manchester 044E,E01005266,861,279,90,189,582,539,43
2021,Manchester 046B,E01005267,751,187,59,128,564,495,69
2021,Manchester 046C,E01005268,1204,305,116,189,899,799,100
2021,Manchester 046D,E01005269,727,223,59,164,504,445,59
2021,Manchester 035A,E01005270,738,252,106,146,486,439,47
2021,Manchester 032C,E01005271,667,320,185,135,347,310,37
2021,Manchester 035B,E01005272,725,240,60,180,485,439,46
2021,Manchester 035C,E01005273,655,223,125,98,432,397,35
2021,Manchester 038A,E01005274,808,262,116,146,546,494,52
2021,Manchester 038B,E01005275,1124,225,98,127,899,794,105
2021,Manchester 038C,E01005276,814,176,79,97,638,559,79
2021,Manchester 038D,E01005277,1058,200,76,124,858,708,150
2021,Manchester 035D,E01005278,725,317,150,167,408,373,35
2021,Manchester 035E,E01005279,941,343,111,232,598,537,61
2021,Manchester 026A,E01005280,708,351,103,248,357,321,36
2021,Manchester 026B,E01005281,557,266,179,87,291,264,27
2021,Manchester 026C,E01005284,740,286,160,126,454,409,45
2021,Manchester 025D,E01005285,467,225,98,127,242,216,26
2021,Manchester 026D,E01005286,929,413,184,229,516,453,63
2021,Manchester 026E,E01005287,713,318,127,191,395,364,31
2021,Manchester 025E,E01005288,657,290,130,160,367,329,38
2021,Manchester 049D,E01005289,569,221,54,167,348,325,23
2021,Manchester 052A,E01005290,669,235,78,157,434,392,42
2021,Manchester 050E,E01005291,569,214,70,144,355,328,27
2021,Manchester 052B,E01005292,626,198,68,130,428,394,34
2021,Manchester 052C,E01005293,620,154,47,107,466,429,37
2021,Manchester 052D,E01005294,725,212,65,147,513,458,55
2021,Manchester 049E,E01005295,1391,380,122,258,1011,906,105
2021,Manchester 029E,E01005296,787,206,69,137,581,519,62
2021,Manchester 028A,E01005297,1224,404,130,274,820,725,95
2021,Manchester 028B,E01005298,840,279,82,197,561,499,62
2021,Manchester 029F,E01005299,762,249,88,161,513,466,47
2021,Manchester 033D,E01005300,675,220,62,158,455,407,48
2021,Manchester 033E,E01005301,780,211,75,136,569,497,72
2021,Manchester 028C,E01005302,1106,316,104,212,790,690,100
2021,Manchester 040B,E01005304,827,300,161,139,527,455,72
2021,Manchester 036A,E01005305,804,254,83,171,550,494,56
2021,Manchester 040C,E01005306,867,185,62,123,682,554,128
2021,Manchester 040D,E01005307,975,314,139,175,661,573,88
2021,Manchester 040E,E01005308,748,227,65,162,521,468,53
2021,Manchester 036B,E01005309,884,365,196,169,519,462,57
2021,Manchester 036C,E01005310,603,299,155,144,304,282,22
2021,Manchester 036D,E01005311,812,323,153,170,489,436,53
2021,Manchester 036E,E01005312,546,274,163,111,272,234,38
2021,Manchester 053A,E01005313,639,218,69,149,421,385,36
2021,Manchester 053B,E01005314,691,244,69,175,447,395,52
2021,Manchester 053C,E01005315,690,225,60,165,465,435,30
2021,Manchester 053D,E01005316,798,254,91,163,544,483,61
2021,Manchester 052E,E01005317,942,287,87,200,655,580,75
2021,Manchester 053E,E01005318,860,263,74,189,597,540,57
2021,Manchester 051E,E01005319,1029,322,90,232,707,641,66
2021,Oldham 024A,E01005320,750,315,90,225,435,401,34
2021,Oldham 022A,E01005321,569,264,76,188,305,271,34
2021,Oldham 029A,E01005322,450,169,36,133,281,258,23
2021,Oldham 029B,E01005323,587,185,41,144,402,365,37
2021,Oldham 029C,E01005324,661,195,56,139,466,422,44
2021,Oldham 029D,E01005325,493,185,46,139,308,282,26
2021,Oldham 022B,E01005326,818,375,110,265,443,405,38
2021,Oldham 017A,E01005327,853,241,74,167,612,552,60
2021,Oldham 017B,E01005328,567,241,77,164,326,298,28
2021,Oldham 015A,E01005329,807,235,69,166,572,507,65
2021,Oldham 015B,E01005330,914,236,83,153,678,588,90
2021,Oldham 017C,E01005331,699,222,50,172,477,431,46
2021,Oldham 028A,E01005332,996,290,76,214,706,639,67
2021,Oldham 015C,E01005333,601,156,45,111,445,400,45
2021,Oldham 017D,E01005334,780,182,52,130,598,532,66
2021,Oldham 010A,E01005335,607,153,60,93,454,398,56
2021,Oldham 015D,E01005336,728,203,65,138,525,473,52
2021,Oldham 010B,E01005337,849,419,117,302,430,392,38
2021,Oldham 017E,E01005338,584,249,64,185,335,313,22
2021,Oldham 010C,E01005339,714,185,62,123,529,459,70
2021,Oldham 010D,E01005340,589,224,67,157,365,336,29
2021,Oldham 028B,E01005341,694,176,40,136,518,469,49
2021,Oldham 027A,E01005342,597,208,64,144,389,339,50
2021,Oldham 027B,E01005343,584,169,45,124,415,374,41
2021,Oldham 027C,E01005344,820,266,72,194,554,495,59
2021,Oldham 028C,E01005345,704,181,52,129,523,474,49
2021,Oldham 028D,E01005346,641,172,45,127,469,428,41
2021,Oldham 028E,E01005347,668,170,40,130,498,454,44
2021,Oldham 014A,E01005348,716,314,86,228,402,362,40
2021,Oldham 016A,E01005349,670,381,102,279,289,282,7
2021,Oldham 014B,E01005350,653,316,84,232,337,312,25
2021,Oldham 016B,E01005351,597,322,72,250,275,259,16
2021,Oldham 016C,E01005352,448,242,63,179,206,195,11
2021,Oldham 016D,E01005353,398,208,58,150,190,173,17
2021,Oldham 016E,E01005354,679,253,57,196,426,390,36
2021,Oldham 005A,E01005355,722,183,43,140,539,478,61
2021,Oldham 005B,E01005356,673,182,44,138,491,436,55
2021,Oldham 001A,E01005357,612,186,58,128,426,371,55
2021,Oldham 001B,E01005358,718,165,38,127,553,489,64
2021,Oldham 001C,E01005359,683,193,58,135,490,442,48
2021,Oldham 001D,E01005360,523,166,53,113,357,311,46
2021,Oldham 003A,E01005361,729,201,66,135,528,461,67
2021,Oldham 031A,E01005362,644,182,55,127,462,423,39
2021,Oldham 032A,E01005363,847,194,52,142,653,589,64
2021,Oldham 031B,E01005364,823,201,43,158,622,564,58
2021,Oldham 033A,E01005365,730,190,52,138,540,477,63
2021,Oldham 033B,E01005366,590,160,35,125,430,393,37
2021,Oldham 033C,E01005367,724,193,75,118,531,451,80
2021,Oldham 031C,E01005368,702,201,68,133,501,449,52
2021,Oldham 032B,E01005369,961,284,83,201,677,611,66
2021,Oldham 032C,E01005370,655,187,57,130,468,425,43
2021,Oldham 032D,E01005371,682,171,59,112,511,443,68
2021,Oldham 034A,E01005372,611,147,39,108,464,428,36
2021,Oldham 034B,E01005373,574,152,42,110,422,376,46
2021,Oldham 034C,E01005374,665,194,53,141,471,423,48
2021,Oldham 034D,E01005375,692,163,39,124,529,475,54
2021,Oldham 031D,E01005376,540,151,52,99,389,345,44
2021,Oldham 030A,E01005377,660,190,50,140,470,418,52
2021,Oldham 031E,E01005378,635,187,50,137,448,397,51
2021,Oldham 030B,E01005379,454,164,48,116,290,261,29
2021,Oldham 030C,E01005380,604,194,49,145,410,356,54
2021,Oldham 027D,E01005381,665,237,67,170,428,385,43
2021,Oldham 030D,E01005382,585,221,49,172,364,315,49
2021,Oldham 026A,E01005383,760,281,92,189,479,420,59
2021,Oldham 026D,E01005386,536,191,51,140,345,303,42
2021,Oldham 018A,E01005387,763,201,52,149,562,502,60
2021,Oldham 018B,E01005388,631,165,63,102,466,413,53
2021,Oldham 018C,E01005389,745,211,59,152,534,480,54
2021,Oldham 004A,E01005390,646,153,39,114,493,440,53
2021,Oldham 008A,E01005391,750,203,61,142,547,487,60
2021,Oldham 008B,E01005392,636,210,52,158,426,383,43
2021,Oldham 008C,E01005393,557,145,40,105,412,370,42
2021,Oldham 004B,E01005394,665,168,60,108,497,426,71
2021,Oldham 004C,E01005395,709,197,56,141,512,454,58
2021,Oldham 004D,E01005396,628,169,56,113,459,408,51
2021,Oldham 009A,E01005397,660,159,44,115,501,452,49
2021,Oldham 009B,E01005398,780,197,58,139,583,527,56
2021,Oldham 005C,E01005399,721,173,47,126,548,478,70
2021,Oldham 009C,E01005400,546,174,55,119,372,328,44
2021,Oldham 008D,E01005401,763,207,59,148,556,485,71
2021,Oldham 009D,E01005402,729,209,54,155,520,471,49
2021,Oldham 005D,E01005403,886,209,56,153,677,609,68
2021,Oldham 021A,E01005406,697,179,59,120,518,411,107
2021,Oldham 013A,E01005407,894,260,114,146,634,511,123
2021,Oldham 020C,E01005408,962,246,79,167,716,601,115
2021,Oldham 020D,E01005409,796,255,93,162,541,442,99
2021,Oldham 006A,E01005410,746,209,76,133,537,445,92
2021,Oldham 006B,E01005411,688,203,77,126,485,393,92
2021,Oldham 013B,E01005412,817,224,75,149,593,489,104
2021,Oldham 021B,E01005413,805,205,67,138,600,510,90
2021,Oldham 006C,E01005414,698,188,64,124,510,414,96
2021,Oldham 006D,E01005415,464,129,54,75,335,286,49
2021,Oldham 013C,E01005416,780,216,68,148,564,467,97
2021,Oldham 013D,E01005417,716,180,55,125,536,459,77
2021,Oldham 018D,E01005418,721,186,72,114,535,469,66
2021,Oldham 021C,E01005419,702,202,68,134,500,445,55
2021,Oldham 021D,E01005420,738,188,62,126,550,488,62
2021,Oldham 011A,E01005421,724,206,57,149,518,462,56
2021,Oldham 011B,E01005422,556,188,46,142,368,330,38
2021,Oldham 022C,E01005427,619,308,83,225,311,290,21
2021,Oldham 019A,E01005428,653,312,72,240,341,307,34
2021,Oldham 022D,E01005429,553,272,75,197,281,246,35
2021,Oldham 022E,E01005430,931,439,155,284,492,442,50
2021,Oldham 019B,E01005431,673,242,51,191,431,386,45
2021,Oldham 014C,E01005432,604,241,69,172,363,330,33
2021,Oldham 014D,E01005433,777,308,94,214,469,419,50
2021,Oldham 024B,E01005434,612,284,99,185,328,312,16
2021,Oldham 037B,E01005435,624,290,76,214,334,304,30
2021,Oldham 037D,E01005436,708,264,82,182,444,418,26
2021,Oldham 024C,E01005437,717,327,99,228,390,356,34
2021,Oldham 029E,E01005438,1200,438,115,323,762,705,57
2021,Oldham 030E,E01005439,690,215,74,141,475,430,45
2021,Oldham 033D,E01005440,648,173,57,116,475,417,58
2021,Oldham 002A,E01005441,662,177,62,115,485,422,63
2021,Oldham 002B,E01005442,670,173,57,116,497,433,64
2021,Oldham 003B,E01005443,640,171,51,120,469,393,76
2021,Oldham 002C,E01005444,627,177,39,138,450,400,50
2021,Oldham 002D,E01005445,704,185,53,132,519,459,60
2021,Oldham 003C,E01005446,646,166,41,125,480,416,64
2021,Oldham 003D,E01005447,639,195,60,135,444,383,61
2021,Oldham 012A,E01005448,488,171,41,130,317,282,35
2021,Oldham 012B,E01005449,603,173,51,122,430,379,51
2021,Oldham 019C,E01005450,611,263,65,198,348,301,47
2021,Oldham 019D,E01005451,596,205,61,144,391,353,38
2021,Oldham 007C,E01005452,645,178,48,130,467,411,56
2021,Oldham 007D,E01005453,858,203,53,150,655,560,95
2021,Oldham 012C,E01005454,695,177,44,133,518,459,59
2021,Oldham 012D,E01005455,794,162,49,113,632,570,62
2021,Oldham 012E,E01005456,641,237,44,193,404,359,45
2021,Oldham 024D,E01005459,422,187,51,136,235,215,20
2021,Oldham 036C,E01005460,829,380,104,276,449,409,40
2021,Oldham 037A,E01005461,776,357,124,233,419,390,29
2021,Oldham 037C,E01005462,799,309,99,210,490,440,50
2021,Oldham 036D,E01005463,528,241,49,192,287,273,14
2021,Rochdale 016A,E01005464,717,248,67,181,469,416,53
2021,Rochdale 016B,E01005465,858,242,77,165,616,544,72
2021,Rochdale 016C,E01005466,857,270,82,188,587,529,58
2021,Rochdale 016D,E01005467,770,217,43,174,553,493,60
2021,Rochdale 016E,E01005468,1177,259,71,188,918,769,149
2021,Rochdale 012A,E01005469,794,238,77,161,556,500,56
2021,Rochdale 015A,E01005470,582,272,68,204,310,297,13
2021,Rochdale 015B,E01005471,556,224,48,176,332,304,28
2021,Rochdale 010A,E01005472,602,199,48,151,403,367,36
2021,Rochdale 010B,E01005473,536,218,53,165,318,283,35
2021,Rochdale 011A,E01005474,486,160,47,113,326,281,45
2021,Rochdale 015C,E01005475,566,204,50,154,362,330,32
2021,Rochdale 017A,E01005476,839,231,55,176,608,528,80
2021,Rochdale 017B,E01005477,769,228,56,172,541,488,53
2021,Rochdale 017C,E01005478,667,204,62,142,463,412,51
2021,Rochdale 017D,E01005479,894,240,70,170,654,574,80
2021,Rochdale 017E,E01005480,654,207,64,143,447,403,44
2021,Rochdale 017F,E01005481,678,212,65,147,466,404,62
2021,Rochdale 010C,E01005482,467,190,49,141,277,251,26
2021,Rochdale 010D,E01005483,464,176,54,122,288,253,35
2021,Rochdale 010E,E01005484,619,237,81,156,382,356,26
2021,Rochdale 015D,E01005485,787,338,115,223,449,407,42
2021,Rochdale 010F,E01005486,561,199,54,145,362,328,34
2021,Rochdale 010G,E01005487,675,261,80,181,414,382,32
2021,Rochdale 006A,E01005488,840,202,68,134,638,556,82
2021,Rochdale 005A,E01005489,506,178,58,120,328,288,40
2021,Rochdale 005B,E01005490,521,189,60,129,332,284,48
2021,Rochdale 005C,E01005491,659,184,48,136,475,418,57
2021,Rochdale 006B,E01005492,713,203,71,132,510,439,71
2021,Rochdale 005D,E01005493,832,242,76,166,590,498,92
2021,Rochdale 005E,E01005494,765,229,60,169,536,466,70
2021,Rochdale 005F,E01005495,727,243,71,172,484,429,55
2021,Rochdale 009A,E01005496,474,160,57,103,314,276,38
2021,Rochdale 018A,E01005497,709,228,67,161,481,414,67
2021,Rochdale 020A,E01005498,637,171,51,120,466,407,59
2021,Rochdale 006C,E01005499,748,202,70,132,546,469,77
2021,Rochdale 020B,E01005500,749,203,55,148,546,478,68
2021,Rochdale 018B,E01005501,726,195,58,137,531,467,64
2021,Rochdale 018C,E01005502,637,178,56,122,459,413,46
2021,Rochdale 020C,E01005503,635,149,46,103,486,414,72
2021,Rochdale 018D,E01005504,706,170,60,110,536,491,45
2021,Rochdale 018E,E01005505,1075,265,64,201,810,743,67
2021,Rochdale 020D,E01005506,693,194,50,144,499,448,51
2021,Rochdale 020E,E01005507,1174,246,83,163,928,815,113
2021,Rochdale 020F,E01005508,958,219,77,142,739,610,129
2021,Rochdale 018F,E01005509,593,183,40,143,410,374,36
2021,Rochdale 019A,E01005510,554,132,33,99,422,387,35
2021,Rochdale 019B,E01005511,543,142,37,105,401,354,47
2021,Rochdale 019C,E01005512,651,146,43,103,505,441,64
2021,Rochdale 019D,E01005513,608,198,60,138,410,357,53
2021,Rochdale 019E,E01005514,874,212,61,151,662,581,81
2021,Rochdale 019F,E01005515,586,217,59,158,369,336,33
2021,Rochdale 003A,E01005516,627,170,44,126,457,403,54
2021,Rochdale 003B,E01005517,599,147,41,106,452,388,64
2021,Rochdale 001A,E01005518,735,197,59,138,538,450,88
2021,Rochdale 002A,E01005519,819,198,54,144,621,534,87
2021,Rochdale 001B,E01005520,861,242,66,176,619,532,87
2021,Rochdale 003C,E01005521,749,195,59,136,554,457,97
2021,Rochdale 001C,E01005522,745,192,58,134,553,496,57
2021,Rochdale 001D,E01005523,922,241,77,164,681,614,67
2021,Rochdale 021A,E01005524,711,192,50,142,519,469,50
2021,Rochdale 021B,E01005525,714,216,61,155,498,433,65
2021,Rochdale 021C,E01005526,924,238,69,169,686,605,81
2021,Rochdale 022A,E01005527,884,230,71,159,654,587,67
2021,Rochdale 021D,E01005528,701,193,44,149,508,463,45
2021,Rochdale 022B,E01005529,610,207,50,157,403,370,33
2021,Rochdale 025A,E01005530,649,160,44,116,489,423,66
2021,Rochdale 025B,E01005531,571,137,37,100,434,380,54
2021,Rochdale 025C,E01005532,620,197,62,135,423,384,39
2021,Rochdale 024A,E01005533,760,187,54,133,573,506,67
2021,Rochdale 023A,E01005534,680,167,51,116,513,461,52
2021,Rochdale 023B,E01005535,672,178,55,123,494,455,39
2021,Rochdale 021E,E01005536,754,226,54,172,528,459,69
2021,Rochdale 023C,E01005537,643,158,51,107,485,437,48
2021,Rochdale 023D,E01005538,647,180,41,139,467,421,46
2021,Rochdale 024B,E01005539,536,171,49,122,365,314,51
2021,Rochdale 023E,E01005540,684,161,48,113,523,472,51
2021,Rochdale 023F,E01005541,816,208,64,144,608,555,53
2021,Rochdale 023G,E01005542,671,189,56,133,482,434,48
2021,Rochdale 021F,E01005543,590,144,46,98,446,389,57
2021,Rochdale 025D,E01005544,720,150,41,109,570,489,81
2021,Rochdale 025E,E01005545,591,166,58,108,425,363,62
2021,Rochdale 024C,E01005546,530,141,40,101,389,348,41
2021,Rochdale 024D,E01005547,844,187,56,131,657,584,73
2021,Rochdale 024E,E01005548,540,158,55,103,382,346,36
2021,Rochdale 025F,E01005549,750,198,61,137,552,469,83
2021,Rochdale 025G,E01005550,671,182,52,130,489,442,47
2021,Rochdale 022C,E01005551,737,211,63,148,526,468,58
2021,Rochdale 022D,E01005552,798,271,76,195,527,482,45
2021,Rochdale 022E,E01005553,757,234,60,174,523,480,43
2021,Rochdale 022F,E01005554,1119,249,82,167,870,773,97
2021,Rochdale 014A,E01005555,704,152,43,109,552,482,70
2021,Rochdale 013A,E01005556,754,198,60,138,556,500,56
2021,Rochdale 014B,E01005557,529,137,47,90,392,342,50
2021,Rochdale 014C,E01005558,740,184,44,140,556,507,49
2021,Rochdale 013B,E01005559,561,167,44,123,394,350,44
2021,Rochdale 013C,E01005560,658,166,44,122,492,436,56
2021,Rochdale 014D,E01005561,732,204,70,134,528,457,71
2021,Rochdale 014E,E01005562,716,188,56,132,528,454,74
2021,Rochdale 012B,E01005563,785,290,88,202,495,461,34
2021,Rochdale 015E,E01005564,757,302,86,216,455,416,39
2021,Rochdale 012C,E01005565,579,183,42,141,396,340,56
2021,Rochdale 012D,E01005566,893,321,95,226,572,508,64
2021,Rochdale 013D,E01005567,954,206,65,141,748,656,92
2021,Rochdale 012E,E01005568,543,250,85,165,293,276,17
2021,Rochdale 012F,E01005569,606,235,66,169,371,335,36
2021,Rochdale 007A,E01005570,579,148,39,109,431,376,55
2021,Rochdale 006D,E01005571,867,229,93,136,638,542,96
2021,Rochdale 007B,E01005572,713,189,68,121,524,457,67
2021,Rochdale 007C,E01005573,687,188,69,119,499,434,65
2021,Rochdale 007D,E01005574,767,236,78,158,531,449,82
2021,Rochdale 011B,E01005575,761,233,74,159,528,435,93
2021,Rochdale 011C,E01005576,657,199,70,129,458,382,76
2021,Rochdale 011D,E01005577,642,174,60,114,468,388,80
2021,Rochdale 004A,E01005578,519,175,46,129,344,315,29
2021,Rochdale 004B,E01005579,540,229,44,185,311,283,28
2021,Rochdale 008A,E01005580,612,223,73,150,389,351,38
2021,Rochdale 008B,E01005581,655,247,72,175,408,362,46
2021,Rochdale 008D,E01005583,527,232,66,166,295,284,11
2021,Rochdale 008F,E01005585,593,238,72,166,355,315,40
2021,Rochdale 004C,E01005586,513,129,29,100,384,356,28
2021,Rochdale 007E,E01005587,715,172,48,124,543,459,84
2021,Rochdale 007F,E01005588,478,133,33,100,345,308,37
2021,Rochdale 009B,E01005589,800,240,76,164,560,504,56
2021,Rochdale 009C,E01005590,674,245,61,184,429,377,52
2021,Rochdale 009D,E01005591,682,198,48,150,484,421,63
2021,Rochdale 009E,E01005592,593,205,56,149,388,343,45
2021,Rochdale 004D,E01005593,914,239,60,179,675,593,82
2021,Rochdale 002B,E01005594,696,198,47,151,498,435,63
2021,Rochdale 004E,E01005595,492,137,43,94,355,308,47
2021,Rochdale 003D,E01005596,1042,255,75,180,787,670,117
2021,Rochdale 002C,E01005597,1011,237,75,162,774,651,123
2021,Rochdale 002D,E01005598,688,187,56,131,501,437,64
2021,Salford 026A,E01005599,855,240,84,156,615,550,65
2021,Salford 026B,E01005600,1138,244,64,180,894,794,100
2021,Salford 026C,E01005601,688,212,50,162,476,440,36
2021,Salford 026D,E01005602,676,201,65,136,475,434,41
2021,Salford 027A,E01005603,915,251,79,172,664,600,64
2021,Salford 027B,E01005604,792,212,63,149,580,511,69
2021,Salford 027C,E01005605,825,214,60,154,611,541,70
2021,Salford 034C,E01005610,748,418,209,209,330,289,41
2021,Salford 032C,E01005611,1078,402,156,246,676,611,65
2021,Salford 031B,E01005612,813,422,106,316,391,345,46
2021,Salford 031A,E01005613,878,435,123,312,443,402,41
2021,Salford 031C,E01005614,885,678,115,563,207,180,27
2021,Salford 032D,E01005615,783,423,83,340,360,324,36
2021,Salford 030A,E01005616,585,160,50,110,425,379,46
2021,Salford 030B,E01005617,713,171,45,126,542,472,70
2021,Salford 030C,E01005618,1057,259,75,184,798,696,102
2021,Salford 030D,E01005619,583,151,45,106,432,386,46
2021,Salford 030E,E01005620,1346,300,92,208,1046,909,137
2021,Salford 030F,E01005621,791,213,69,144,578,517,61
2021,Salford 018A,E01005622,877,214,65,149,663,604,59
2021,Salford 018B,E01005623,642,164,52,112,478,413,65
2021,Salford 017A,E01005624,767,228,73,155,539,494,45
2021,Salford 015A,E01005625,709,155,44,111,554,507,47
2021,Salford 018C,E01005626,663,166,56,110,497,456,41
2021,Salford 015B,E01005627,627,143,44,99,484,438,46
2021,Salford 018D,E01005628,797,250,94,156,547,492,55
2021,Salford 021A,E01005629,748,178,52,126,570,501,69
2021,Salford 021B,E01005630,786,172,43,129,614,563,51
2021,Salford 020A,E01005631,631,166,55,111,465,416,49
2021,Salford 020B,E01005632,1312,319,100,219,993,883,110
2021,Salford 020C,E01005633,674,170,45,125,504,464,40
2021,Salford 020D,E01005634,865,197,64,133,668,587,81
2021,Salford 020E,E01005635,811,179,55,124,632,547,85
2021,Salford 020F,E01005636,798,179,71,108,619,512,107
2021,Salford 020G,E01005637,755,173,53,120,582,513,69
2021,Salford 027D,E01005638,1067,245,82,163,822,757,65
2021,Salford 029A,E01005639,463,176,33,143,287,253,34
2021,Salford 029B,E01005640,575,171,45,126,404,351,53
2021,Salford 029C,E01005641,586,157,44,113,429,380,49
2021,Salford 029D,E01005642,656,182,51,131,474,424,50
2021,Salford 029E,E01005643,607,152,45,107,455,398,57
2021,Salford 029F,E01005644,846,203,61,142,643,579,64
2021,Salford 029G,E01005645,663,163,62,101,500,444,56
2021,Salford 010A,E01005646,916,516,156,360,400,361,39
2021,Salford 011A,E01005647,617,287,115,172,330,274,56
2021,Salford 011B,E01005648,1189,365,122,243,824,705,119
2021,Salford 010B,E01005649,731,397,147,250,334,266,68
2021,Salford 010C,E01005650,659,379,76,303,280,237,43
2021,Salford 010D,E01005651,788,500,117,383,288,267,21
2021,Salford 011C,E01005652,634,204,59,145,430,387,43
2021,Salford 011D,E01005653,616,230,77,153,386,349,37
2021,Salford 023A,E01005654,1083,265,98,167,818,734,84
2021,Salford 023B,E01005656,780,236,85,151,544,499,45
2021,Salford 023C,E01005657,840,299,91,208,541,492,49
2021,Salford 001A,E01005659,641,190,53,137,451,399,52
2021,Salford 001B,E01005660,594,222,69,153,372,343,29
2021,Salford 004A,E01005661,777,233,63,170,544,492,52
2021,Salford 004B,E01005662,511,193,59,134,318,272,46
2021,Salford 001C,E01005663,732,190,71,119,542,478,64
2021,Salford 001D,E01005664,562,205,52,153,357,319,38
2021,Salford 001E,E01005665,656,245,70,175,411,362,49
2021,Salford 035C,E01005667,1106,353,106,247,753,681,72
2021,Salford 005A,E01005670,792,249,59,190,543,484,59
2021,Salford 012A,E01005671,739,207,66,141,532,478,54
2021,Salford 005B,E01005672,701,152,48,104,549,498,51
2021,Salford 008A,E01005673,759,200,59,141,559,494,65
2021,Salford 012B,E01005674,719,182,55,127,537,480,57
2021,Salford 005C,E01005676,563,157,49,108,406,368,38
2021,Salford 005D,E01005677,725,183,55,128,542,478,64
2021,Salford 008C,E01005678,668,234,59,175,434,400,34
2021,Salford 008D,E01005679,614,188,62,126,426,389,37
2021,Salford 017B,E01005680,641,222,84,138,419,385,34
2021,Salford 024C,E01005681,373,175,86,89,198,186,12
2021,Salford 024D,E01005682,578,181,75,106,397,360,37
2021,Salford 017C,E01005683,788,291,109,182,497,439,58
2021,Salford 006A,E01005686,719,194,63,131,525,470,55
2021,Salford 009A,E01005687,966,266,88,178,700,635,65
2021,Salford 006B,E01005688,710,190,71,119,520,468,52
2021,Salford 009B,E01005689,529,164,57,107,365,330,35
2021,Salford 009C,E01005690,806,192,74,118,614,556,58
2021,Salford 006C,E01005691,637,152,51,101,485,434,51
2021,Salford 006D,E01005692,541,160,42,118,381,342,39
2021,Salford 009D,E01005693,751,179,46,133,572,526,46
2021,Salford 012C,E01005694,945,215,73,142,730,638,92
2021,Salford 014A,E01005695,770,212,68,144,558,463,95
2021,Salford 012D,E01005696,892,212,58,154,680,594,86
2021,Salford 014B,E01005697,753,183,60,123,570,501,69
2021,Salford 012E,E01005698,625,184,51,133,441,402,39
2021,Salford 015C,E01005699,928,244,62,182,684,617,67
2021,Salford 012F,E01005700,738,199,66,133,539,486,53
2021,Salford 015D,E01005701,863,224,68,156,639,564,75
2021,Salford 003A,E01005702,1290,322,105,217,968,871,97
2021,Salford 002A,E01005703,601,177,54,123,424,377,47
2021,Salford 002B,E01005704,607,183,44,139,424,377,47
2021,Salford 002C,E01005706,604,177,35,142,427,380,47
2021,Salford 003C,E01005707,727,220,82,138,507,446,61
2021,Salford 002D,E01005708,628,179,42,137,449,386,63
2021,Salford 004C,E01005709,523,161,46,115,362,325,37
2021,Salford 004D,E01005710,1068,253,78,175,815,719,96
2021,Salford 007A,E01005711,699,188,52,136,511,434,77
2021,Salford 007B,E01005712,956,211,74,137,745,657,88
2021,Salford 007C,E01005713,790,206,50,156,584,491,93
2021,Salford 007D,E01005714,787,210,70,140,577,513,64
2021,Salford 007E,E01005715,873,197,63,134,676,575,101
2021,Salford 013A,E01005716,794,198,65,133,596,488,108
2021,Salford 013B,E01005717,828,210,71,139,618,510,108
2021,Salford 007F,E01005718,818,189,62,127,629,573,56
2021,Salford 021C,E01005719,1032,228,89,139,804,747,57
2021,Salford 023D,E01005721,727,225,65,160,502,466,36
2021,Salford 021E,E01005722,941,253,88,165,688,626,62
2021,Salford 021F,E01005723,731,219,73,146,512,467,45
2021,Salford 021G,E01005724,709,188,62,126,521,464,57
2021,Salford 019A,E01005725,527,155,37,118,372,322,50
2021,Salford 019B,E01005726,719,166,48,118,553,501,52
2021,Salford 019C,E01005727,778,173,59,114,605,549,56
2021,Salford 019D,E01005728,979,222,71,151,757,669,88
2021,Salford 025A,E01005729,590,207,61,146,383,339,44
2021,Salford 025B,E01005730,865,222,68,154,643,591,52
2021,Salford 025C,E01005731,626,210,48,162,416,372,44
2021,Salford 025D,E01005732,517,145,48,97,372,325,47
2021,Salford 019E,E01005733,505,149,54,95,356,309,47
2021,Salford 013C,E01005734,648,155,52,103,493,412,81
2021,Salford 013D,E01005735,688,205,66,139,483,432,51
2021,Salford 013E,E01005736,644,148,50,98,496,445,51
2021,Salford 013F,E01005737,742,197,77,120,545,434,111
2021,Salford 014C,E01005738,972,262,97,165,710,588,122
2021,Salford 013G,E01005739,1085,251,74,177,834,709,125
2021,Salford 014D,E01005740,751,207,65,142,544,430,114
2021,Salford 014E,E01005741,803,211,74,137,592,463,129
2021,Salford 014F,E01005742,816,200,69,131,616,541,75
2021,Stockport 009A,E01005743,620,168,46,122,452,398,54
2021,Stockport 009B,E01005744,643,190,64,126,453,405,48
2021,Stockport 005A,E01005745,717,203,65,138,514,459,55
2021,Stockport 005B,E01005746,506,123,38,85,383,340,43
2021,Stockport 005C,E01005747,716,199,63,136,517,442,75
2021,Stockport 005D,E01005748,735,223,59,164,512,458,54
2021,Stockport 009C,E01005749,851,214,65,149,637,556,81
2021,Stockport 009D,E01005750,903,236,69,167,667,595,72
2021,Stockport 009E,E01005751,701,182,59,123,519,461,58
2021,Stockport 012A,E01005752,627,174,63,111,453,405,48
2021,Stockport 004A,E01005753,670,246,63,183,424,390,34
2021,Stockport 004B,E01005754,632,223,47,176,409,369,40
2021,Stockport 004C,E01005755,695,216,53,163,479,431,48
2021,Stockport 004D,E01005756,950,239,74,165,711,652,59
2021,Stockport 014A,E01005757,850,270,88,182,580,534,46
2021,Stockport 023A,E01005759,882,241,80,161,641,568,73
2021,Stockport 023B,E01005760,974,274,78,196,700,636,64
2021,Stockport 026A,E01005761,659,200,71,129,459,408,51
2021,Stockport 026B,E01005762,848,233,59,174,615,554,61
2021,Stockport 026C,E01005763,736,239,66,173,497,445,52
2021,Stockport 016A,E01005764,853,212,61,151,641,565,76
2021,Stockport 018A,E01005765,736,194,55,139,542,489,53
2021,Stockport 014C,E01005766,808,232,79,153,576,530,46
2021,Stockport 028A,E01005767,663,235,98,137,428,360,68
2021,Stockport 025A,E01005768,985,270,116,154,715,621,94
2021,Stockport 022A,E01005769,839,174,48,126,665,576,89
2021,Stockport 025B,E01005770,639,191,71,120,448,376,72
2021,Stockport 025C,E01005771,744,216,70,146,528,454,74
2021,Stockport 028B,E01005772,677,206,78,128,471,395,76
2021,Stockport 028C,E01005773,748,235,110,125,513,421,92
2021,Stockport 028D,E01005774,644,174,49,125,470,412,58
2021,Stockport 025D,E01005775,804,224,79,145,580,499,81
2021,Stockport 028E,E01005776,781,258,97,161,523,428,95
2021,Stockport 034A,E01005777,696,191,67,124,505,445,60
2021,Stockport 022B,E01005778,762,218,76,142,544,492,52
2021,Stockport 022C,E01005779,745,217,59,158,528,485,43
2021,Stockport 022D,E01005780,780,233,57,176,547,496,51
2021,Stockport 022E,E01005781,745,246,77,169,499,458,41
2021,Stockport 030A,E01005782,591,164,55,109,427,375,52
2021,Stockport 030B,E01005783,610,178,50,128,432,377,55
2021,Stockport 030C,E01005784,643,196,71,125,447,372,75
2021,Stockport 030D,E01005785,786,258,77,181,528,448,80
2021,Stockport 030E,E01005786,1043,270,111,159,773,668,105
2021,Stockport 034B,E01005787,633,180,68,112,453,367,86
2021,Stockport 034C,E01005788,748,221,78,143,527,441,86
2021,Stockport 039A,E01005789,818,225,87,138,593,496,97
2021,Stockport 034D,E01005790,545,185,61,124,360,318,42
2021,Stockport 039B,E01005791,781,242,87,155,539,485,54
2021,Stockport 041A,E01005792,707,222,82,140,485,410,75
2021,Stockport 039C,E01005793,712,211,58,153,501,444,57
2021,Stockport 041B,E01005794,589,174,62,112,415,350,65
2021,Stockport 039D,E01005795,654,178,63,115,476,413,63
2021,Stockport 039E,E01005796,615,185,56,129,430,372,58
2021,Stockport 023C,E01005797,788,217,75,142,571,506,65
2021,Stockport 027A,E01005798,770,210,72,138,560,486,74
2021,Stockport 026D,E01005799,783,260,84,176,523,464,59
2021,Stockport 023D,E01005800,830,232,80,152,598,524,74
2021,Stockport 027B,E01005801,1195,305,85,220,890,800,90
2021,Stockport 027C,E01005802,814,209,58,151,605,512,93
2021,Stockport 027D,E01005803,727,210,66,144,517,433,84
2021,Stockport 023E,E01005804,540,154,35,119,386,343,43
2021,Stockport 035A,E01005805,778,231,90,141,547,487,60
2021,Stockport 033A,E01005806,574,157,62,95,417,363,54
2021,Stockport 035B,E01005807,704,196,67,129,508,432,76
2021,Stockport 037A,E01005808,629,206,65,141,423,323,100
2021,Stockport 037B,E01005809,571,177,62,115,394,353,41
2021,Stockport 037C,E01005810,637,189,70,119,448,376,72
2021,Stockport 037D,E01005811,689,212,77,135,477,408,69
2021,Stockport 037E,E01005812,552,177,73,104,375,274,101
2021,Stockport 033B,E01005813,643,193,71,122,450,389,61
2021,Stockport 033C,E01005814,590,161,66,95,429,372,57
2021,Stockport 033D,E01005815,734,211,62,149,523,458,65
2021,Stockport 016B,E01005816,863,228,76,152,635,570,65
2021,Stockport 016C,E01005817,806,202,67,135,604,553,51
2021,Stockport 018B,E01005818,677,186,51,135,491,443,48
2021,Stockport 018C,E01005819,867,209,66,143,658,593,65
2021,Stockport 018D,E01005820,782,202,69,133,580,518,62
2021,Stockport 018E,E01005821,732,193,56,137,539,495,44
2021,Stockport 016D,E01005822,919,230,80,150,689,627,62
2021,Stockport 018F,E01005823,818,215,53,162,603,543,60
2021,Stockport 024A,E01005824,760,223,55,168,537,474,63
2021,Stockport 019A,E01005825,829,228,80,148,601,533,68
2021,Stockport 024B,E01005826,601,218,51,167,383,342,41
2021,Stockport 024C,E01005827,847,210,70,140,637,568,69
2021,Stockport 024D,E01005828,431,165,46,119,266,243,23
2021,Stockport 024E,E01005829,518,161,42,119,357,323,34
2021,Stockport 027E,E01005830,798,219,71,148,579,516,63
2021,Stockport 027F,E01005831,905,261,67,194,644,574,70
2021,Stockport 021A,E01005832,695,213,63,150,482,417,65
2021,Stockport 021B,E01005833,448,133,41,92,315,267,48
2021,Stockport 031A,E01005834,725,233,67,166,492,446,46
2021,Stockport 021C,E01005835,710,217,76,141,493,440,53
2021,Stockport 031B,E01005836,854,228,70,158,626,535,91
2021,Stockport 021D,E01005837,807,232,71,161,575,522,53
2021,Stockport 031C,E01005838,929,219,69,150,710,631,79
2021,Stockport 035C,E01005839,569,180,67,113,389,334,55
2021,Stockport 031D,E01005840,799,228,64,164,571,487,84
2021,Stockport 035D,E01005841,690,204,66,138,486,411,75
2021,Stockport 038A,E01005842,716,218,67,151,498,434,64
2021,Stockport 021E,E01005843,705,209,67,142,496,430,66
2021,Stockport 036A,E01005844,625,186,64,122,439,384,55
2021,Stockport 036B,E01005845,734,250,101,149,484,426,58
2021,Stockport 040A,E01005846,789,275,86,189,514,444,70
2021,Stockport 040B,E01005847,741,233,70,163,508,461,47
2021,Stockport 040C,E01005848,960,283,92,191,677,582,95
2021,Stockport 036C,E01005849,742,228,71,157,514,451,63
2021,Stockport 040D,E01005850,754,223,68,155,531,476,55
2021,Stockport 036D,E01005851,719,222,79,143,497,430,67
2021,Stockport 013A,E01005852,815,239,86,153,576,500,76
2021,Stockport 011A,E01005853,773,247,97,150,526,468,58
2021,Stockport 013B,E01005854,915,237,78,159,678,580,98
2021,Stockport 013C,E01005855,732,226,97,129,506,421,85
2021,Stockport 011B,E01005856,804,280,98,182,524,456,68
2021,Stockport 013D,E01005857,705,239,84,155,466,421,45
2021,Stockport 013E,E01005858,846,204,78,126,642,561,81
2021,Stockport 008A,E01005859,772,191,62,129,581,475,106
2021,Stockport 011C,E01005860,785,213,61,152,572,485,87
2021,Stockport 011D,E01005861,769,213,75,138,556,480,76
2021,Stockport 003A,E01005862,785,224,68,156,561,490,71
2021,Stockport 006A,E01005863,903,235,92,143,668,559,109
2021,Stockport 006B,E01005864,838,190,60,130,648,533,115
2021,Stockport 008B,E01005865,925,266,81,185,659,553,106
2021,Stockport 006C,E01005866,953,227,94,133,726,604,122
2021,Stockport 008C,E01005867,675,165,61,104,510,411,99
2021,Stockport 008D,E01005868,715,228,88,140,487,411,76
2021,Stockport 006D,E01005869,733,191,57,134,542,464,78
2021,Stockport 015A,E01005870,750,215,65,150,535,486,49
2021,Stockport 015B,E01005871,719,188,50,138,531,480,51
2021,Stockport 019B,E01005872,878,234,74,160,644,590,54
2021,Stockport 015C,E01005873,773,227,55,172,546,484,62
2021,Stockport 019C,E01005874,870,251,71,180,619,567,52
2021,Stockport 015D,E01005875,832,234,75,159,598,529,69
2021,Stockport 019D,E01005876,792,231,67,164,561,511,50
2021,Stockport 019E,E01005877,858,278,78,200,580,531,49
2021,Stockport 020A,E01005878,775,230,75,155,545,469,76
2021,Stockport 020B,E01005879,611,180,55,125,431,375,56
2021,Stockport 017A,E01005880,734,219,69,150,515,424,91
2021,Stockport 017B,E01005881,520,149,52,97,371,309,62
2021,Stockport 020C,E01005882,536,167,59,108,369,316,53
2021,Stockport 017C,E01005883,630,180,84,96,450,363,87
2021,Stockport 020D,E01005884,687,194,68,126,493,432,61
2021,Stockport 020E,E01005885,718,196,76,120,522,457,65
2021,Stockport 001A,E01005886,747,200,65,135,547,492,55
2021,Stockport 002A,E01005887,733,248,63,185,485,444,41
2021,Stockport 001B,E01005888,722,189,60,129,533,480,53
2021,Stockport 001C,E01005889,653,168,57,111,485,440,45
2021,Stockport 002B,E01005890,686,228,66,162,458,408,50
2021,Stockport 001D,E01005891,572,169,58,111,403,358,45
2021,Stockport 003B,E01005892,632,165,45,120,467,418,49
2021,Stockport 002C,E01005893,1300,295,88,207,1005,916,89
2021,Stockport 001E,E01005894,727,198,53,145,529,483,46
2021,Stockport 003C,E01005895,546,158,42,116,388,358,30
2021,Stockport 002D,E01005896,897,253,73,180,644,586,58
2021,Stockport 010A,E01005897,693,222,59,163,471,409,62
2021,Stockport 010B,E01005898,754,215,82,133,539,448,91
2021,Stockport 012B,E01005899,652,177,49,128,475,418,57
2021,Stockport 010C,E01005900,713,226,66,160,487,420,67
2021,Stockport 012C,E01005901,576,137,42,95,439,377,62
2021,Stockport 012D,E01005902,658,199,71,128,459,404,55
2021,Stockport 010D,E01005903,649,188,70,118,461,378,83
2021,Stockport 010E,E01005904,677,194,65,129,483,419,64
2021,Stockport 012E,E01005905,581,179,54,125,402,361,41
2021,Stockport 038B,E01005906,543,171,69,102,372,322,50
2021,Stockport 038C,E01005907,553,204,77,127,349,303,46
2021,Stockport 017D,E01005908,793,242,99,143,551,418,133
2021,Stockport 029A,E01005909,674,218,77,141,456,387,69
2021,Stockport 029B,E01005910,731,251,90,161,480,416,64
2021,Stockport 029C,E01005911,577,175,54,121,402,360,42
2021,Stockport 029D,E01005912,716,214,77,137,502,424,78
2021,Stockport 038D,E01005913,646,187,51,136,459,385,74
2021,Stockport 007A,E01005914,721,168,44,124,553,493,60
2021,Stockport 007B,E01005915,757,212,65,147,545,486,59
2021,Stockport 007C,E01005916,848,210,64,146,638,566,72
2021,Stockport 007D,E01005917,916,265,86,179,651,602,49
2021,Stockport 014D,E01005918,410,126,38,88,284,256,28
2021,Stockport 002E,E01005919,678,192,55,137,486,435,51
2021,Stockport 003D,E01005920,866,206,61,145,660,588,72
2021,Stockport 003E,E01005921,739,214,58,156,525,471,54
2021,Stockport 003F,E01005922,682,189,57,132,493,428,65
2021,Stockport 041C,E01005923,640,214,78,136,426,338,88
2021,Stockport 042A,E01005924,574,184,81,103,390,296,94
2021,Stockport 042B,E01005925,594,190,81,109,404,322,82
2021,Stockport 042C,E01005926,1209,345,152,193,864,659,205
2021,Stockport 032A,E01005927,628,163,50,113,465,381,84
2021,Stockport 032B,E01005928,768,228,72,156,540,481,59
2021,Stockport 032C,E01005929,614,207,78,129,407,320,87
2021,Stockport 032D,E01005930,700,222,95,127,478,364,114
2021,Stockport 041D,E01005931,604,176,75,101,428,342,86
2021,Stockport 042D,E01005932,566,154,59,95,412,343,69
2021,Tameside 006A,E01005933,614,176,49,127,438,397,41
2021,Tameside 006B,E01005934,686,182,69,113,504,449,55
2021,Tameside 006C,E01005935,546,143,28,115,403,369,34
2021,Tameside 004A,E01005936,714,185,65,120,529,462,67
2021,Tameside 004B,E01005937,710,214,63,151,496,442,54
2021,Tameside 002A,E01005938,677,202,64,138,475,402,73
2021,Tameside 002B,E01005939,536,154,51,103,382,342,40
2021,Tameside 002C,E01005940,600,188,61,127,412,379,33
2021,Tameside 007A,E01005941,698,219,57,162,479,429,50
2021,Tameside 007B,E01005942,826,222,51,171,604,549,55
2021,Tameside 007C,E01005943,900,261,83,178,639,579,60
2021,Tameside 007D,E01005944,974,201,54,147,773,687,86
2021,Tameside 004C,E01005945,807,232,63,169,575,521,54
2021,Tameside 004D,E01005946,716,193,51,142,523,468,55
2021,Tameside 004E,E01005947,764,257,70,187,507,464,43
2021,Tameside 013A,E01005948,841,281,100,181,560,522,38
2021,Tameside 006D,E01005949,717,206,53,153,511,451,60
2021,Tameside 013B,E01005950,695,309,92,217,386,357,29
2021,Tameside 013C,E01005951,755,218,62,156,537,481,56
2021,Tameside 013E,E01005953,814,277,72,205,537,487,50
2021,Tameside 005A,E01005954,570,145,35,110,425,388,37
2021,Tameside 002D,E01005955,856,227,70,157,629,560,69
2021,Tameside 005B,E01005956,610,186,45,141,424,379,45
2021,Tameside 005C,E01005957,661,188,51,137,473,429,44
2021,Tameside 005D,E01005958,624,186,50,136,438,401,37
2021,Tameside 005E,E01005959,770,254,69,185,516,465,51
2021,Tameside 006E,E01005960,714,233,66,167,481,433,48
2021,Tameside 014A,E01005961,1535,332,97,235,1203,1068,135
2021,Tameside 014B,E01005962,642,197,59,138,445,402,43
2021,Tameside 019A,E01005963,573,150,33,117,423,365,58
2021,Tameside 019B,E01005964,745,181,52,129,564,496,68
2021,Tameside 019C,E01005965,827,201,47,154,626,577,49
2021,Tameside 019D,E01005966,767,202,53,149,565,509,56
2021,Tameside 019E,E01005967,579,166,36,130,413,379,34
2021,Tameside 014C,E01005968,696,195,53,142,501,451,50
2021,Tameside 014D,E01005969,637,178,41,137,459,403,56
2021,Tameside 021A,E01005970,638,182,56,126,456,404,52
2021,Tameside 025A,E01005971,658,178,43,135,480,434,46
2021,Tameside 021B,E01005972,798,226,65,161,572,500,72
2021,Tameside 026A,E01005973,670,177,59,118,493,439,54
2021,Tameside 021C,E01005974,808,248,91,157,560,496,64
2021,Tameside 021D,E01005975,716,174,50,124,542,491,51
2021,Tameside 026B,E01005976,663,185,37,148,478,426,52
2021,Tameside 026C,E01005977,675,165,47,118,510,459,51
2021,Tameside 026D,E01005978,600,175,46,129,425,402,23
2021,Tameside 029A,E01005979,668,165,50,115,503,452,51
2021,Tameside 029B,E01005980,641,198,52,146,443,396,47
2021,Tameside 029C,E01005981,654,174,39,135,480,439,41
2021,Tameside 029D,E01005982,576,166,55,111,410,375,35
2021,Tameside 029E,E01005983,726,176,63,113,550,485,65
2021,Tameside 029F,E01005984,690,209,52,157,481,430,51
2021,Tameside 024A,E01005985,729,190,57,133,539,495,44
2021,Tameside 025B,E01005986,617,181,61,120,436,393,43
2021,Tameside 024B,E01005987,763,200,51,149,563,500,63
2021,Tameside 024C,E01005988,855,195,65,130,660,603,57
2021,Tameside 025C,E01005989,581,150,44,106,431,378,53
2021,Tameside 024D,E01005990,667,144,34,110,523,461,62
2021,Tameside 024E,E01005991,748,195,60,135,553,490,63
2021,Tameside 025D,E01005992,562,142,48,94,420,378,42
2021,Tameside 010A,E01005993,643,176,48,128,467,428,39
2021,Tameside 011A,E01005994,731,203,54,149,528,471,57
2021,Tameside 010B,E01005995,728,188,61,127,540,472,68
2021,Tameside 010C,E01005996,938,247,72,175,691,617,74
2021,Tameside 010D,E01005997,745,194,42,152,551,497,54
2021,Tameside 012A,E01005998,926,259,88,171,667,608,59
2021,Tameside 011B,E01005999,1060,266,63,203,794,710,84
2021,Tameside 010E,E01006000,777,231,75,156,546,496,50
2021,Tameside 012B,E01006001,769,224,63,161,545,509,36
2021,Tameside 011C,E01006002,653,154,41,113,499,449,50
2021,Tameside 012C,E01006003,718,203,56,147,515,463,52
2021,Tameside 011D,E01006004,741,208,68,140,533,479,54
2021,Tameside 011E,E01006005,554,187,49,138,367,332,35
2021,Tameside 012D,E01006006,720,202,75,127,518,464,54
2021,Tameside 011F,E01006007,758,217,69,148,541,485,56
2021,Tameside 017A,E01006008,739,183,54,129,556,509,47
2021,Tameside 016A,E01006009,616,159,47,112,457,410,47
2021,Tameside 017B,E01006010,558,168,60,108,390,342,48
2021,Tameside 018A,E01006011,690,206,63,143,484,421,63
2021,Tameside 017C,E01006012,921,252,86,166,669,603,66
2021,Tameside 018B,E01006013,590,159,35,124,431,379,52
2021,Tameside 018C,E01006014,606,168,51,117,438,399,39
2021,Tameside 017D,E01006015,763,190,68,122,573,511,62
2021,Tameside 017E,E01006016,846,207,64,143,639,576,63
2021,Tameside 016B,E01006017,706,194,57,137,512,459,53
2021,Tameside 016C,E01006018,642,173,56,117,469,419,50
2021,Tameside 018D,E01006019,603,162,53,109,441,396,45
2021,Tameside 018E,E01006020,733,173,39,134,560,492,68
2021,Tameside 016D,E01006021,661,164,46,118,497,436,61
2021,Tameside 015A,E01006022,1046,223,69,154,823,739,84
2021,Tameside 015B,E01006023,673,210,57,153,463,419,44
2021,Tameside 022A,E01006024,953,263,92,171,690,606,84
2021,Tameside 027A,E01006025,825,238,53,185,587,530,57
2021,Tameside 022B,E01006026,770,183,52,131,587,517,70
2021,Tameside 027B,E01006027,1066,273,87,186,793,706,87
2021,Tameside 028A,E01006028,661,224,66,158,437,405,32
2021,Tameside 028B,E01006029,794,321,88,233,473,428,45
2021,Tameside 028C,E01006030,856,245,68,177,611,556,55
2021,Tameside 020A,E01006031,1065,281,78,203,784,722,62
2021,Tameside 020B,E01006032,648,189,50,139,459,414,45
2021,Tameside 020C,E01006033,880,221,59,162,659,585,74
2021,Tameside 020D,E01006034,989,245,71,174,744,642,102
2021,Tameside 020E,E01006035,1074,246,67,179,828,727,101
2021,Tameside 020F,E01006036,1023,293,82,211,730,640,90
2021,Tameside 022C,E01006037,831,232,59,173,599,516,83
2021,Tameside 022D,E01006038,714,175,46,129,539,498,41
2021,Tameside 028D,E01006039,527,228,58,170,299,277,22
2021,Tameside 028E,E01006040,688,273,69,204,415,373,42
2021,Tameside 028F,E01006041,736,234,59,175,502,460,42
2021,Tameside 030A,E01006042,921,253,75,178,668,576,92
2021,Tameside 030B,E01006043,675,180,62,118,495,446,49
2021,Tameside 030C,E01006044,658,181,56,125,477,408,69
2021,Tameside 030D,E01006045,586,167,48,119,419,358,61
2021,Tameside 030E,E01006046,742,201,60,141,541,473,68
2021,Tameside 023A,E01006047,652,160,51,109,492,427,65
2021,Tameside 023B,E01006048,716,200,60,140,516,440,76
2021,Tameside 023C,E01006049,779,221,66,155,558,482,76
2021,Tameside 027C,E01006050,730,241,77,164,489,430,59
2021,Tameside 023D,E01006051,776,197,58,139,579,505,74
2021,Tameside 027D,E01006052,617,193,75,118,424,375,49
2021,Tameside 001A,E01006053,1023,267,88,179,756,652,104
2021,Tameside 001B,E01006054,764,198,65,133,566,507,59
2021,Tameside 001C,E01006055,808,220,71,149,588,510,78
2021,Tameside 003A,E01006056,493,163,52,111,330,294,36
2021,Tameside 001D,E01006057,828,191,54,137,637,555,82
2021,Tameside 001E,E01006058,1062,237,71,166,825,732,93
2021,Tameside 001F,E01006059,751,191,61,130,560,503,57
2021,Tameside 008A,E01006060,704,195,52,143,509,463,46
2021,Tameside 003B,E01006061,1102,300,80,220,802,698,104
2021,Tameside 003C,E01006062,1018,247,75,172,771,676,95
2021,Tameside 003D,E01006063,724,168,51,117,556,496,60
2021,Tameside 008B,E01006064,642,181,31,150,461,405,56
2021,Tameside 008C,E01006065,524,161,47,114,363,328,35
2021,Tameside 008D,E01006066,643,165,55,110,478,444,34
2021,Tameside 009A,E01006067,992,282,80,202,710,626,84
2021,Tameside 009B,E01006068,765,209,73,136,556,501,55
2021,Tameside 009C,E01006069,773,204,52,152,569,514,55
2021,Tameside 015C,E01006070,729,189,63,126,540,482,58
2021,Tameside 015D,E01006071,757,227,80,147,530,437,93
2021,Tameside 015E,E01006072,730,212,68,144,518,425,93
2021,Tameside 009D,E01006073,975,246,80,166,729,633,96
2021,Trafford 025A,E01006074,714,237,78,159,477,403,74
2021,Trafford 025B,E01006075,1140,247,97,150,893,724,169
2021,Trafford 025C,E01006076,718,214,85,129,504,364,140
2021,Trafford 027A,E01006077,820,214,74,140,606,485,121
2021,Trafford 024A,E01006078,1197,265,89,176,932,829,103
2021,Trafford 025D,E01006079,1377,307,100,207,1070,905,165
2021,Trafford 024B,E01006080,992,250,96,154,742,624,118
2021,Trafford 027B,E01006081,602,196,85,111,406,287,119
2021,Trafford 027C,E01006082,680,222,111,111,458,335,123
2021,Trafford 026A,E01006083,618,190,84,106,428,321,107
2021,Trafford 026B,E01006084,793,217,109,108,576,399,177
2021,Trafford 027D,E01006085,706,200,81,119,506,368,138
2021,Trafford 027E,E01006086,708,237,106,131,471,380,91
2021,Trafford 025E,E01006087,682,233,97,136,449,325,124
2021,Trafford 026C,E01006088,861,231,96,135,630,487,143
2021,Trafford 024C,E01006089,1080,289,84,205,791,698,93
2021,Trafford 020A,E01006090,1186,263,84,179,923,800,123
2021,Trafford 019A,E01006091,1554,384,115,269,1170,1018,152
2021,Trafford 019B,E01006092,572,181,50,131,391,351,40
2021,Trafford 023A,E01006093,778,205,50,155,573,503,70
2021,Trafford 020B,E01006094,730,222,76,146,508,419,89
2021,Trafford 019C,E01006095,814,191,70,121,623,556,67
2021,Trafford 020C,E01006096,812,226,68,158,586,504,82
2021,Trafford 015A,E01006097,822,199,80,119,623,529,94
2021,Trafford 014A,E01006098,588,162,61,101,426,366,60
2021,Trafford 014B,E01006099,670,173,53,120,497,429,68
2021,Trafford 020D,E01006100,716,164,53,111,552,488,64
2021,Trafford 021A,E01006101,707,208,56,152,499,429,70
2021,Trafford 018A,E01006102,658,168,47,121,490,425,65
2021,Trafford 020E,E01006103,823,217,74,143,606,529,77
2021,Trafford 017A,E01006104,799,245,86,159,554,493,61
2021,Trafford 017B,E01006105,641,227,75,152,414,373,41
2021,Trafford 017C,E01006106,600,195,66,129,405,356,49
2021,Trafford 017D,E01006107,678,209,61,148,469,403,66
2021,Trafford 017E,E01006108,597,224,67,157,373,343,30
2021,Trafford 001A,E01006109,428,175,47,128,253,232,21
2021,Trafford 001B,E01006110,847,327,102,225,520,464,56
2021,Trafford 001C,E01006111,639,293,86,207,346,312,34
2021,Trafford 001D,E01006112,719,301,107,194,418,378,40
2021,Trafford 004A,E01006113,717,247,95,152,470,410,60
2021,Trafford 004B,E01006114,678,231,89,142,447,398,49
2021,Trafford 004C,E01006115,713,220,79,141,493,441,52
2021,Trafford 002A,E01006116,663,183,45,138,480,425,55
2021,Trafford 002B,E01006117,834,208,54,154,626,555,71
2021,Trafford 002C,E01006118,707,162,52,110,545,491,54
2021,Trafford 002D,E01006119,801,223,66,157,578,520,58
2021,Trafford 010A,E01006120,674,184,54,130,490,428,62
2021,Trafford 002E,E01006121,694,190,58,132,504,456,48
2021,Trafford 005A,E01006122,887,231,71,160,656,583,73
2021,Trafford 005B,E01006123,809,224,85,139,585,483,102
2021,Trafford 005C,E01006124,679,169,56,113,510,426,84
2021,Trafford 007A,E01006125,733,201,71,130,532,464,68
2021,Trafford 007B,E01006126,822,259,82,177,563,500,63
2021,Trafford 007C,E01006127,759,190,47,143,569,492,77
2021,Trafford 005D,E01006128,932,241,63,178,691,603,88
2021,Trafford 010B,E01006129,611,184,58,126,427,365,62
2021,Trafford 007D,E01006130,915,238,71,167,677,594,83
2021,Trafford 005E,E01006131,756,206,69,137,550,475,75
2021,Trafford 007E,E01006132,772,225,80,145,547,468,79
2021,Trafford 010C,E01006133,662,195,67,128,467,399,68
2021,Trafford 028A,E01006134,685,222,107,115,463,328,135
2021,Trafford 028B,E01006135,675,234,96,138,441,328,113
2021,Trafford 028C,E01006136,739,233,92,141,506,373,133
2021,Trafford 028D,E01006137,660,225,112,113,435,321,114
2021,Trafford 028E,E01006138,735,228,69,159,507,413,94
2021,Trafford 026D,E01006139,932,252,84,168,680,559,121
2021,Trafford 026E,E01006140,832,236,87,149,596,470,126
2021,Trafford 003A,E01006141,824,252,78,174,572,517,55
2021,Trafford 011A,E01006142,744,228,80,148,516,465,51
2021,Trafford 011B,E01006143,831,234,72,162,597,543,54
2021,Trafford 011C,E01006144,608,171,66,105,437,387,50
2021,Trafford 004D,E01006145,883,301,100,201,582,527,55
2021,Trafford 004E,E01006146,833,277,100,177,556,496,60
2021,Trafford 012A,E01006147,712,195,65,130,517,436,81
2021,Trafford 016A,E01006148,770,225,101,124,545,455,90
2021,Trafford 012B,E01006149,748,197,65,132,551,480,71
2021,Trafford 012C,E01006150,920,239,92,147,681,583,98
2021,Trafford 016B,E01006151,748,226,74,152,522,433,89
2021,Trafford 016C,E01006152,707,217,78,139,490,410,80
2021,Trafford 016D,E01006153,684,228,104,124,456,393,63
2021,Trafford 012D,E01006154,895,224,72,152,671,571,100
2021,Trafford 006A,E01006155,961,241,74,167,720,643,77
2021,Trafford 008A,E01006156,760,211,43,168,549,488,61
2021,Trafford 006B,E01006157,877,244,78,166,633,576,57
2021,Trafford 008B,E01006158,809,249,99,150,560,499,61
2021,Trafford 006C,E01006159,815,256,80,176,559,493,66
2021,Trafford 015B,E01006160,1025,257,100,157,768,681,87
2021,Trafford 015C,E01006161,1143,273,104,169,870,734,136
2021,Trafford 015D,E01006162,829,219,74,145,610,508,102
2021,Trafford 015E,E01006163,1094,220,56,164,874,747,127
2021,Trafford 014C,E01006164,826,227,71,156,599,531,68
2021,Trafford 012E,E01006165,1104,244,72,172,860,761,99
2021,Trafford 013A,E01006166,760,216,69,147,544,481,63
2021,Trafford 019D,E01006167,682,261,70,191,421,386,35
2021,Trafford 019E,E01006168,723,259,74,185,464,416,48
2021,Trafford 013B,E01006169,760,212,59,153,548,483,65
2021,Trafford 013C,E01006170,771,206,67,139,565,487,78
2021,Trafford 013D,E01006171,826,243,81,162,583,526,57
2021,Trafford 016E,E01006172,657,223,93,130,434,384,50
2021,Trafford 018B,E01006173,801,235,69,166,566,499,67
2021,Trafford 014D,E01006174,927,192,60,132,735,629,106
2021,Trafford 018C,E01006175,692,196,53,143,496,455,41
2021,Trafford 018D,E01006176,847,226,75,151,621,541,80
2021,Trafford 018E,E01006177,716,241,84,157,475,433,42
2021,Trafford 014E,E01006178,924,236,71,165,688,578,110
2021,Trafford 008C,E01006179,859,236,71,165,623,541,82
2021,Trafford 011D,E01006180,1038,282,87,195,756,671,85
2021,Trafford 011E,E01006181,818,244,81,163,574,516,58
2021,Trafford 006D,E01006182,794,222,66,156,572,520,52
2021,Trafford 006E,E01006183,837,230,86,144,607,532,75
2021,Trafford 008D,E01006184,763,201,68,133,562,507,55
2021,Trafford 003B,E01006186,1092,316,100,216,776,690,86
2021,Trafford 003C,E01006187,1395,366,103,263,1029,921,108
2021,Trafford 001F,E01006188,1040,326,117,209,714,643,71
2021,Trafford 003D,E01006189,1148,318,93,225,830,738,92
2021,Trafford 021B,E01006190,796,229,84,145,567,490,77
2021,Trafford 023B,E01006191,812,230,77,153,582,501,81
2021,Trafford 023C,E01006192,699,206,75,131,493,412,81
2021,Trafford 024D,E01006193,734,186,71,115,548,466,82
2021,Trafford 024E,E01006194,1269,351,124,227,918,759,159
2021,Trafford 021C,E01006195,899,246,62,184,653,571,82
2021,Trafford 021D,E01006196,904,232,67,165,672,592,80
2021,Trafford 010D,E01006197,762,188,41,147,574,519,55
2021,Trafford 009A,E01006198,743,177,53,124,566,497,69
2021,Trafford 009B,E01006199,762,176,42,134,586,531,55
2021,Trafford 009C,E01006200,638,169,58,111,469,417,52
2021,Trafford 009D,E01006201,793,179,50,129,614,542,72
2021,Trafford 009E,E01006202,691,179,53,126,512,447,65
2021,Trafford 010E,E01006203,701,191,69,122,510,449,61
2021,Trafford 022A,E01006204,684,207,77,130,477,403,74
2021,Trafford 023D,E01006205,614,182,64,118,432,359,73
2021,Trafford 022B,E01006206,796,260,87,173,536,470,66
2021,Trafford 022C,E01006207,687,234,80,154,453,401,52
2021,Trafford 022D,E01006208,668,227,72,155,441,377,64
2021,Trafford 023E,E01006209,735,216,83,133,519,434,85
2021,Trafford 021E,E01006210,790,220,73,147,570,467,103
2021,Trafford 022E,E01006211,762,244,79,165,518,458,60
2021,Wigan 026A,E01006212,616,174,51,123,442,393,49
2021,Wigan 024A,E01006213,627,193,59,134,434,377,57
2021,Wigan 026B,E01006214,627,193,64,129,434,383,51
2021,Wigan 024B,E01006215,664,189,53,136,475,421,54
2021,Wigan 026C,E01006216,1101,298,76,222,803,690,113
2021,Wigan 024C,E01006217,1139,317,103,214,822,734,88
2021,Wigan 024D,E01006218,1178,316,94,222,862,744,118
2021,Wigan 024E,E01006219,525,152,36,116,373,326,47
2021,Wigan 035A,E01006220,756,217,63,154,539,468,71
2021,Wigan 035B,E01006221,744,197,65,132,547,472,75
2021,Wigan 035C,E01006222,781,204,70,134,577,499,78
2021,Wigan 036A,E01006223,790,195,57,138,595,517,78
2021,Wigan 035D,E01006224,825,209,59,150,616,551,65
2021,Wigan 036B,E01006225,697,188,67,121,509,432,77
2021,Wigan 035E,E01006226,798,207,56,151,591,502,89
2021,Wigan 038A,E01006227,788,193,66,127,595,507,88
2021,Wigan 038B,E01006228,799,230,68,162,569,492,77
2021,Wigan 002A,E01006229,603,178,67,111,425,362,63
2021,Wigan 002B,E01006230,1091,245,93,152,846,717,129
2021,Wigan 004A,E01006231,704,182,51,131,522,438,84
2021,Wigan 004B,E01006232,1062,276,94,182,786,652,134
2021,Wigan 002C,E01006233,678,191,69,122,487,391,96
2021,Wigan 004C,E01006234,471,150,52,98,321,292,29
2021,Wigan 004D,E01006235,644,219,64,155,425,372,53
2021,Wigan 007A,E01006236,745,208,84,124,537,459,78
2021,Wigan 002D,E01006237,1040,227,66,161,813,694,119
2021,Wigan 002E,E01006238,657,172,62,110,485,433,52
2021,Wigan 017A,E01006239,788,232,66,166,556,498,58
2021,Wigan 017B,E01006240,558,208,43,165,350,320,30
2021,Wigan 017C,E01006241,1179,290,82,208,889,790,99
2021,Wigan 023A,E01006242,953,253,86,167,700,617,83
2021,Wigan 023B,E01006243,1142,295,83,212,847,742,105
2021,Wigan 023C,E01006244,729,223,69,154,506,464,42
2021,Wigan 023D,E01006245,1441,351,109,242,1090,967,123
2021,Wigan 034A,E01006246,661,191,63,128,470,411,59
2021,Wigan 034B,E01006247,627,167,52,115,460,400,60
2021,Wigan 031A,E01006248,1036,248,42,206,788,690,98
2021,Wigan 031B,E01006249,674,219,72,147,455,402,53
2021,Wigan 029A,E01006250,1146,262,91,171,884,773,111
2021,Wigan 029B,E01006251,815,216,62,154,599,498,101
2021,Wigan 034C,E01006252,668,188,47,141,480,422,58
2021,Wigan 005A,E01006253,615,191,58,133,424,384,40
2021,Wigan 005B,E01006254,615,196,55,141,419,365,54
2021,Wigan 005C,E01006255,760,213,52,161,547,485,62
2021,Wigan 005D,E01006256,904,234,53,181,670,608,62
2021,Wigan 008A,E01006257,673,182,53,129,491,432,59
2021,Wigan 008B,E01006258,781,216,61,155,565,513,52
2021,Wigan 003A,E01006259,655,182,58,124,473,415,58
2021,Wigan 005E,E01006260,636,171,55,116,465,422,43
2021,Wigan 036C,E01006261,650,157,42,115,493,438,55
2021,Wigan 032A,E01006262,827,224,63,161,603,527,76
2021,Wigan 032B,E01006263,638,173,56,117,465,412,53
2021,Wigan 036D,E01006264,544,148,46,102,396,350,46
2021,Wigan 036E,E01006265,641,194,56,138,447,398,49
2021,Wigan 032C,E01006266,629,164,44,120,465,411,54
2021,Wigan 032D,E01006267,629,200,59,141,429,375,54
2021,Wigan 032E,E01006268,791,218,62,156,573,497,76
2021,Wigan 013A,E01006269,766,209,60,149,557,487,70
2021,Wigan 016A,E01006270,509,146,54,92,363,323,40
2021,Wigan 013B,E01006271,867,229,73,156,638,570,68
2021,Wigan 013C,E01006272,829,209,61,148,620,551,69
2021,Wigan 013D,E01006273,631,169,50,119,462,410,52
2021,Wigan 016B,E01006274,625,190,37,153,435,384,51
2021,Wigan 016C,E01006275,587,186,52,134,401,367,34
2021,Wigan 013E,E01006276,1159,305,81,224,854,755,99
2021,Wigan 016D,E01006277,1034,266,87,179,768,673,95
2021,Wigan 019A,E01006278,670,184,46,138,486,420,66
2021,Wigan 019B,E01006279,812,190,57,133,622,542,80
2021,Wigan 019C,E01006280,601,175,54,121,426,364,62
2021,Wigan 019D,E01006281,996,237,68,169,759,650,109
2021,Wigan 027A,E01006282,815,197,48,149,618,524,94
2021,Wigan 027B,E01006283,672,181,54,127,491,422,69
2021,Wigan 027C,E01006284,651,190,55,135,461,417,44
2021,Wigan 019E,E01006285,980,267,74,193,713,641,72
2021,Wigan 016E,E01006286,646,197,58,139,449,395,54
2021,Wigan 017D,E01006287,582,163,52,111,419,372,47
2021,Wigan 025A,E01006288,692,228,68,160,464,423,41
2021,Wigan 017E,E01006289,675,219,69,150,456,395,61
2021,Wigan 022A,E01006290,672,175,58,117,497,437,60
2021,Wigan 022B,E01006291,716,194,48,146,522,463,59
2021,Wigan 022C,E01006292,691,207,62,145,484,424,60
2021,Wigan 022D,E01006293,735,206,61,145,529,465,64
2021,Wigan 025B,E01006294,1037,256,72,184,781,682,99
2021,Wigan 025C,E01006295,772,192,53,139,580,525,55
2021,Wigan 037A,E01006296,625,170,46,124,455,404,51
2021,Wigan 034D,E01006297,675,193,57,136,482,422,60
2021,Wigan 037B,E01006298,586,185,55,130,401,341,60
2021,Wigan 037C,E01006299,1037,261,89,172,776,668,108
2021,Wigan 037D,E01006300,601,169,56,113,432,355,77
2021,Wigan 037E,E01006301,720,196,72,124,524,448,76
2021,Wigan 040A,E01006302,1019,270,93,177,749,653,96
2021,Wigan 040B,E01006303,821,215,68,147,606,536,70
2021,Wigan 040C,E01006304,700,194,73,121,506,430,76
2021,Wigan 012A,E01006305,684,190,43,147,494,424,70
2021,Wigan 009A,E01006306,596,157,48,109,439,399,40
2021,Wigan 009B,E01006307,639,160,51,109,479,428,51
2021,Wigan 012B,E01006308,756,199,59,140,557,504,53
2021,Wigan 012C,E01006309,730,234,66,168,496,451,45
2021,Wigan 012D,E01006310,699,216,61,155,483,433,50
2021,Wigan 012E,E01006311,640,200,52,148,440,384,56
2021,Wigan 003B,E01006312,637,190,74,116,447,375,72
2021,Wigan 003C,E01006313,685,179,46,133,506,429,77
2021,Wigan 003D,E01006314,815,231,73,158,584,493,91
2021,Wigan 001A,E01006315,819,204,54,150,615,522,93
2021,Wigan 001B,E01006316,1066,256,86,170,810,694,116
2021,Wigan 001C,E01006317,756,226,72,154,530,461,69
2021,Wigan 003E,E01006318,573,164,62,102,409,335,74
2021,Wigan 001D,E01006319,883,187,48,139,696,611,85
2021,Wigan 003F,E01006320,604,168,47,121,436,381,55
2021,Wigan 003G,E01006321,830,234,81,153,596,526,70
2021,Wigan 026D,E01006322,1017,245,71,174,772,675,97
2021,Wigan 033A,E01006323,680,189,36,153,491,447,44
2021,Wigan 033B,E01006324,596,185,43,142,411,370,41
2021,Wigan 033C,E01006325,712,211,49,162,501,431,70
2021,Wigan 033D,E01006326,685,196,47,149,489,439,50
2021,Wigan 033E,E01006327,1187,286,83,203,901,787,114
2021,Wigan 030A,E01006328,694,226,48,178,468,429,39
2021,Wigan 026E,E01006329,553,156,37,119,397,349,48
2021,Wigan 031C,E01006330,756,204,67,137,552,477,75
2021,Wigan 031D,E01006331,787,206,65,141,581,511,70
2021,Wigan 031E,E01006332,1048,237,57,180,811,722,89
2021,Wigan 030B,E01006333,973,259,49,210,714,628,86
2021,Wigan 030C,E01006334,964,283,91,192,681,609,72
2021,Wigan 034E,E01006335,790,219,60,159,571,513,58
2021,Wigan 027D,E01006336,507,168,37,131,339,307,32
2021,Wigan 027E,E01006337,726,188,62,126,538,477,61
2021,Wigan 030D,E01006338,788,215,60,155,573,523,50
2021,Wigan 039A,E01006339,533,167,43,124,366,314,52
2021,Wigan 039B,E01006340,1002,240,61,179,762,667,95
2021,Wigan 040D,E01006341,705,205,70,135,500,426,74
2021,Wigan 038C,E01006342,701,183,41,142,518,470,48
2021,Wigan 039C,E01006343,916,241,93,148,675,597,78
2021,Wigan 038D,E01006344,579,187,56,131,392,338,54
2021,Wigan 039D,E01006345,776,205,58,147,571,497,74
2021,Wigan 038E,E01006346,1054,251,68,183,803,703,100
2021,Wigan 040E,E01006347,690,183,56,127,507,428,79
2021,Wigan 039E,E01006348,1404,325,104,221,1079,915,164
2021,Wigan 015A,E01006349,1176,289,96,193,887,786,101
2021,Wigan 010A,E01006350,640,207,60,147,433,381,52
2021,Wigan 010B,E01006351,759,243,63,180,516,469,47
2021,Wigan 015B,E01006352,990,271,76,195,719,648,71
2021,Wigan 014A,E01006353,725,201,63,138,524,463,61
2021,Wigan 014B,E01006354,629,172,60,112,457,409,48
2021,Wigan 014C,E01006355,720,174,52,122,546,488,58
2021,Wigan 011A,E01006356,634,202,58,144,432,391,41
2021,Wigan 010C,E01006357,576,198,51,147,378,337,41
2021,Wigan 014D,E01006358,1011,294,71,223,717,639,78
2021,Wigan 014E,E01006359,622,175,62,113,447,403,44
2021,Wigan 010D,E01006360,609,184,49,135,425,377,48
2021,Wigan 010E,E01006361,612,196,57,139,416,365,51
2021,Wigan 018A,E01006362,756,183,49,134,573,505,68
2021,Wigan 018B,E01006363,687,176,48,128,511,450,61
2021,Wigan 018C,E01006364,881,262,77,185,619,539,80
2021,Wigan 018D,E01006365,1184,286,88,198,898,765,133
2021,Wigan 018E,E01006366,871,227,68,159,644,556,88
2021,Wigan 018F,E01006367,837,206,62,144,631,530,101
2021,Wigan 018G,E01006368,931,223,64,159,708,606,102
2021,Wigan 008C,E01006369,1022,267,71,196,755,662,93
2021,Wigan 006A,E01006370,1015,250,73,177,765,689,76
2021,Wigan 008D,E01006371,776,203,63,140,573,518,55
2021,Wigan 006B,E01006372,731,176,56,120,555,465,90
2021,Wigan 006C,E01006373,707,202,66,136,505,456,49
2021,Wigan 006D,E01006374,721,179,46,133,542,476,66
2021,Wigan 008E,E01006375,898,222,75,147,676,592,84
2021,Wigan 028A,E01006376,752,210,57,153,542,488,54
2021,Wigan 025D,E01006377,791,208,59,149,583,522,61
2021,Wigan 025E,E01006378,631,180,60,120,451,397,54
2021,Wigan 029C,E01006379,766,176,51,125,590,531,59
2021,Wigan 029D,E01006380,1488,315,83,232,1173,1034,139
2021,Wigan 028B,E01006381,1095,300,94,206,795,706,89
2021,Wigan 028C,E01006382,596,160,37,123,436,382,54
2021,Wigan 028D,E01006383,805,211,63,148,594,507,87
2021,Wigan 028E,E01006384,682,184,44,140,498,431,67
2021,Wigan 029E,E01006385,678,166,53,113,512,459,53
2021,Wigan 009C,E01006386,493,152,36,116,341,306,35
2021,Wigan 009D,E01006387,590,176,50,126,414,381,33
2021,Wigan 007B,E01006388,896,207,53,154,689,598,91
2021,Wigan 007C,E01006389,696,197,43,154,499,460,39
2021,Wigan 006E,E01006390,722,232,64,168,490,442,48
2021,Wigan 007D,E01006391,698,205,52,153,493,432,61
2021,Wigan 009E,E01006392,589,187,56,131,402,365,37
2021,Wigan 021A,E01006393,699,183,50,133,516,458,58
2021,Wigan 021B,E01006394,704,203,69,134,501,427,74
2021,Wigan 021C,E01006395,1527,384,120,264,1143,984,159
2021,Wigan 011B,E01006396,733,199,83,116,534,465,69
2021,Wigan 011C,E01006397,455,147,45,102,308,279,29
2021,Wigan 011D,E01006398,455,118,33,85,337,302,35
2021,Wigan 011E,E01006399,776,204,57,147,572,510,62
2021,Wigan 021D,E01006400,1078,245,59,186,833,737,96
2021,Wigan 021E,E01006401,721,198,51,147,523,467,56
2021,Wigan 021F,E01006402,570,161,47,114,409,366,43
2021,Wigan 021G,E01006403,794,224,70,154,570,502,68
2021,Wigan 015C,E01006404,811,197,56,141,614,541,73
2021,Wigan 015D,E01006405,784,223,64,159,561,504,57
2021,Wigan 020A,E01006406,603,172,63,109,431,381,50
2021,Wigan 020B,E01006407,762,217,67,150,545,477,68
2021,Wigan 020C,E01006408,784,233,61,172,551,477,74
2021,Wigan 020D,E01006409,615,177,56,121,438,383,55
2021,Wigan 020E,E01006410,626,186,76,110,440,388,52
2021,Wigan 015E,E01006411,459,141,41,100,318,276,42
2021,Knowsley 006A,E01006412,568,205,45,160,363,334,29
2021,Knowsley 006B,E01006413,521,148,29,119,373,324,49
2021,Knowsley 006C,E01006414,479,168,46,122,311,281,30
2021,Knowsley 003A,E01006415,955,274,75,199,681,602,79
2021,Knowsley 005A,E01006416,587,185,48,137,402,366,36
2021,Knowsley 003B,E01006417,532,169,38,131,363,316,47
2021,Knowsley 005B,E01006418,548,167,40,127,381,349,32
2021,Knowsley 019A,E01006419,755,215,56,159,540,492,48
2021,Knowsley 017A,E01006420,1342,330,112,218,1012,858,154
2021,Knowsley 018A,E01006421,623,184,47,137,439,391,48
2021,Knowsley 019B,E01006422,591,154,42,112,437,387,50
2021,Knowsley 019C,E01006423,687,185,64,121,502,450,52
2021,Knowsley 017B,E01006424,1058,301,101,200,757,673,84
2021,Knowsley 018B,E01006425,613,169,58,111,444,389,55
2021,Knowsley 020A,E01006426,514,168,45,123,346,316,30
2021,Knowsley 019D,E01006427,663,195,48,147,468,430,38
2021,Knowsley 020B,E01006428,681,225,72,153,456,412,44
2021,Knowsley 020C,E01006429,428,146,40,106,282,261,21
2021,Knowsley 018C,E01006430,596,173,40,133,423,384,39
2021,Knowsley 020D,E01006431,936,257,73,184,679,618,61
2021,Knowsley 020E,E01006432,639,215,60,155,424,384,40
2021,Knowsley 018D,E01006433,735,213,61,152,522,478,44
2021,Knowsley 005C,E01006434,662,197,50,147,465,423,42
2021,Knowsley 005D,E01006435,581,195,63,132,386,359,27
2021,Knowsley 003C,E01006436,538,176,51,125,362,333,29
2021,Knowsley 003D,E01006437,490,170,55,115,320,281,39
2021,Knowsley 005E,E01006438,548,163,57,106,385,333,52
2021,Knowsley 005F,E01006439,765,207,60,147,558,489,69
2021,Knowsley 010A,E01006440,565,181,47,134,384,346,38
2021,Knowsley 010B,E01006442,567,188,48,140,379,339,40
2021,Knowsley 010C,E01006443,501,154,32,122,347,299,48
2021,Knowsley 010D,E01006444,467,187,66,121,280,248,32
2021,Knowsley 010E,E01006445,502,177,58,119,325,298,27
2021,Knowsley 005G,E01006446,559,162,45,117,397,352,45
2021,Knowsley 003E,E01006447,577,156,38,118,421,377,44
2021,Knowsley 001A,E01006448,696,236,56,180,460,406,54
2021,Knowsley 012A,E01006449,702,203,40,163,499,450,49
2021,Knowsley 012B,E01006450,827,185,43,142,642,579,63
2021,Knowsley 012C,E01006451,604,214,63,151,390,357,33
2021,Knowsley 012D,E01006452,668,227,53,174,441,398,43
2021,Knowsley 008A,E01006453,429,150,34,116,279,258,21
2021,Knowsley 002A,E01006454,779,190,51,139,589,519,70
2021,Knowsley 004A,E01006455,649,221,52,169,428,392,36
2021,Knowsley 002B,E01006456,720,185,41,144,535,473,62
2021,Knowsley 002C,E01006457,568,151,50,101,417,380,37
2021,Knowsley 002D,E01006458,667,221,55,166,446,394,52
2021,Knowsley 009A,E01006459,822,221,63,158,601,548,53
2021,Knowsley 007A,E01006460,515,187,49,138,328,289,39
2021,Knowsley 007B,E01006461,554,200,48,152,354,320,34
2021,Knowsley 009B,E01006462,885,241,57,184,644,585,59
2021,Knowsley 007D,E01006464,1419,310,72,238,1109,996,113
2021,Knowsley 011A,E01006465,835,217,59,158,618,539,79
2021,Knowsley 007E,E01006466,741,215,60,155,526,474,52
2021,Knowsley 008B,E01006467,431,167,48,119,264,245,19
2021,Knowsley 008E,E01006470,562,182,58,124,380,341,39
2021,Knowsley 016A,E01006471,737,196,55,141,541,492,49
2021,Knowsley 014A,E01006472,743,216,58,158,527,460,67
2021,Knowsley 016B,E01006473,872,217,64,153,655,558,97
2021,Knowsley 016C,E01006474,988,211,67,144,777,692,85
2021,Knowsley 016D,E01006475,608,167,53,114,441,374,67
2021,Knowsley 016E,E01006476,719,180,48,132,539,470,69
2021,Knowsley 015A,E01006477,652,191,34,157,461,430,31
2021,Knowsley 015B,E01006478,784,250,72,178,534,482,52
2021,Knowsley 015C,E01006479,656,175,50,125,481,437,44
2021,Knowsley 015D,E01006480,505,174,53,121,331,303,28
2021,Knowsley 015E,E01006481,544,164,39,125,380,338,42
2021,Knowsley 011B,E01006482,643,218,60,158,425,382,43
2021,Knowsley 011C,E01006483,649,212,45,167,437,396,41
2021,Knowsley 011D,E01006484,581,167,38,129,414,388,26
2021,Knowsley 014B,E01006485,955,247,77,170,708,646,62
2021,Knowsley 014C,E01006486,577,152,38,114,425,383,42
2021,Knowsley 014D,E01006487,707,199,40,159,508,450,58
2021,Knowsley 014E,E01006488,1289,291,85,206,998,878,120
2021,Knowsley 014F,E01006489,707,178,50,128,529,484,45
2021,Knowsley 002E,E01006490,1457,393,107,286,1064,967,97
2021,Knowsley 002F,E01006491,1119,257,66,191,862,766,96
2021,Knowsley 001B,E01006492,576,183,50,133,393,348,45
2021,Knowsley 001C,E01006493,776,205,52,153,571,523,48
2021,Knowsley 001D,E01006494,618,196,56,140,422,378,44
2021,Knowsley 001E,E01006495,1027,283,69,214,744,665,79
2021,Knowsley 009C,E01006496,622,173,36,137,449,415,34
2021,Knowsley 013A,E01006497,501,137,41,96,364,328,36
2021,Knowsley 009D,E01006498,883,222,64,158,661,601,60
2021,Knowsley 009E,E01006499,1007,216,52,164,791,691,100
2021,Knowsley 013B,E01006500,402,132,40,92,270,243,27
2021,Knowsley 013C,E01006501,675,159,41,118,516,469,47
2021,Knowsley 017C,E01006502,735,235,58,177,500,454,46
2021,Knowsley 017D,E01006503,543,165,57,108,378,328,50
2021,Knowsley 013D,E01006504,505,165,57,108,340,304,36
2021,Knowsley 013E,E01006505,642,214,50,164,428,391,37
2021,Knowsley 004B,E01006506,607,182,46,136,425,389,36
2021,Knowsley 004C,E01006507,649,211,57,154,438,398,40
2021,Knowsley 004D,E01006508,684,204,50,154,480,443,37
2021,Knowsley 004E,E01006509,725,240,71,169,485,444,41
2021,Knowsley 004F,E01006510,631,189,39,150,442,402,40
2021,Liverpool 031A,E01006512,553,248,144,104,305,272,33
2021,Liverpool 037A,E01006514,761,328,205,123,433,363,70
2021,Liverpool 044A,E01006518,595,203,57,146,392,363,29
2021,Liverpool 056A,E01006519,630,189,59,130,441,370,71
2021,Liverpool 043A,E01006520,976,203,75,128,773,673,100
2021,Liverpool 052A,E01006521,737,198,81,117,539,473,66
2021,Liverpool 048A,E01006522,1024,231,79,152,793,696,97
2021,Liverpool 052B,E01006523,791,204,75,129,587,511,76
2021,Liverpool 048B,E01006524,597,146,50,96,451,379,72
2021,Liverpool 049A,E01006525,558,161,57,104,397,352,45
2021,Liverpool 048C,E01006526,724,171,41,130,553,485,68
2021,Liverpool 053A,E01006527,652,185,59,126,467,393,74
2021,Liverpool 052C,E01006528,735,182,65,117,553,472,81
2021,Liverpool 048D,E01006529,688,175,50,125,513,441,72
2021,Liverpool 055A,E01006530,650,177,57,120,473,427,46
2021,Liverpool 055B,E01006531,601,166,42,124,435,390,45
2021,Liverpool 047A,E01006532,697,205,77,128,492,401,91
2021,Liverpool 055C,E01006533,582,170,61,109,412,355,57
2021,Liverpool 054A,E01006534,891,264,70,194,627,541,86
2021,Liverpool 054B,E01006535,737,204,70,134,533,484,49
2021,Liverpool 054C,E01006536,812,249,74,175,563,499,64
2021,Liverpool 055D,E01006537,1350,361,102,259,989,885,104
2021,Liverpool 055E,E01006538,604,185,59,126,419,375,44
2021,Liverpool 047B,E01006539,618,181,66,115,437,363,74
2021,Liverpool 024A,E01006540,605,219,57,162,386,345,41
2021,Liverpool 015A,E01006541,667,190,50,140,477,437,40
2021,Liverpool 018A,E01006542,613,182,68,114,431,390,41
2021,Liverpool 015B,E01006543,557,139,44,95,418,394,24
2021,Liverpool 015C,E01006544,586,205,62,143,381,357,24
2021,Liverpool 019A,E01006545,616,211,58,153,405,369,36
2021,Liverpool 019B,E01006546,577,191,71,120,386,344,42
2021,Liverpool 019C,E01006547,629,239,81,158,390,356,34
2021,Liverpool 019D,E01006548,655,201,52,149,454,400,54
2021,Liverpool 043B,E01006549,751,216,77,139,535,467,68
2021,Liverpool 038A,E01006550,600,299,191,108,301,274,27
2021,Liverpool 048E,E01006551,465,139,54,85,326,287,39
2021,Liverpool 039A,E01006552,631,240,85,155,391,343,48
2021,Liverpool 042A,E01006553,719,213,98,115,506,446,60
2021,Liverpool 048F,E01006554,661,237,120,117,424,376,48
2021,Liverpool 039B,E01006556,551,264,98,166,287,262,25
2021,Liverpool 038B,E01006557,650,311,179,132,339,311,28
2021,Liverpool 018B,E01006558,481,168,66,102,313,271,42
2021,Liverpool 023A,E01006560,622,233,62,171,389,346,43
2021,Liverpool 018E,E01006562,478,174,52,122,304,286,18
2021,Liverpool 024B,E01006563,483,183,63,120,300,275,25
2021,Liverpool 023B,E01006564,637,231,57,174,406,381,25
2021,Liverpool 029A,E01006565,669,235,48,187,434,401,33
2021,Liverpool 032A,E01006566,647,181,34,147,466,422,44
2021,Liverpool 026A,E01006567,599,181,51,130,418,384,34
2021,Liverpool 026B,E01006568,691,201,52,149,490,427,63
2021,Liverpool 029B,E01006569,586,182,48,134,404,372,32
2021,Liverpool 026C,E01006570,682,179,55,124,503,439,64
2021,Liverpool 026D,E01006571,578,202,52,150,376,353,23
2021,Liverpool 025A,E01006572,461,163,43,120,298,263,35
2021,Liverpool 029C,E01006573,599,214,56,158,385,343,42
2021,Liverpool 025B,E01006574,610,168,51,117,442,402,40
2021,Liverpool 034A,E01006575,592,168,57,111,424,367,57
2021,Liverpool 034B,E01006576,933,241,76,165,692,631,61
2021,Liverpool 034C,E01006577,732,192,50,142,540,470,70
2021,Liverpool 036A,E01006578,688,184,60,124,504,443,61
2021,Liverpool 034D,E01006579,778,213,64,149,565,510,55
2021,Liverpool 036B,E01006580,599,194,69,125,405,354,51
2021,Liverpool 036C,E01006581,757,212,66,146,545,471,74
2021,Liverpool 041A,E01006582,815,232,81,151,583,510,73
2021,Liverpool 047C,E01006583,622,247,99,148,375,313,62
2021,Liverpool 034E,E01006584,732,192,45,147,540,494,46
2021,Liverpool 032B,E01006585,551,165,45,120,386,358,28
2021,Liverpool 032C,E01006586,805,243,85,158,562,493,69
2021,Liverpool 032D,E01006587,744,215,61,154,529,477,52
2021,Liverpool 042C,E01006588,758,202,75,127,556,506,50
2021,Liverpool 041B,E01006589,746,208,60,148,538,470,68
2021,Liverpool 042D,E01006590,807,216,79,137,591,528,63
2021,Liverpool 041C,E01006591,796,227,81,146,569,483,86
2021,Liverpool 041D,E01006592,697,239,113,126,458,361,97
2021,Liverpool 042E,E01006593,811,183,78,105,628,564,64
2021,Liverpool 047D,E01006594,598,169,68,101,429,355,74
2021,Liverpool 049B,E01006595,893,259,79,180,634,560,74
2021,Liverpool 049C,E01006596,679,199,59,140,480,426,54
2021,Liverpool 041E,E01006597,738,206,81,125,532,448,84
2021,Liverpool 010A,E01006598,554,200,55,145,354,320,34
2021,Liverpool 010B,E01006599,778,263,71,192,515,469,46
2021,Liverpool 011A,E01006600,586,193,49,144,393,368,25
2021,Liverpool 011B,E01006603,625,190,47,143,435,396,39
2021,Liverpool 016A,E01006604,664,220,56,164,444,400,44
2021,Liverpool 016B,E01006605,636,226,64,162,410,381,29
2021,Liverpool 020A,E01006606,663,180,32,148,483,441,42
2021,Liverpool 008A,E01006607,612,200,45,155,412,384,28
2021,Liverpool 009A,E01006608,494,150,42,108,344,311,33
2021,Liverpool 009B,E01006609,553,171,59,112,382,358,24
2021,Liverpool 009C,E01006610,549,201,58,143,348,306,42
2021,Liverpool 012A,E01006611,485,126,30,96,359,323,36
2021,Liverpool 008B,E01006612,525,176,43,133,349,319,30
2021,Liverpool 009D,E01006613,524,171,51,120,353,329,24
2021,Liverpool 012B,E01006614,445,142,47,95,303,262,41
2021,Liverpool 012C,E01006615,587,199,52,147,388,356,32
2021,Liverpool 015D,E01006616,587,185,45,140,402,371,31
2021,Liverpool 021A,E01006617,744,217,70,147,527,448,79
2021,Liverpool 016C,E01006618,689,225,53,172,464,410,54
2021,Liverpool 021B,E01006619,890,245,65,180,645,558,87
2021,Liverpool 021C,E01006620,598,181,48,133,417,378,39
2021,Liverpool 021D,E01006621,753,217,82,135,536,448,88
2021,Liverpool 021E,E01006622,791,219,67,152,572,495,77
2021,Liverpool 013A,E01006623,609,189,55,134,420,369,51
2021,Liverpool 013B,E01006624,661,216,54,162,445,397,48
2021,Liverpool 016D,E01006625,643,190,51,139,453,400,53
2021,Liverpool 016E,E01006626,662,185,59,126,477,423,54
2021,Liverpool 013C,E01006627,643,181,44,137,462,415,47
2021,Liverpool 052D,E01006628,813,276,104,172,537,475,62
2021,Liverpool 052E,E01006629,639,157,48,109,482,427,55
2021,Liverpool 044B,E01006630,1019,318,95,223,701,632,69
2021,Liverpool 044C,E01006632,729,245,86,159,484,454,30
2021,Liverpool 050B,E01006633,472,158,40,118,314,285,29
2021,Liverpool 017A,E01006637,615,197,62,135,418,378,40
2021,Liverpool 017B,E01006638,432,170,41,129,262,240,22
2021,Liverpool 017C,E01006639,745,227,54,173,518,454,64
2021,Liverpool 021F,E01006640,875,248,74,174,627,546,81
2021,Liverpool 025C,E01006641,857,222,65,157,635,581,54
2021,Liverpool 025D,E01006642,542,212,47,165,330,300,30
2021,Liverpool 025E,E01006643,742,252,72,180,490,446,44
2021,Liverpool 017D,E01006644,879,250,67,183,629,552,77
2021,Liverpool 017E,E01006645,513,168,49,119,345,312,33
2021,Liverpool 023C,E01006646,781,274,111,163,507,456,51
2021,Liverpool 024C,E01006647,680,262,64,198,418,390,28
2021,Liverpool 023D,E01006648,959,336,119,217,623,560,63
2021,Liverpool 001A,E01006651,895,258,72,186,637,570,67
2021,Liverpool 002A,E01006652,722,210,60,150,512,471,41
2021,Liverpool 001B,E01006653,780,220,58,162,560,509,51
2021,Liverpool 005A,E01006654,673,192,51,141,481,443,38
2021,Liverpool 001C,E01006655,859,230,61,169,629,571,58
2021,Liverpool 002B,E01006656,701,212,61,151,489,443,46
2021,Liverpool 002C,E01006657,518,153,40,113,365,332,33
2021,Liverpool 001D,E01006658,529,197,62,135,332,304,28
2021,Liverpool 005B,E01006659,554,180,56,124,374,318,56
2021,Liverpool 001E,E01006660,586,183,61,122,403,368,35
2021,Liverpool 004A,E01006661,600,199,40,159,401,375,26
2021,Liverpool 004B,E01006662,645,201,57,144,444,412,32
2021,Liverpool 004C,E01006663,507,137,46,91,370,336,34
2021,Liverpool 004D,E01006664,715,222,51,171,493,440,53
2021,Liverpool 007A,E01006665,766,213,69,144,553,499,54
2021,Liverpool 007B,E01006666,729,213,55,158,516,476,40
2021,Liverpool 007C,E01006667,578,196,63,133,382,339,43
2021,Liverpool 007D,E01006668,808,215,62,153,593,528,65
2021,Liverpool 004E,E01006669,782,251,85,166,531,464,67
2021,Liverpool 007E,E01006670,721,193,47,146,528,467,61
2021,Liverpool 013D,E01006671,562,178,48,130,384,321,63
2021,Liverpool 010E,E01006672,721,270,67,203,451,419,32
2021,Liverpool 037D,E01006673,744,321,125,196,423,384,39
2021,Liverpool 039C,E01006674,677,291,95,196,386,336,50
2021,Liverpool 043C,E01006675,930,269,103,166,661,575,86
2021,Liverpool 044D,E01006676,578,252,81,171,326,292,34
2021,Liverpool 043D,E01006677,617,226,79,147,391,340,51
2021,Liverpool 044E,E01006678,701,228,81,147,473,430,43
2021,Liverpool 039D,E01006679,738,298,118,180,440,404,36
2021,Liverpool 053B,E01006680,700,191,56,135,509,447,62
2021,Liverpool 054D,E01006681,615,201,53,148,414,368,46
2021,Liverpool 053C,E01006682,585,165,51,114,420,358,62
2021,Liverpool 053D,E01006683,732,194,52,142,538,463,75
2021,Liverpool 056B,E01006684,1084,234,75,159,850,732,118
2021,Liverpool 056C,E01006685,622,188,72,116,434,379,55
2021,Liverpool 053E,E01006686,624,163,46,117,461,416,45
2021,Liverpool 056D,E01006687,1138,306,101,205,832,707,125
2021,Liverpool 056E,E01006688,782,198,63,135,584,503,81
2021,Liverpool 049D,E01006689,808,235,71,164,573,506,67
2021,Liverpool 028A,E01006690,712,299,127,172,413,384,29
2021,Liverpool 030A,E01006691,636,299,115,184,337,293,44
2021,Liverpool 028B,E01006692,1054,371,112,259,683,604,79
2021,Liverpool 024D,E01006693,544,226,79,147,318,295,23
2021,Liverpool 030B,E01006694,643,265,111,154,378,343,35
2021,Liverpool 028C,E01006695,680,195,58,137,485,443,42
2021,Liverpool 030C,E01006696,731,278,93,185,453,415,38
2021,Liverpool 030D,E01006697,704,290,109,181,414,373,41
2021,Liverpool 012D,E01006698,625,210,47,163,415,367,48
2021,Liverpool 014A,E01006699,608,219,71,148,389,350,39
2021,Liverpool 012E,E01006700,552,196,71,125,356,307,49
2021,Liverpool 014B,E01006701,665,206,54,152,459,416,43
2021,Liverpool 014C,E01006702,672,218,69,149,454,412,42
2021,Liverpool 014D,E01006703,597,226,63,163,371,325,46
2021,Liverpool 009E,E01006705,545,170,47,123,375,344,31
2021,Liverpool 045A,E01006706,461,179,53,126,282,263,19
2021,Liverpool 045B,E01006707,538,185,50,135,353,328,25
2021,Liverpool 045C,E01006708,757,244,74,170,513,465,48
2021,Liverpool 040A,E01006709,601,192,50,142,409,375,34
2021,Liverpool 045D,E01006710,575,185,56,129,390,356,34
2021,Liverpool 027A,E01006711,637,184,50,134,453,398,55
2021,Liverpool 029D,E01006712,554,185,45,140,369,343,26
2021,Liverpool 029E,E01006713,620,212,56,156,408,374,34
2021,Liverpool 032E,E01006716,591,175,53,122,416,384,32
2021,Liverpool 027D,E01006717,690,209,50,159,481,449,32
2021,Liverpool 027E,E01006718,696,228,76,152,468,422,46
2021,Liverpool 027F,E01006719,680,220,62,158,460,426,34
2021,Liverpool 038C,E01006721,586,225,75,150,361,314,47
2021,Liverpool 038D,E01006722,629,327,166,161,302,268,34
2021,Liverpool 038E,E01006723,624,308,163,145,316,293,23
2021,Liverpool 038F,E01006724,593,295,125,170,298,265,33
2021,Liverpool 035B,E01006725,687,220,70,150,467,427,40
2021,Liverpool 035C,E01006726,612,276,121,155,336,294,42
2021,Liverpool 035D,E01006727,652,168,61,107,484,427,57
2021,Liverpool 035E,E01006728,566,202,69,133,364,330,34
2021,Liverpool 008C,E01006729,511,161,43,118,350,311,39
2021,Liverpool 011C,E01006730,530,195,56,139,335,296,39
2021,Liverpool 011D,E01006731,462,151,36,115,311,283,28
2021,Liverpool 011E,E01006732,539,205,52,153,334,315,19
2021,Liverpool 005C,E01006734,554,229,63,166,325,295,30
2021,Liverpool 005D,E01006735,551,230,69,161,321,302,19
2021,Liverpool 005E,E01006736,612,197,45,152,415,385,30
2021,Liverpool 005F,E01006737,553,189,55,134,364,332,32
2021,Liverpool 058A,E01006738,533,188,50,138,345,312,33
2021,Liverpool 058B,E01006739,1123,306,85,221,817,761,56
2021,Liverpool 057A,E01006740,610,183,61,122,427,392,35
2021,Liverpool 058C,E01006741,895,255,73,182,640,575,65
2021,Liverpool 057B,E01006742,769,246,83,163,523,475,48
2021,Liverpool 058D,E01006743,992,275,83,192,717,639,78
2021,Liverpool 057C,E01006744,725,204,45,159,521,482,39
2021,Liverpool 057D,E01006745,813,263,78,185,550,507,43
2021,Liverpool 030E,E01006746,489,238,105,133,251,236,15
2021,Liverpool 031B,E01006747,733,372,203,169,361,329,32
2021,Liverpool 031C,E01006748,649,377,220,157,272,258,14
2021,Liverpool 031F,E01006751,644,334,164,170,310,286,24
2021,Liverpool 059A,E01006753,806,260,59,201,546,512,34
2021,Liverpool 059B,E01006754,641,225,83,142,416,375,41
2021,Liverpool 059C,E01006755,611,174,49,125,437,408,29
2021,Liverpool 059D,E01006756,678,243,82,161,435,401,34
2021,Liverpool 059E,E01006757,569,188,65,123,381,345,36
2021,Liverpool 059F,E01006758,551,172,59,113,379,353,26
2021,Liverpool 028D,E01006759,455,135,53,82,320,276,44
2021,Liverpool 028E,E01006760,635,168,61,107,467,423,44
2021,Liverpool 020B,E01006761,557,179,49,130,378,329,49
2021,Liverpool 015E,E01006762,686,228,65,163,458,413,45
2021,Liverpool 020C,E01006763,608,196,50,146,412,371,41
2021,Liverpool 020D,E01006764,599,190,65,125,409,376,33
2021,Liverpool 020E,E01006765,701,190,55,135,511,463,48
2021,Liverpool 019E,E01006766,512,159,49,110,353,322,31
2021,Liverpool 019F,E01006767,781,268,67,201,513,484,29
2021,Liverpool 020F,E01006768,616,203,78,125,413,363,50
2021,Liverpool 040B,E01006769,479,162,32,130,317,286,31
2021,Liverpool 040C,E01006770,481,169,57,112,312,282,30
2021,Liverpool 040D,E01006771,532,180,54,126,352,323,29
2021,Liverpool 040E,E01006772,514,160,49,111,354,320,34
2021,Liverpool 036D,E01006773,659,162,42,120,497,447,50
2021,Liverpool 036E,E01006774,710,194,49,145,516,458,58
2021,Liverpool 040F,E01006775,591,177,50,127,414,383,31
2021,Liverpool 022B,E01006776,789,236,71,165,553,518,35
2021,Liverpool 014E,E01006778,826,264,81,183,562,505,57
2021,Liverpool 022D,E01006779,681,247,80,167,434,385,49
2021,Liverpool 002D,E01006780,675,194,53,141,481,437,44
2021,Liverpool 003A,E01006781,686,193,54,139,493,446,47
2021,Liverpool 003B,E01006782,737,215,63,152,522,470,52
2021,Liverpool 002E,E01006783,626,176,38,138,450,415,35
2021,Liverpool 003C,E01006784,641,179,43,136,462,426,36
2021,Liverpool 003D,E01006785,800,211,60,151,589,525,64
2021,Liverpool 003E,E01006786,961,264,95,169,697,621,76
2021,Liverpool 006A,E01006787,588,181,47,134,407,357,50
2021,Liverpool 006B,E01006788,844,249,75,174,595,543,52
2021,Liverpool 006C,E01006790,683,247,63,184,436,394,42
2021,Liverpool 006D,E01006791,619,203,65,138,416,385,31
2021,Liverpool 046A,E01006792,610,182,59,123,428,335,93
2021,Liverpool 051A,E01006793,584,174,69,105,410,361,49
2021,Liverpool 046B,E01006794,725,190,67,123,535,448,87
2021,Liverpool 051B,E01006795,716,191,59,132,525,432,93
2021,Liverpool 047E,E01006796,715,192,77,115,523,413,110
2021,Liverpool 051C,E01006797,598,170,51,119,428,386,42
2021,Liverpool 051D,E01006798,602,163,59,104,439,362,77
2021,Liverpool 051E,E01006799,615,162,50,112,453,388,65
2021,Liverpool 046C,E01006800,602,174,55,119,428,379,49
2021,Liverpool 046D,E01006801,951,217,71,146,734,636,98
2021,St. Helens 002A,E01006802,717,194,48,146,523,439,84
2021,St. Helens 003A,E01006803,689,174,65,109,515,442,73
2021,St. Helens 002B,E01006804,644,177,43,134,467,409,58
2021,St. Helens 003B,E01006805,659,201,70,131,458,394,64
2021,St. Helens 002C,E01006806,618,176,58,118,442,374,68
2021,St. Helens 002D,E01006807,527,155,57,98,372,327,45
2021,St. Helens 003C,E01006808,573,153,52,101,420,369,51
2021,St. Helens 003D,E01006809,594,158,45,113,436,377,59
2021,St. Helens 008A,E01006810,514,129,34,95,385,332,53
2021,St. Helens 008B,E01006811,522,159,56,103,363,323,40
2021,St. Helens 008C,E01006812,577,176,37,139,401,360,41
2021,St. Helens 008D,E01006813,614,172,56,116,442,393,49
2021,St. Helens 008E,E01006814,711,197,58,139,514,458,56
2021,St. Helens 008F,E01006815,579,165,45,120,414,368,46
2021,St. Helens 017A,E01006816,635,192,52,140,443,397,46
2021,St. Helens 017B,E01006817,497,158,52,106,339,299,40
2021,St. Helens 008G,E01006818,537,137,27,110,400,371,29
2021,St. Helens 011A,E01006819,819,211,60,151,608,536,72
2021,St. Helens 011B,E01006820,567,189,43,146,378,342,36
2021,St. Helens 011C,E01006821,524,170,49,121,354,317,37
2021,St. Helens 009A,E01006822,694,182,67,115,512,444,68
2021,St. Helens 009B,E01006823,545,139,49,90,406,349,57
2021,St. Helens 009C,E01006824,568,158,49,109,410,362,48
2021,St. Helens 009D,E01006825,616,148,55,93,468,377,91
2021,St. Helens 018A,E01006826,405,116,31,85,289,249,40
2021,St. Helens 018B,E01006827,805,253,85,168,552,474,78
2021,St. Helens 018C,E01006828,1021,283,84,199,738,634,104
2021,St. Helens 018D,E01006829,858,185,57,128,673,588,85
2021,St. Helens 025A,E01006830,638,161,37,124,477,410,67
2021,St. Helens 016A,E01006831,664,197,53,144,467,417,50
2021,St. Helens 012A,E01006832,848,204,61,143,644,590,54
2021,St. Helens 016B,E01006833,1133,270,82,188,863,766,97
2021,St. Helens 012B,E01006834,583,166,54,112,417,366,51
2021,St. Helens 016C,E01006835,632,167,57,110,465,400,65
2021,St. Helens 005A,E01006836,572,163,44,119,409,364,45
2021,St. Helens 006A,E01006837,700,187,56,131,513,460,53
2021,St. Helens 006B,E01006838,627,164,44,120,463,406,57
2021,St. Helens 005B,E01006839,572,150,43,107,422,369,53
2021,St. Helens 005C,E01006840,643,169,43,126,474,416,58
2021,St. Helens 006C,E01006841,822,212,68,144,610,535,75
2021,St. Helens 005D,E01006842,714,202,55,147,512,457,55
2021,St. Helens 006D,E01006843,513,128,35,93,385,349,36
2021,St. Helens 020A,E01006844,702,180,60,120,522,463,59
2021,St. Helens 014A,E01006845,955,257,74,183,698,603,95
2021,St. Helens 020B,E01006846,647,164,37,127,483,429,54
2021,St. Helens 020C,E01006847,795,241,78,163,554,483,71
2021,St. Helens 020D,E01006848,616,188,53,135,428,386,42
2021,St. Helens 004A,E01006849,552,160,44,116,392,347,45
2021,St. Helens 004B,E01006850,651,207,50,157,444,407,37
2021,St. Helens 004C,E01006851,637,181,55,126,456,410,46
2021,St. Helens 004D,E01006852,590,154,41,113,436,387,49
2021,St. Helens 004E,E01006853,880,215,65,150,665,560,105
2021,St. Helens 004F,E01006854,653,181,52,129,472,416,56
2021,St. Helens 004G,E01006855,589,171,54,117,418,362,56
2021,St. Helens 015A,E01006856,869,209,62,147,660,589,71
2021,St. Helens 015B,E01006857,707,168,57,111,539,481,58
2021,St. Helens 015C,E01006858,706,206,56,150,500,444,56
2021,St. Helens 015D,E01006859,850,196,64,132,654,547,107
2021,St. Helens 015E,E01006860,712,187,43,144,525,466,59
2021,St. Helens 015F,E01006861,800,239,61,178,561,484,77
2021,St. Helens 015G,E01006862,1202,240,67,173,962,853,109
2021,St. Helens 013A,E01006863,691,173,49,124,518,457,61
2021,St. Helens 013B,E01006864,1056,243,72,171,813,738,75
2021,St. Helens 010A,E01006866,720,193,68,125,527,455,72
2021,St. Helens 010B,E01006867,1148,294,85,209,854,746,108
2021,St. Helens 010C,E01006868,655,198,53,145,457,385,72
2021,St. Helens 010D,E01006869,785,192,52,140,593,537,56
2021,St. Helens 014B,E01006870,677,201,60,141,476,423,53
2021,St. Helens 011D,E01006871,659,199,71,128,460,417,43
2021,St. Helens 014C,E01006872,711,185,64,121,526,458,68
2021,St. Helens 014D,E01006873,482,158,33,125,324,287,37
2021,St. Helens 014E,E01006874,434,152,43,109,282,240,42
2021,St. Helens 017C,E01006875,559,155,25,130,404,343,61
2021,St. Helens 016D,E01006876,659,188,63,125,471,423,48
2021,St. Helens 012C,E01006877,647,200,69,131,447,408,39
2021,St. Helens 016E,E01006878,611,176,46,130,435,381,54
2021,St. Helens 016F,E01006879,652,167,38,129,485,429,56
2021,St. Helens 012D,E01006880,492,139,42,97,353,308,45
2021,St. Helens 012E,E01006881,559,148,52,96,411,358,53
2021,St. Helens 001A,E01006882,479,130,46,84,349,303,46
2021,St. Helens 001B,E01006883,595,158,48,110,437,367,70
2021,St. Helens 001C,E01006884,622,161,55,106,461,391,70
2021,St. Helens 001D,E01006885,609,164,60,104,445,372,73
2021,St. Helens 001E,E01006886,531,144,51,93,387,334,53
2021,St. Helens 001F,E01006887,564,193,50,143,371,326,45
2021,St. Helens 023A,E01006888,517,141,49,92,376,334,42
2021,St. Helens 023B,E01006889,661,176,62,114,485,414,71
2021,St. Helens 021A,E01006890,656,173,56,117,483,430,53
2021,St. Helens 023C,E01006891,761,177,50,127,584,524,60
2021,St. Helens 021B,E01006892,631,196,58,138,435,391,44
2021,St. Helens 021C,E01006893,617,181,44,137,436,390,46
2021,St. Helens 021D,E01006894,526,156,44,112,370,323,47
2021,St. Helens 023D,E01006895,502,126,48,78,376,302,74
2021,St. Helens 020E,E01006896,617,185,41,144,432,385,47
2021,St. Helens 020F,E01006897,717,205,68,137,512,449,63
2021,St. Helens 022A,E01006898,751,255,81,174,496,434,62
2021,St. Helens 017D,E01006899,1007,247,72,175,760,679,81
2021,St. Helens 020G,E01006901,827,209,69,140,618,565,53
2021,St. Helens 024A,E01006903,571,190,60,130,381,340,41
2021,St. Helens 016G,E01006904,742,221,58,163,521,461,60
2021,St. Helens 024B,E01006905,502,152,43,109,350,298,52
2021,St. Helens 025B,E01006906,729,189,52,137,540,473,67
2021,St. Helens 024C,E01006907,679,181,51,130,498,441,57
2021,St. Helens 022C,E01006908,508,169,43,126,339,302,37
2021,St. Helens 022D,E01006909,424,162,40,122,262,241,21
2021,St. Helens 022E,E01006910,823,233,71,162,590,538,52
2021,St. Helens 022F,E01006911,648,174,65,109,474,426,48
2021,St. Helens 024E,E01006912,770,208,65,143,562,501,61
2021,St. Helens 024D,E01006913,533,153,44,109,380,332,48
2021,St. Helens 007A,E01006914,577,145,42,103,432,374,58
2021,St. Helens 007B,E01006915,634,163,47,116,471,401,70
2021,St. Helens 007C,E01006916,706,173,54,119,533,475,58
2021,St. Helens 007D,E01006917,865,241,59,182,624,559,65
2021,St. Helens 007E,E01006918,647,166,42,124,481,425,56
2021,St. Helens 007F,E01006919,768,214,64,150,554,483,71
2021,Sefton 011A,E01006920,740,258,90,168,482,415,67
2021,Sefton 012A,E01006921,487,155,53,102,332,283,49
2021,Sefton 012B,E01006922,562,182,73,109,380,321,59
2021,Sefton 012C,E01006923,620,201,70,131,419,362,57
2021,Sefton 011B,E01006924,564,197,53,144,367,312,55
2021,Sefton 011C,E01006925,786,286,98,188,500,452,48
2021,Sefton 012D,E01006926,679,243,113,130,436,344,92
2021,Sefton 011D,E01006927,719,238,81,157,481,409,72
2021,Sefton 009A,E01006928,695,234,94,140,461,380,81
2021,Sefton 010A,E01006929,726,251,75,176,475,408,67
2021,Sefton 010B,E01006930,680,230,65,165,450,402,48
2021,Sefton 010C,E01006931,745,254,81,173,491,421,70
2021,Sefton 010D,E01006932,685,239,88,151,446,375,71
2021,Sefton 010E,E01006933,646,208,61,147,438,403,35
2021,Sefton 007A,E01006934,702,258,87,171,444,388,56
2021,Sefton 009B,E01006935,773,258,79,179,515,440,75
2021,Sefton 022A,E01006936,604,185,69,116,419,332,87
2021,Sefton 022B,E01006937,662,201,75,126,461,368,93
2021,Sefton 022C,E01006938,547,177,70,107,370,293,77
2021,Sefton 022D,E01006939,748,232,64,168,516,428,88
2021,Sefton 022E,E01006940,627,186,82,104,441,359,82
2021,Sefton 028A,E01006941,740,184,56,128,556,477,79
2021,Sefton 028B,E01006942,743,210,57,153,533,469,64
2021,Sefton 022F,E01006943,660,201,54,147,459,399,60
2021,Sefton 003A,E01006944,520,166,75,91,354,284,70
2021,Sefton 004A,E01006945,733,210,65,145,523,437,86
2021,Sefton 001A,E01006946,549,176,70,106,373,328,45
2021,Sefton 002A,E01006947,606,225,65,160,381,314,67
2021,Sefton 003B,E01006948,483,144,45,99,339,274,65
2021,Sefton 003C,E01006949,529,204,76,128,325,272,53
2021,Sefton 004B,E01006950,680,214,64,150,466,398,68
2021,Sefton 003D,E01006951,540,172,64,108,368,293,75
2021,Sefton 032A,E01006952,531,174,45,129,357,307,50
2021,Sefton 032B,E01006953,649,206,55,151,443,400,43
2021,Sefton 028C,E01006954,695,219,49,170,476,406,70
2021,Sefton 030A,E01006955,850,250,71,179,600,540,60
2021,Sefton 030B,E01006956,867,239,79,160,628,550,78
2021,Sefton 032C,E01006957,644,189,64,125,455,385,70
2021,Sefton 030C,E01006958,692,186,70,116,506,442,64
2021,Sefton 032D,E01006959,746,204,57,147,542,470,72
2021,Sefton 038A,E01006960,545,171,44,127,374,339,35
2021,Sefton 038B,E01006961,687,209,66,143,478,438,40
2021,Sefton 038C,E01006962,656,194,49,145,462,438,24
2021,Sefton 038D,E01006963,654,202,62,140,452,404,48
2021,Sefton 036A,E01006964,655,198,51,147,457,414,43
2021,Sefton 038E,E01006965,663,184,50,134,479,443,36
2021,Sefton 038F,E01006966,715,214,56,158,501,455,46
2021,Sefton 037A,E01006967,688,201,61,140,487,430,57
2021,Sefton 004D,E01006969,687,220,76,144,467,407,60
2021,Sefton 007B,E01006970,1070,313,95,218,757,651,106
2021,Sefton 009C,E01006971,534,184,68,116,350,274,76
2021,Sefton 009D,E01006972,460,159,67,92,301,249,52
2021,Sefton 009E,E01006973,510,181,85,96,329,255,74
2021,Sefton 009F,E01006974,613,199,76,123,414,313,101
2021,Sefton 033A,E01006976,691,229,63,166,462,412,50
2021,Sefton 032E,E01006977,787,250,69,181,537,469,68
2021,Sefton 031A,E01006978,691,174,59,115,517,464,53
2021,Sefton 024A,E01006979,497,196,48,148,301,277,24
2021,Sefton 024B,E01006980,557,177,42,135,380,348,32
2021,Sefton 031B,E01006981,543,187,55,132,356,305,51
2021,Sefton 031C,E01006982,644,185,44,141,459,408,51
2021,Sefton 031D,E01006983,844,245,55,190,599,537,62
2021,Sefton 031E,E01006984,469,156,37,119,313,278,35
2021,Sefton 013A,E01006985,593,184,73,111,409,336,73
2021,Sefton 013B,E01006986,494,182,77,105,312,246,66
2021,Sefton 013C,E01006987,488,149,63,86,339,279,60
2021,Sefton 014A,E01006988,596,181,69,112,415,347,68
2021,Sefton 013D,E01006989,444,148,54,94,296,254,42
2021,Sefton 013E,E01006990,499,159,62,97,340,278,62
2021,Sefton 015A,E01006991,595,177,75,102,418,354,64
2021,Sefton 015B,E01006992,575,174,53,121,401,350,51
2021,Sefton 015C,E01006993,587,210,84,126,377,298,79
2021,Sefton 007C,E01006994,817,284,92,192,533,458,75
2021,Sefton 008A,E01006995,607,183,58,125,424,362,62
2021,Sefton 007D,E01006996,856,291,105,186,565,495,70
2021,Sefton 008B,E01006997,749,270,84,186,479,421,58
2021,Sefton 007E,E01006998,787,270,68,202,517,457,60
2021,Sefton 008C,E01006999,686,226,74,152,460,392,68
2021,Sefton 008D,E01007000,668,232,68,164,436,380,56
2021,Sefton 008E,E01007001,777,290,106,184,487,421,66
2021,Sefton 008F,E01007002,1015,304,88,216,711,634,77
2021,Sefton 036B,E01007003,485,176,43,133,309,261,48
2021,Sefton 034A,E01007004,560,184,45,139,376,338,38
2021,Sefton 034B,E01007005,567,187,68,119,380,334,46
2021,Sefton 036C,E01007006,499,168,48,120,331,309,22
2021,Sefton 037B,E01007007,428,165,58,107,263,233,30
2021,Sefton 037C,E01007008,493,148,34,114,345,303,42
2021,Sefton 037D,E01007009,682,178,50,128,504,450,54
2021,Sefton 037E,E01007010,696,206,65,141,490,422,68
2021,Sefton 034C,E01007011,553,191,54,137,362,322,40
2021,Sefton 036D,E01007012,639,191,44,147,448,396,52
2021,Sefton 036E,E01007013,562,200,51,149,362,321,41
2021,Sefton 033B,E01007014,767,223,65,158,544,479,65
2021,Sefton 034D,E01007016,808,289,67,222,519,474,45
2021,Sefton 034E,E01007017,646,205,51,154,441,396,45
2021,Sefton 035A,E01007019,549,206,61,145,343,298,45
2021,Sefton 021A,E01007020,642,202,62,140,440,389,51
2021,Sefton 025A,E01007021,541,156,44,112,385,326,59
2021,Sefton 021B,E01007022,586,178,62,116,408,359,49
2021,Sefton 021C,E01007023,616,159,35,124,457,382,75
2021,Sefton 024C,E01007024,355,128,42,86,227,198,29
2021,Sefton 025B,E01007025,622,179,59,120,443,380,63
2021,Sefton 024D,E01007026,495,126,32,94,369,338,31
2021,Sefton 021D,E01007027,915,262,92,170,653,538,115
2021,Sefton 001B,E01007028,677,229,64,165,448,387,61
2021,Sefton 001C,E01007029,405,157,48,109,248,218,30
2021,Sefton 001D,E01007030,774,263,87,176,511,450,61
2021,Sefton 002B,E01007031,635,196,64,132,439,378,61
2021,Sefton 002C,E01007032,628,208,80,128,420,356,64
2021,Sefton 002D,E01007033,609,213,68,145,396,341,55
2021,Sefton 003E,E01007034,590,184,63,121,406,339,67
2021,Sefton 002E,E01007035,609,218,76,142,391,324,67
2021,Sefton 001E,E01007036,505,182,50,132,323,286,37
2021,Sefton 021E,E01007037,784,222,69,153,562,486,76
2021,Sefton 021F,E01007038,761,232,76,156,529,444,85
2021,Sefton 026A,E01007039,614,171,52,119,443,392,51
2021,Sefton 026B,E01007040,1070,276,77,199,794,671,123
2021,Sefton 027A,E01007041,709,202,63,139,507,450,57
2021,Sefton 026C,E01007042,606,189,57,132,417,383,34
2021,Sefton 027B,E01007043,618,173,46,127,445,395,50
2021,Sefton 026D,E01007044,617,188,62,126,429,378,51
2021,Sefton 026E,E01007045,583,164,56,108,419,375,44
2021,Sefton 027C,E01007046,947,273,69,204,674,609,65
2021,Sefton 033E,E01007047,629,192,46,146,437,392,45
2021,Sefton 029A,E01007048,697,235,58,177,462,426,36
2021,Sefton 035B,E01007049,1092,326,107,219,766,678,88
2021,Sefton 035C,E01007050,602,197,58,139,405,360,45
2021,Sefton 035D,E01007051,500,168,45,123,332,292,40
2021,Sefton 035E,E01007052,526,177,47,130,349,302,47
2021,Sefton 027D,E01007053,660,199,55,144,461,411,50
2021,Sefton 029B,E01007054,574,194,52,142,380,341,39
2021,Sefton 005A,E01007055,529,204,60,144,325,277,48
2021,Sefton 005B,E01007056,795,288,98,190,507,451,56
2021,Sefton 005C,E01007057,696,254,76,178,442,390,52
2021,Sefton 006A,E01007058,771,254,66,188,517,459,58
2021,Sefton 006B,E01007059,773,259,71,188,514,449,65
2021,Sefton 006C,E01007060,652,209,84,125,443,386,57
2021,Sefton 006D,E01007061,756,239,76,163,517,433,84
2021,Sefton 005D,E01007062,726,241,82,159,485,420,65
2021,Sefton 005E,E01007063,795,278,81,197,517,444,73
2021,Sefton 006E,E01007064,623,193,58,135,430,361,69
2021,Sefton 020A,E01007065,641,177,53,124,464,400,64
2021,Sefton 020B,E01007066,750,211,63,148,539,483,56
2021,Sefton 017A,E01007067,734,244,68,176,490,390,100
2021,Sefton 017B,E01007068,555,173,57,116,382,341,41
2021,Sefton 017C,E01007069,639,180,59,121,459,414,45
2021,Sefton 017D,E01007070,631,192,73,119,439,380,59
2021,Sefton 020C,E01007071,681,174,49,125,507,442,65
2021,Sefton 020D,E01007072,559,174,52,122,385,330,55
2021,Sefton 020E,E01007073,640,197,61,136,443,390,53
2021,Sefton 019A,E01007074,683,184,48,136,499,443,56
2021,Sefton 016A,E01007075,563,195,66,129,368,316,52
2021,Sefton 016B,E01007076,755,244,81,163,511,431,80
2021,Sefton 016C,E01007077,671,211,70,141,460,414,46
2021,Sefton 015D,E01007078,634,210,94,116,424,362,62
2021,Sefton 014B,E01007079,622,208,74,134,414,329,85
2021,Sefton 014C,E01007080,610,207,70,137,403,334,69
2021,Sefton 014D,E01007081,669,242,97,145,427,365,62
2021,Sefton 016D,E01007082,580,185,62,123,395,341,54
2021,Sefton 023A,E01007083,533,165,49,116,368,321,47
2021,Sefton 027E,E01007084,671,184,50,134,487,421,66
2021,Sefton 023B,E01007085,533,196,41,155,337,306,31
2021,Sefton 023C,E01007086,433,141,40,101,292,254,38
2021,Sefton 029C,E01007087,553,196,39,157,357,321,36
2021,Sefton 029D,E01007088,589,160,49,111,429,392,37
2021,Sefton 024E,E01007089,569,177,43,134,392,346,46
2021,Sefton 029E,E01007090,546,189,46,143,357,323,34
2021,Sefton 023D,E01007091,490,164,36,128,326,299,27
2021,Sefton 023E,E01007092,410,131,37,94,279,244,35
2021,Sefton 018C,E01007095,751,209,71,138,542,467,75
2021,Sefton 018D,E01007096,573,167,44,123,406,369,37
2021,Sefton 019B,E01007097,700,200,47,153,500,437,63
2021,Sefton 019C,E01007098,780,199,66,133,581,513,68
2021,Sefton 019D,E01007099,618,185,60,125,433,356,77
2021,Sefton 018E,E01007100,627,168,57,111,459,411,48
2021,Sefton 017E,E01007101,657,206,52,154,451,400,51
2021,Sefton 030D,E01007102,789,237,76,161,552,477,75
2021,Sefton 030E,E01007103,769,203,55,148,566,487,79
2021,Sefton 028D,E01007104,676,184,59,125,492,426,66
2021,Sefton 025C,E01007105,773,228,66,162,545,473,72
2021,Sefton 025D,E01007106,904,249,70,179,655,570,85
2021,Sefton 025E,E01007107,685,175,53,122,510,450,60
2021,Sefton 025F,E01007108,795,221,69,152,574,506,68
2021,Sefton 028E,E01007109,766,215,51,164,551,481,70
2021,Wirral 035A,E01007110,762,200,57,143,562,492,70
2021,Wirral 032A,E01007111,742,196,69,127,546,478,68
2021,Wirral 032B,E01007112,743,236,67,169,507,458,49
2021,Wirral 032C,E01007113,604,181,67,114,423,370,53
2021,Wirral 032D,E01007114,657,194,62,132,463,413,50
2021,Wirral 031A,E01007115,726,219,64,155,507,446,61
2021,Wirral 032E,E01007116,701,207,61,146,494,440,54
2021,Wirral 035B,E01007117,850,251,69,182,599,532,67
2021,Wirral 035C,E01007118,647,203,54,149,444,401,43
2021,Wirral 019A,E01007119,596,207,75,132,389,353,36
2021,Wirral 011A,E01007120,542,170,47,123,372,325,47
2021,Wirral 011B,E01007121,518,175,53,122,343,305,38
2021,Wirral 011C,E01007122,531,186,52,134,345,312,33
2021,Wirral 011D,E01007123,634,232,60,172,402,371,31
2021,Wirral 011E,E01007124,528,206,48,158,322,299,23
2021,Wirral 015A,E01007125,679,198,44,154,481,440,41
2021,Wirral 016B,E01007127,563,218,72,146,345,317,28
2021,Wirral 016C,E01007128,466,158,49,109,308,270,38
2021,Wirral 016D,E01007129,562,185,68,117,377,329,48
2021,Wirral 021A,E01007130,669,255,62,193,414,367,47
2021,Wirral 021B,E01007131,684,262,101,161,422,387,35
2021,Wirral 016E,E01007133,432,156,37,119,276,254,22
2021,Wirral 039A,E01007135,746,204,68,136,542,474,68
2021,Wirral 039B,E01007136,710,238,63,175,472,416,56
2021,Wirral 039C,E01007137,745,208,60,148,537,485,52
2021,Wirral 031B,E01007138,687,209,59,150,478,427,51
2021,Wirral 031C,E01007139,753,207,54,153,546,493,53
2021,Wirral 031D,E01007141,713,234,70,164,479,432,47
2021,Wirral 036B,E01007142,891,225,90,135,666,567,99
2021,Wirral 036C,E01007143,1027,288,80,208,739,667,72
2021,Wirral 038A,E01007144,553,176,68,108,377,286,91
2021,Wirral 038B,E01007145,444,138,49,89,306,266,40
2021,Wirral 038C,E01007146,668,186,62,124,482,433,49
2021,Wirral 038D,E01007147,589,182,69,113,407,352,55
2021,Wirral 038E,E01007148,656,188,77,111,468,406,62
2021,Wirral 041A,E01007149,656,177,43,134,479,429,50
2021,Wirral 041B,E01007150,646,170,49,121,476,422,54
2021,Wirral 035D,E01007151,724,209,59,150,515,459,56
2021,Wirral 036D,E01007152,700,209,62,147,491,431,60
2021,Wirral 036E,E01007153,565,186,54,132,379,343,36
2021,Wirral 035E,E01007154,680,187,53,134,493,433,60
2021,Wirral 020A,E01007155,748,173,64,109,575,499,76
2021,Wirral 015B,E01007156,739,207,60,147,532,468,64
2021,Wirral 015C,E01007157,770,226,48,178,544,485,59
2021,Wirral 015D,E01007158,699,189,65,124,510,462,48
2021,Wirral 015E,E01007159,925,278,87,191,647,520,127
2021,Wirral 020B,E01007160,738,191,71,120,547,465,82
2021,Wirral 019B,E01007161,692,228,75,153,464,393,71
2021,Wirral 019C,E01007162,530,195,60,135,335,309,26
2021,Wirral 024A,E01007163,1131,312,99,213,819,724,95
2021,Wirral 042A,E01007164,969,262,70,192,707,632,75
2021,Wirral 041C,E01007165,511,147,51,96,364,331,33
2021,Wirral 042B,E01007166,634,184,71,113,450,397,53
2021,Wirral 042C,E01007167,715,203,64,139,512,450,62
2021,Wirral 042D,E01007168,721,222,56,166,499,462,37
2021,Wirral 042E,E01007169,801,251,77,174,550,480,70
2021,Wirral 039D,E01007170,761,187,58,129,574,503,71
2021,Wirral 041D,E01007171,761,208,64,144,553,496,57
2021,Wirral 041E,E01007172,551,155,38,117,396,347,49
2021,Wirral 029A,E01007173,680,213,62,151,467,392,75
2021,Wirral 029B,E01007174,848,254,76,178,594,531,63
2021,Wirral 027A,E01007175,731,238,81,157,493,431,62
2021,Wirral 029C,E01007176,697,227,65,162,470,420,50
2021,Wirral 029D,E01007177,655,201,66,135,454,408,46
2021,Wirral 029E,E01007178,678,221,49,172,457,410,47
2021,Wirral 021C,E01007179,523,167,48,119,356,321,35
2021,Wirral 022A,E01007180,717,254,70,184,463,418,45
2021,Wirral 022B,E01007181,687,191,49,142,496,442,54
2021,Wirral 037A,E01007182,577,184,71,113,393,301,92
2021,Wirral 034A,E01007183,578,185,53,132,393,327,66
2021,Wirral 037B,E01007184,646,205,59,146,441,368,73
2021,Wirral 037C,E01007185,820,231,77,154,589,506,83
2021,Wirral 040A,E01007186,652,200,74,126,452,374,78
2021,Wirral 040B,E01007187,606,212,93,119,394,321,73
2021,Wirral 040C,E01007188,652,205,72,133,447,357,90
2021,Wirral 040D,E01007189,614,216,86,130,398,321,77
2021,Wirral 040E,E01007190,588,197,81,116,391,303,88
2021,Wirral 040F,E01007191,566,207,86,121,359,283,76
2021,Wirral 037D,E01007192,481,146,53,93,335,276,59
2021,Wirral 014A,E01007193,640,200,80,120,440,355,85
2021,Wirral 014B,E01007194,637,193,76,117,444,382,62
2021,Wirral 013A,E01007195,727,218,63,155,509,424,85
2021,Wirral 026A,E01007196,641,217,86,131,424,358,66
2021,Wirral 026B,E01007197,714,236,98,138,478,386,92
2021,Wirral 026C,E01007198,730,236,81,155,494,408,86
2021,Wirral 013B,E01007199,660,198,75,123,462,379,83
2021,Wirral 014C,E01007200,765,233,82,151,532,450,82
2021,Wirral 014D,E01007201,693,205,75,130,488,416,72
2021,Wirral 014E,E01007202,636,199,64,135,437,380,57
2021,Wirral 006A,E01007203,971,269,71,198,702,606,96
2021,Wirral 009A,E01007204,560,194,48,146,366,333,33
2021,Wirral 006B,E01007205,705,228,58,170,477,423,54
2021,Wirral 009B,E01007206,907,265,82,183,642,572,70
2021,Wirral 009C,E01007207,447,152,44,108,295,256,39
2021,Wirral 012A,E01007208,707,224,71,153,483,423,60
2021,Wirral 009D,E01007209,528,156,41,115,372,333,39
2021,Wirral 006C,E01007210,816,240,76,164,576,517,59
2021,Wirral 004A,E01007211,567,171,46,125,396,353,43
2021,Wirral 007A,E01007212,708,217,73,144,491,442,49
2021,Wirral 007B,E01007213,684,212,66,146,472,409,63
2021,Wirral 007C,E01007214,651,202,59,143,449,407,42
2021,Wirral 005A,E01007215,490,176,49,127,314,270,44
2021,Wirral 005B,E01007216,668,209,66,143,459,415,44
2021,Wirral 007D,E01007217,762,228,76,152,534,482,52
2021,Wirral 002A,E01007218,650,221,68,153,429,386,43
2021,Wirral 005C,E01007219,649,199,42,157,450,408,42
2021,Wirral 005D,E01007220,490,142,45,97,348,312,36
2021,Wirral 012B,E01007221,671,205,56,149,466,422,44
2021,Wirral 013C,E01007222,747,216,70,146,531,477,54
2021,Wirral 013D,E01007223,746,221,62,159,525,463,62
2021,Wirral 017A,E01007224,659,202,59,143,457,418,39
2021,Wirral 012C,E01007225,979,261,84,177,718,639,79
2021,Wirral 017B,E01007226,690,214,68,146,476,427,49
2021,Wirral 012D,E01007227,636,228,68,160,408,370,38
2021,Wirral 012E,E01007228,506,174,57,117,332,303,29
2021,Wirral 001A,E01007229,840,260,76,184,580,526,54
2021,Wirral 001B,E01007230,549,179,51,128,370,325,45
2021,Wirral 001C,E01007231,709,183,66,117,526,463,63
2021,Wirral 002B,E01007232,656,201,68,133,455,407,48
2021,Wirral 002C,E01007233,781,232,63,169,549,498,51
2021,Wirral 002D,E01007234,730,245,99,146,485,414,71
2021,Wirral 004B,E01007235,698,242,67,175,456,392,64
2021,Wirral 002E,E01007236,599,201,37,164,398,350,48
2021,Wirral 001D,E01007237,593,166,50,116,427,383,44
2021,Wirral 001E,E01007238,677,177,62,115,500,438,62
2021,Wirral 022C,E01007239,753,206,81,125,547,500,47
2021,Wirral 020C,E01007240,744,156,64,92,588,495,93
2021,Wirral 020D,E01007241,507,154,68,86,353,292,61
2021,Wirral 020E,E01007242,803,225,87,138,578,470,108
2021,Wirral 022D,E01007243,722,205,62,143,517,447,70
2021,Wirral 022E,E01007244,948,283,73,210,665,591,74
2021,Wirral 024B,E01007245,713,218,69,149,495,436,59
2021,Wirral 024C,E01007246,669,195,56,139,474,419,55
2021,Wirral 024D,E01007247,783,234,68,166,549,470,79
2021,Wirral 030A,E01007248,685,218,71,147,467,384,83
2021,Wirral 025A,E01007249,567,207,45,162,360,317,43
2021,Wirral 030B,E01007250,661,206,57,149,455,396,59
2021,Wirral 025B,E01007251,516,157,48,109,359,323,36
2021,Wirral 024E,E01007252,748,211,64,147,537,481,56
2021,Wirral 030C,E01007253,695,237,75,162,458,400,58
2021,Wirral 030D,E01007254,750,192,60,132,558,475,83
2021,Wirral 034B,E01007255,726,224,72,152,502,429,73
2021,Wirral 034C,E01007256,578,188,54,134,390,337,53
2021,Wirral 025C,E01007257,475,183,50,133,292,262,30
2021,Wirral 028A,E01007258,611,186,57,129,425,362,63
2021,Wirral 023A,E01007259,540,149,44,105,391,335,56
2021,Wirral 028B,E01007260,688,224,75,149,464,380,84
2021,Wirral 023B,E01007261,517,170,62,108,347,281,66
2021,Wirral 028C,E01007262,652,196,67,129,456,366,90
2021,Wirral 026D,E01007263,590,207,71,136,383,338,45
2021,Wirral 023C,E01007264,574,173,55,118,401,352,49
2021,Wirral 017C,E01007265,656,191,59,132,465,404,61
2021,Wirral 023D,E01007266,694,218,66,152,476,413,63
2021,Wirral 023E,E01007267,686,218,64,154,468,408,60
2021,Wirral 023F,E01007268,477,139,51,88,338,299,39
2021,Wirral 010C,E01007269,704,236,67,169,468,422,46
2021,Wirral 010D,E01007270,625,212,77,135,413,359,54
2021,Wirral 010E,E01007271,660,204,55,149,456,414,42
2021,Wirral 008A,E01007272,494,171,49,122,323,295,28
2021,Wirral 008B,E01007273,456,147,34,113,309,284,25
2021,Wirral 008C,E01007274,451,155,42,113,296,277,19
2021,Wirral 005E,E01007275,590,218,54,164,372,338,34
2021,Wirral 007E,E01007276,662,219,61,158,443,405,38
2021,Wirral 008D,E01007277,531,196,68,128,335,288,47
2021,Wirral 008E,E01007278,562,195,55,140,367,332,35
2021,Wirral 034D,E01007279,776,229,75,154,547,487,60
2021,Wirral 033A,E01007280,800,239,69,170,561,489,72
2021,Wirral 028D,E01007281,561,189,69,120,372,283,89
2021,Wirral 026E,E01007282,597,195,79,116,402,333,69
2021,Wirral 028E,E01007283,498,182,85,97,316,231,85
2021,Wirral 033B,E01007284,704,246,79,167,458,379,79
2021,Wirral 033C,E01007285,601,188,69,119,413,360,53
2021,Wirral 034E,E01007286,620,190,59,131,430,384,46
2021,Wirral 033D,E01007287,780,256,82,174,524,469,55
2021,Wirral 037E,E01007288,682,223,89,134,459,414,45
2021,Wirral 031E,E01007289,534,183,56,127,351,312,39
2021,Wirral 027B,E01007290,697,252,83,169,445,404,41
2021,Wirral 021D,E01007291,637,196,57,139,441,404,37
2021,Wirral 021E,E01007292,600,191,59,132,409,370,39
2021,Wirral 027C,E01007293,484,183,42,141,301,279,22
2021,Wirral 021F,E01007294,628,202,58,144,426,381,45
2021,Wirral 027D,E01007295,738,219,67,152,519,472,47
2021,Wirral 027E,E01007296,700,207,66,141,493,442,51
2021,Wirral 018A,E01007297,579,191,54,137,388,343,45
2021,Wirral 018B,E01007298,634,180,68,112,454,366,88
2021,Wirral 017D,E01007299,632,193,60,133,439,386,53
2021,Wirral 019D,E01007300,963,329,99,230,634,573,61
2021,Wirral 018C,E01007301,720,217,61,156,503,430,73
2021,Wirral 018D,E01007302,924,252,75,177,672,592,80
2021,Wirral 025D,E01007303,589,223,59,164,366,335,31
2021,Wirral 025E,E01007304,582,201,58,143,381,340,41
2021,Wirral 018E,E01007305,740,230,62,168,510,455,55
2021,Wirral 017E,E01007306,776,225,69,156,551,479,72
2021,Wirral 003A,E01007307,808,257,104,153,551,456,95
2021,Wirral 003B,E01007308,587,165,53,112,422,360,62
2021,Wirral 006D,E01007309,722,217,63,154,505,429,76
2021,Wirral 004C,E01007310,642,181,56,125,461,399,62
2021,Wirral 004D,E01007311,683,194,57,137,489,433,56
2021,Wirral 003C,E01007312,693,211,57,154,482,428,54
2021,Wirral 003D,E01007313,692,232,74,158,460,407,53
2021,Wirral 004E,E01007314,694,211,56,155,483,424,59
2021,Wirral 003E,E01007315,750,216,71,145,534,485,49
2021,Wirral 004F,E01007316,681,187,60,127,494,437,57
2021,Barnsley 018A,E01007317,538,186,48,138,352,318,34
2021,Barnsley 018B,E01007318,644,195,53,142,449,414,35
2021,Barnsley 015A,E01007319,679,219,54,165,460,389,71
2021,Barnsley 018C,E01007320,699,206,47,159,493,442,51
2021,Barnsley 015B,E01007321,611,172,55,117,439,370,69
2021,Barnsley 015C,E01007322,1097,309,80,229,788,669,119
2021,Barnsley 007A,E01007323,699,189,61,128,510,444,66
2021,Barnsley 007B,E01007324,651,189,56,133,462,384,78
2021,Barnsley 007C,E01007325,558,169,49,120,389,346,43
2021,Barnsley 007D,E01007326,702,229,72,157,473,403,70
2021,Barnsley 007E,E01007327,612,191,53,138,421,373,48
2021,Barnsley 006A,E01007328,916,248,78,170,668,574,94
2021,Barnsley 003A,E01007329,727,211,56,155,516,442,74
2021,Barnsley 006B,E01007330,851,266,85,181,585,510,75
2021,Barnsley 003B,E01007331,824,227,61,166,597,519,78
2021,Barnsley 006C,E01007332,984,254,57,197,730,645,85
2021,Barnsley 006D,E01007333,618,167,50,117,451,394,57
2021,Barnsley 009A,E01007334,655,179,62,117,476,419,57
2021,Barnsley 009B,E01007335,665,204,55,149,461,397,64
2021,Barnsley 013A,E01007336,783,184,44,140,599,534,65
2021,Barnsley 015D,E01007337,1011,220,59,161,791,694,97
2021,Barnsley 017A,E01007338,588,148,26,122,440,386,54
2021,Barnsley 017B,E01007339,686,167,42,125,519,466,53
2021,Barnsley 013B,E01007340,1082,275,77,198,807,718,89
2021,Barnsley 008A,E01007341,472,159,43,116,313,275,38
2021,Barnsley 003C,E01007342,576,188,54,134,388,337,51
2021,Barnsley 003D,E01007343,592,163,42,121,429,376,53
2021,Barnsley 011A,E01007344,1340,368,91,277,972,833,139
2021,Barnsley 008B,E01007345,720,211,62,149,509,435,74
2021,Barnsley 008C,E01007346,734,202,55,147,532,453,79
2021,Barnsley 008D,E01007347,1003,267,70,197,736,627,109
2021,Barnsley 020A,E01007348,588,173,40,133,415,347,68
2021,Barnsley 020B,E01007349,668,199,55,144,469,382,87
2021,Barnsley 020C,E01007350,380,118,35,83,262,228,34
2021,Barnsley 020D,E01007351,757,197,61,136,560,492,68
2021,Barnsley 020E,E01007352,574,166,41,125,408,352,56
2021,Barnsley 020F,E01007353,793,224,65,159,569,496,73
2021,Barnsley 020G,E01007354,735,217,66,151,518,440,78
2021,Barnsley 005A,E01007355,740,193,52,141,547,473,74
2021,Barnsley 004A,E01007356,638,181,53,128,457,396,61
2021,Barnsley 004B,E01007357,655,198,66,132,457,385,72
2021,Barnsley 005B,E01007358,696,173,50,123,523,469,54
2021,Barnsley 005C,E01007359,682,202,57,145,480,423,57
2021,Barnsley 005D,E01007360,618,186,51,135,432,357,75
2021,Barnsley 004C,E01007361,1029,264,88,176,765,655,110
2021,Barnsley 004D,E01007362,1123,305,83,222,818,708,110
2021,Barnsley 004E,E01007363,678,185,52,133,493,425,68
2021,Barnsley 025A,E01007364,599,179,40,139,420,364,56
2021,Barnsley 025B,E01007365,513,148,35,113,365,312,53
2021,Barnsley 025C,E01007366,1154,330,93,237,824,680,144
2021,Barnsley 025D,E01007367,482,134,35,99,348,299,49
2021,Barnsley 025E,E01007368,795,222,64,158,573,486,87
2021,Barnsley 022A,E01007369,923,233,66,167,690,605,85
2021,Barnsley 022B,E01007370,761,203,56,147,558,490,68
2021,Barnsley 022C,E01007371,855,233,67,166,622,557,65
2021,Barnsley 014A,E01007372,724,194,51,143,530,448,82
2021,Barnsley 014B,E01007373,617,200,52,148,417,359,58
2021,Barnsley 014C,E01007374,592,161,41,120,431,372,59
2021,Barnsley 014D,E01007375,760,234,74,160,526,456,70
2021,Barnsley 022D,E01007376,580,155,57,98,425,375,50
2021,Barnsley 014E,E01007377,565,176,58,118,389,354,35
2021,Barnsley 014F,E01007378,570,192,50,142,378,344,34
2021,Barnsley 012A,E01007379,667,190,62,128,477,408,69
2021,Barnsley 012B,E01007380,923,240,76,164,683,587,96
2021,Barnsley 012C,E01007381,1095,291,89,202,804,697,107
2021,Barnsley 019A,E01007382,803,237,56,181,566,496,70
2021,Barnsley 019B,E01007383,684,224,75,149,460,408,52
2021,Barnsley 019C,E01007384,800,226,68,158,574,478,96
2021,Barnsley 019D,E01007385,530,171,55,116,359,321,38
2021,Barnsley 005E,E01007386,872,238,67,171,634,540,94
2021,Barnsley 012D,E01007387,661,172,54,118,489,403,86
2021,Barnsley 029A,E01007388,909,270,82,188,639,539,100
2021,Barnsley 030A,E01007389,551,177,52,125,374,332,42
2021,Barnsley 030B,E01007390,694,183,57,126,511,438,73
2021,Barnsley 030C,E01007391,646,176,47,129,470,408,62
2021,Barnsley 030D,E01007392,613,190,57,133,423,376,47
2021,Barnsley 029B,E01007393,892,245,73,172,647,566,81
2021,Barnsley 029C,E01007394,613,187,57,130,426,365,61
2021,Barnsley 030E,E01007395,899,308,94,214,591,521,70
2021,Barnsley 028A,E01007396,768,205,56,149,563,497,66
2021,Barnsley 028B,E01007397,628,182,55,127,446,371,75
2021,Barnsley 028C,E01007398,672,212,63,149,460,387,73
2021,Barnsley 028D,E01007399,1130,305,80,225,825,699,126
2021,Barnsley 009C,E01007400,1114,318,91,227,796,678,118
2021,Barnsley 011B,E01007402,773,223,68,155,550,479,71
2021,Barnsley 011C,E01007403,556,182,48,134,374,329,45
2021,Barnsley 009D,E01007404,566,176,51,125,390,333,57
2021,Barnsley 011D,E01007405,815,223,51,172,592,497,95
2021,Barnsley 009E,E01007406,642,188,45,143,454,389,65
2021,Barnsley 010C,E01007408,714,219,58,161,495,436,59
2021,Barnsley 010D,E01007409,770,225,77,148,545,480,65
2021,Barnsley 010E,E01007410,763,218,65,153,545,477,68
2021,Barnsley 007F,E01007411,549,168,47,121,381,334,47
2021,Barnsley 017C,E01007413,597,197,53,144,400,352,48
2021,Barnsley 017D,E01007414,1091,292,63,229,799,714,85
2021,Barnsley 013C,E01007415,685,199,59,140,486,438,48
2021,Barnsley 018D,E01007416,552,173,41,132,379,340,39
2021,Barnsley 013D,E01007417,964,265,72,193,699,632,67
2021,Barnsley 016A,E01007418,582,176,72,104,406,310,96
2021,Barnsley 016B,E01007419,772,237,88,149,535,439,96
2021,Barnsley 016C,E01007420,602,176,62,114,426,372,54
2021,Barnsley 027A,E01007421,675,209,89,120,466,340,126
2021,Barnsley 027B,E01007422,735,249,89,160,486,367,119
2021,Barnsley 027C,E01007423,750,229,74,155,521,413,108
2021,Barnsley 028E,E01007424,962,275,76,199,687,557,130
2021,Barnsley 016D,E01007425,915,276,89,187,639,491,148
2021,Barnsley 027D,E01007426,966,250,94,156,716,524,192
2021,Barnsley 024A,E01007427,819,216,67,149,603,500,103
2021,Barnsley 024B,E01007428,742,231,79,152,511,425,86
2021,Barnsley 024C,E01007429,549,161,39,122,388,330,58
2021,Barnsley 024D,E01007430,1518,409,117,292,1109,928,181
2021,Barnsley 024E,E01007431,637,208,75,133,429,363,66
2021,Barnsley 024F,E01007432,815,244,73,171,571,481,90
2021,Barnsley 002A,E01007433,762,250,70,180,512,444,68
2021,Barnsley 001A,E01007434,1228,323,83,240,905,764,141
2021,Barnsley 001B,E01007435,635,196,41,155,439,391,48
2021,Barnsley 002B,E01007436,576,155,42,113,421,344,77
2021,Barnsley 002C,E01007437,636,168,45,123,468,404,64
2021,Barnsley 001C,E01007438,627,177,53,124,450,394,56
2021,Barnsley 001D,E01007439,707,177,48,129,530,445,85
2021,Barnsley 002D,E01007440,609,172,43,129,437,375,62
2021,Barnsley 013E,E01007441,835,255,61,194,580,518,62
2021,Barnsley 012E,E01007442,587,202,78,124,385,324,61
2021,Barnsley 013F,E01007443,1233,265,70,195,968,874,94
2021,Barnsley 012F,E01007444,1036,264,76,188,772,662,110
2021,Barnsley 013G,E01007445,785,219,68,151,566,498,68
2021,Barnsley 012G,E01007446,586,180,57,123,406,367,39
2021,Barnsley 023A,E01007447,687,222,70,152,465,409,56
2021,Barnsley 023B,E01007448,1201,294,75,219,907,789,118
2021,Barnsley 023C,E01007449,788,218,44,174,570,505,65
2021,Barnsley 023D,E01007450,855,240,62,178,615,541,74
2021,Barnsley 026A,E01007451,836,236,53,183,600,529,71
2021,Barnsley 026B,E01007452,866,235,65,170,631,541,90
2021,Barnsley 026C,E01007453,620,204,59,145,416,365,51
2021,Barnsley 026E,E01007455,666,184,61,123,482,416,66
2021,Barnsley 029D,E01007456,913,276,75,201,637,552,85
2021,Barnsley 029E,E01007457,840,258,66,192,582,492,90
2021,Barnsley 021A,E01007458,733,237,81,156,496,420,76
2021,Barnsley 021B,E01007459,612,196,57,139,416,362,54
2021,Barnsley 021C,E01007460,611,166,45,121,445,381,64
2021,Barnsley 021D,E01007461,760,235,75,160,525,439,86
2021,Barnsley 021E,E01007462,596,209,56,153,387,338,49
2021,Barnsley 021F,E01007463,574,215,67,148,359,304,55
2021,Doncaster 009A,E01007464,631,185,51,134,446,375,71
2021,Doncaster 009B,E01007465,872,240,69,171,632,541,91
2021,Doncaster 009C,E01007466,888,220,56,164,668,585,83
2021,Doncaster 009D,E01007467,692,202,63,139,490,418,72
2021,Doncaster 005A,E01007468,447,137,29,108,310,252,58
2021,Doncaster 005B,E01007469,589,156,47,109,433,360,73
2021,Doncaster 005C,E01007470,619,182,50,132,437,373,64
2021,Doncaster 009E,E01007471,778,210,56,154,568,494,74
2021,Doncaster 005D,E01007472,515,169,32,137,346,298,48
2021,Doncaster 005E,E01007473,616,203,47,156,413,361,52
2021,Doncaster 005F,E01007474,376,144,44,100,232,193,39
2021,Doncaster 011A,E01007475,739,197,50,147,542,480,62
2021,Doncaster 011B,E01007476,815,239,74,165,576,488,88
2021,Doncaster 011C,E01007477,630,178,45,133,452,388,64
2021,Doncaster 011D,E01007478,716,212,61,151,504,430,74
2021,Doncaster 014A,E01007479,677,219,61,158,458,405,53
2021,Doncaster 014B,E01007480,712,232,71,161,480,422,58
2021,Doncaster 014D,E01007482,537,168,54,114,369,324,45
2021,Doncaster 017A,E01007483,625,195,43,152,430,370,60
2021,Doncaster 017B,E01007484,566,160,56,104,406,359,47
2021,Doncaster 017C,E01007485,760,222,64,158,538,451,87
2021,Doncaster 017D,E01007486,435,151,43,108,284,258,26
2021,Doncaster 002A,E01007487,675,190,39,151,485,405,80
2021,Doncaster 002B,E01007488,761,204,65,139,557,407,150
2021,Doncaster 002C,E01007489,1103,312,117,195,791,680,111
2021,Doncaster 002D,E01007490,786,222,64,158,564,459,105
2021,Doncaster 002E,E01007491,729,197,51,146,532,462,70
2021,Doncaster 002F,E01007492,563,168,52,116,395,348,47
2021,Doncaster 002G,E01007493,854,230,76,154,624,527,97
2021,Doncaster 023A,E01007494,778,218,63,155,560,488,72
2021,Doncaster 028A,E01007495,754,234,72,162,520,441,79
2021,Doncaster 029A,E01007496,607,200,63,137,407,361,46
2021,Doncaster 029B,E01007497,558,189,53,136,369,316,53
2021,Doncaster 029C,E01007498,639,198,60,138,441,387,54
2021,Doncaster 029D,E01007499,469,155,40,115,314,284,30
2021,Doncaster 028B,E01007500,507,154,33,121,353,310,43
2021,Doncaster 029E,E01007501,588,171,38,133,417,361,56
2021,Doncaster 029F,E01007503,743,212,63,149,531,452,79
2021,Doncaster 009F,E01007504,628,188,44,144,440,384,56
2021,Doncaster 013A,E01007505,672,198,57,141,474,397,77
2021,Doncaster 010A,E01007506,781,192,46,146,589,509,80
2021,Doncaster 009G,E01007507,459,129,25,104,330,284,46
2021,Doncaster 010B,E01007508,608,198,52,146,410,346,64
2021,Doncaster 010C,E01007509,614,174,48,126,440,393,47
2021,Doncaster 010D,E01007510,709,188,53,135,521,442,79
2021,Doncaster 010E,E01007511,565,191,47,144,374,321,53
2021,Doncaster 012A,E01007512,1072,301,76,225,771,670,101
2021,Doncaster 012B,E01007513,653,226,56,170,427,368,59
2021,Doncaster 013B,E01007514,706,200,50,150,506,461,45
2021,Doncaster 012C,E01007515,673,236,58,178,437,382,55
2021,Doncaster 013C,E01007516,699,209,49,160,490,437,53
2021,Doncaster 013D,E01007517,715,205,50,155,510,463,47
2021,Doncaster 012D,E01007518,715,200,56,144,515,424,91
2021,Doncaster 012E,E01007519,654,192,37,155,462,413,49
2021,Doncaster 027A,E01007520,479,158,53,105,321,267,54
2021,Doncaster 025A,E01007521,612,184,55,129,428,350,78
2021,Doncaster 024A,E01007522,583,192,56,136,391,348,43
2021,Doncaster 025B,E01007523,692,216,61,155,476,411,65
2021,Doncaster 025C,E01007524,684,211,66,145,473,384,89
2021,Doncaster 024B,E01007525,644,185,54,131,459,398,61
2021,Doncaster 025D,E01007526,984,275,91,184,709,603,106
2021,Doncaster 024C,E01007528,557,166,32,134,391,342,49
2021,Doncaster 022A,E01007529,606,178,72,106,428,361,67
2021,Doncaster 022B,E01007530,711,190,51,139,521,472,49
2021,Doncaster 022C,E01007531,660,213,69,144,447,383,64
2021,Doncaster 023B,E01007532,573,189,60,129,384,332,52
2021,Doncaster 023C,E01007533,674,204,59,145,470,424,46
2021,Doncaster 028D,E01007534,984,211,75,136,773,688,85
2021,Doncaster 023D,E01007535,677,205,64,141,472,416,56
2021,Doncaster 032A,E01007536,898,244,72,172,654,557,97
2021,Doncaster 035A,E01007537,715,226,65,161,489,413,76
2021,Doncaster 035B,E01007538,690,189,43,146,501,440,61
2021,Doncaster 035C,E01007539,583,164,55,109,419,372,47
2021,Doncaster 035D,E01007540,738,217,57,160,521,465,56
2021,Doncaster 035E,E01007541,609,169,30,139,440,370,70
2021,Doncaster 032B,E01007542,833,248,69,179,585,511,74
2021,Doncaster 032C,E01007543,487,156,52,104,331,276,55
2021,Doncaster 032D,E01007544,483,143,23,120,340,304,36
2021,Doncaster 034A,E01007545,672,164,46,118,508,446,62
2021,Doncaster 033A,E01007546,578,144,33,111,434,373,61
2021,Doncaster 034B,E01007547,591,167,50,117,424,367,57
2021,Doncaster 034C,E01007548,939,284,81,203,655,566,89
2021,Doncaster 034D,E01007549,545,154,30,124,391,339,52
2021,Doncaster 034E,E01007550,740,229,53,176,511,438,73
2021,Doncaster 033B,E01007551,802,219,68,151,583,499,84
2021,Doncaster 033C,E01007552,663,192,63,129,471,409,62
2021,Doncaster 008A,E01007553,755,199,67,132,556,460,96
2021,Doncaster 006A,E01007554,787,231,57,174,556,458,98
2021,Doncaster 006B,E01007555,477,160,45,115,317,272,45
2021,Doncaster 006C,E01007556,515,174,50,124,341,292,49
2021,Doncaster 008B,E01007557,736,230,85,145,506,389,117
2021,Doncaster 008C,E01007558,662,193,51,142,469,399,70
2021,Doncaster 008D,E01007559,494,146,55,91,348,265,83
2021,Doncaster 008E,E01007560,741,226,58,168,515,422,93
2021,Doncaster 006D,E01007561,630,169,44,125,461,392,69
2021,Doncaster 006E,E01007562,583,167,56,111,416,362,54
2021,Doncaster 006F,E01007563,585,206,58,148,379,314,65
2021,Doncaster 018A,E01007564,658,214,58,156,444,395,49
2021,Doncaster 018B,E01007565,709,208,53,155,501,439,62
2021,Doncaster 018C,E01007566,644,207,56,151,437,373,64
2021,Doncaster 018D,E01007567,637,190,46,144,447,396,51
2021,Doncaster 018E,E01007568,602,210,59,151,392,342,50
2021,Doncaster 018F,E01007569,703,227,67,160,476,409,67
2021,Doncaster 015A,E01007570,654,192,68,124,462,404,58
2021,Doncaster 031A,E01007571,767,205,62,143,562,504,58
2021,Doncaster 031B,E01007572,514,154,47,107,360,327,33
2021,Doncaster 031C,E01007573,509,149,40,109,360,317,43
2021,Doncaster 031D,E01007574,563,180,44,136,383,334,49
2021,Doncaster 030A,E01007575,398,139,34,105,259,234,25
2021,Doncaster 031E,E01007576,667,182,50,132,485,417,68
2021,Doncaster 031F,E01007577,546,139,34,105,407,363,44
2021,Doncaster 030B,E01007578,714,217,62,155,497,427,70
2021,Doncaster 030C,E01007579,1404,366,91,275,1038,872,166
2021,Doncaster 030D,E01007580,518,158,55,103,360,306,54
2021,Doncaster 016A,E01007581,690,203,69,134,487,410,77
2021,Doncaster 016B,E01007582,748,230,66,164,518,449,69
2021,Doncaster 020A,E01007583,609,183,68,115,426,346,80
2021,Doncaster 021A,E01007584,746,198,54,144,548,476,72
2021,Doncaster 021B,E01007585,790,233,48,185,557,493,64
2021,Doncaster 020B,E01007586,647,217,75,142,430,353,77
2021,Doncaster 020C,E01007587,636,190,71,119,446,344,102
2021,Doncaster 016C,E01007588,782,248,70,178,534,462,72
2021,Doncaster 016D,E01007589,747,213,61,152,534,454,80
2021,Doncaster 037A,E01007590,559,185,42,143,374,322,52
2021,Doncaster 036A,E01007591,649,199,54,145,450,388,62
2021,Doncaster 037B,E01007592,651,191,35,156,460,390,70
2021,Doncaster 037C,E01007593,1016,233,67,166,783,658,125
2021,Doncaster 036B,E01007594,1059,270,83,187,789,656,133
2021,Doncaster 037D,E01007595,633,193,40,153,440,362,78
2021,Doncaster 036C,E01007596,552,155,43,112,397,341,56
2021,Doncaster 037E,E01007597,607,195,37,158,412,347,65
2021,Doncaster 036D,E01007598,637,182,53,129,455,399,56
2021,Doncaster 026A,E01007599,816,221,66,155,595,494,101
2021,Doncaster 026B,E01007600,575,177,52,125,398,337,61
2021,Doncaster 026C,E01007601,691,209,67,142,482,400,82
2021,Doncaster 026D,E01007602,1000,256,81,175,744,603,141
2021,Doncaster 026E,E01007603,786,211,60,151,575,481,94
2021,Doncaster 024D,E01007604,632,213,54,159,419,347,72
2021,Doncaster 027C,E01007605,652,194,64,130,458,382,76
2021,Doncaster 027D,E01007606,1100,278,92,186,822,633,189
2021,Doncaster 025E,E01007607,620,191,72,119,429,364,65
2021,Doncaster 038B,E01007609,1058,328,117,211,730,577,153
2021,Doncaster 038C,E01007610,796,223,78,145,573,468,105
2021,Doncaster 039A,E01007611,558,160,49,111,398,334,64
2021,Doncaster 039B,E01007612,575,173,59,114,402,315,87
2021,Doncaster 033D,E01007613,759,200,79,121,559,429,130
2021,Doncaster 039C,E01007614,603,187,60,127,416,331,85
2021,Doncaster 039D,E01007615,491,158,66,92,333,248,85
2021,Doncaster 039E,E01007616,445,124,39,85,321,258,63
2021,Doncaster 021C,E01007617,628,186,56,130,442,362,80
2021,Doncaster 021D,E01007618,545,162,43,119,383,334,49
2021,Doncaster 021E,E01007619,902,239,75,164,663,518,145
2021,Doncaster 020D,E01007620,739,201,46,155,538,448,90
2021,Doncaster 007A,E01007621,728,195,58,137,533,466,67
2021,Doncaster 007B,E01007622,643,213,60,153,430,373,57
2021,Doncaster 007C,E01007623,512,147,46,101,365,319,46
2021,Doncaster 007D,E01007624,1058,295,83,212,763,647,116
2021,Doncaster 004A,E01007625,682,198,59,139,484,383,101
2021,Doncaster 004B,E01007626,659,213,65,148,446,355,91
2021,Doncaster 004C,E01007627,596,183,49,134,413,359,54
2021,Doncaster 004D,E01007628,513,155,43,112,358,311,47
2021,Doncaster 004E,E01007629,461,152,42,110,309,264,45
2021,Doncaster 007E,E01007630,520,158,42,116,362,308,54
2021,Doncaster 007F,E01007631,481,171,41,130,310,257,53
2021,Doncaster 001A,E01007632,785,228,61,167,557,465,92
2021,Doncaster 001B,E01007633,600,170,41,129,430,373,57
2021,Doncaster 001C,E01007634,688,194,47,147,494,426,68
2021,Doncaster 001D,E01007635,817,251,85,166,566,476,90
2021,Doncaster 003A,E01007636,681,217,54,163,464,396,68
2021,Doncaster 003B,E01007637,706,207,63,144,499,428,71
2021,Doncaster 003C,E01007638,650,186,42,144,464,408,56
2021,Doncaster 003D,E01007639,995,228,78,150,767,644,123
2021,Doncaster 003E,E01007640,717,219,60,159,498,400,98
2021,Doncaster 003F,E01007641,688,188,43,145,500,415,85
2021,Doncaster 003G,E01007642,692,183,40,143,509,442,67
2021,Doncaster 022D,E01007643,624,234,56,178,390,345,45
2021,Doncaster 019A,E01007644,891,254,75,179,637,557,80
2021,Doncaster 019B,E01007646,785,180,68,112,605,531,74
2021,Doncaster 019C,E01007647,797,227,68,159,570,496,74
2021,Doncaster 019E,E01007649,739,206,62,144,533,461,72
2021,Doncaster 015B,E01007650,768,220,61,159,548,475,73
2021,Doncaster 015C,E01007651,831,256,75,181,575,522,53
2021,Doncaster 015D,E01007652,863,270,75,195,593,524,69
2021,Doncaster 015E,E01007653,795,249,72,177,546,483,63
2021,Doncaster 019F,E01007654,761,225,76,149,536,479,57
2021,Doncaster 022F,E01007655,1029,261,74,187,768,687,81
2021,Doncaster 015F,E01007656,668,232,66,166,436,380,56
2021,Rotherham 029A,E01007657,646,175,48,127,471,416,55
2021,Rotherham 032A,E01007658,740,202,55,147,538,456,82
2021,Rotherham 029B,E01007659,512,143,42,101,369,301,68
2021,Rotherham 032B,E01007660,524,163,48,115,361,320,41
2021,Rotherham 032C,E01007661,697,216,81,135,481,389,92
2021,Rotherham 032D,E01007662,403,133,38,95,270,243,27
2021,Rotherham 032E,E01007663,613,198,56,142,415,350,65
2021,Rotherham 032F,E01007664,804,238,87,151,566,471,95
2021,Rotherham 026A,E01007666,576,195,68,127,381,331,50
2021,Rotherham 030A,E01007667,739,225,55,170,514,445,69
2021,Rotherham 030B,E01007668,543,189,39,150,354,314,40
2021,Rotherham 030C,E01007669,602,191,47,144,411,365,46
2021,Rotherham 030D,E01007670,727,235,72,163,492,423,69
2021,Rotherham 031A,E01007671,1066,298,76,222,768,669,99
2021,Rotherham 030E,E01007672,686,230,72,158,456,388,68
2021,Rotherham 030F,E01007673,653,175,37,138,478,411,67
2021,Rotherham 031B,E01007674,1113,312,78,234,801,697,104
2021,Rotherham 023A,E01007675,781,275,82,193,506,440,66
2021,Rotherham 025A,E01007676,676,227,66,161,449,395,54
2021,Rotherham 017A,E01007677,589,189,66,123,400,347,53
2021,Rotherham 023B,E01007678,672,198,71,127,474,384,90
2021,Rotherham 023C,E01007679,743,244,82,162,499,453,46
2021,Rotherham 023D,E01007680,732,262,89,173,470,405,65
2021,Rotherham 012A,E01007681,483,141,49,92,342,289,53
2021,Rotherham 019A,E01007682,625,161,46,115,464,416,48
2021,Rotherham 019B,E01007683,568,187,54,133,381,318,63
2021,Rotherham 034A,E01007684,957,244,75,169,713,623,90
2021,Rotherham 018A,E01007685,690,181,43,138,509,450,59
2021,Rotherham 019C,E01007686,517,162,42,120,355,306,49
2021,Rotherham 034C,E01007687,723,207,69,138,516,426,90
2021,Rotherham 019D,E01007688,666,197,59,138,469,399,70
2021,Rotherham 034B,E01007689,767,199,64,135,568,480,88
2021,Rotherham 034E,E01007690,768,212,68,144,556,454,102
2021,Rotherham 012B,E01007691,957,290,90,200,667,543,124
2021,Rotherham 012C,E01007692,741,214,62,152,527,454,73
2021,Rotherham 001B,E01007694,827,249,63,186,578,504,74
2021,Rotherham 001C,E01007695,1437,401,110,291,1036,868,168
2021,Rotherham 007A,E01007696,682,229,72,157,453,367,86
2021,Rotherham 001D,E01007697,672,213,57,156,459,402,57
2021,Rotherham 001E,E01007698,722,198,62,136,524,462,62
2021,Rotherham 027B,E01007699,1468,344,112,232,1124,977,147
2021,Rotherham 027C,E01007700,1070,250,60,190,820,704,116
2021,Rotherham 027D,E01007701,719,171,33,138,548,451,97
2021,Rotherham 025B,E01007702,778,215,62,153,563,513,50
2021,Rotherham 025C,E01007703,570,174,48,126,396,344,52
2021,Rotherham 025D,E01007704,780,226,64,162,554,486,68
2021,Rotherham 025E,E01007705,736,217,63,154,519,460,59
2021,Rotherham 027E,E01007706,676,215,49,166,461,414,47
2021,Rotherham 025F,E01007707,673,208,57,151,465,400,65
2021,Rotherham 021A,E01007708,619,214,50,164,405,345,60
2021,Rotherham 021B,E01007709,734,237,77,160,497,434,63
2021,Rotherham 021C,E01007710,728,211,62,149,517,430,87
2021,Rotherham 021D,E01007711,804,247,68,179,557,474,83
2021,Rotherham 023E,E01007712,899,293,82,211,606,526,80
2021,Rotherham 023F,E01007713,686,216,59,157,470,406,64
2021,Rotherham 017B,E01007714,894,252,73,179,642,560,82
2021,Rotherham 016A,E01007715,567,209,63,146,358,332,26
2021,Rotherham 016B,E01007716,620,234,73,161,386,340,46
2021,Rotherham 016C,E01007717,831,262,90,172,569,492,77
2021,Rotherham 016D,E01007718,651,197,67,130,454,399,55
2021,Rotherham 010A,E01007719,446,169,40,129,277,235,42
2021,Rotherham 010B,E01007720,700,194,61,133,506,418,88
2021,Rotherham 010C,E01007721,665,187,44,143,478,422,56
2021,Rotherham 013A,E01007723,552,168,43,125,384,324,60
2021,Rotherham 021E,E01007724,670,203,58,145,467,398,69
2021,Rotherham 019E,E01007725,636,199,62,137,437,360,77
2021,Rotherham 019F,E01007726,575,179,51,128,396,360,36
2021,Rotherham 010D,E01007727,547,190,48,142,357,312,45
2021,Rotherham 009A,E01007728,530,150,43,107,380,321,59
2021,Rotherham 009B,E01007729,557,175,34,141,382,343,39
2021,Rotherham 009C,E01007730,587,171,49,122,416,372,44
2021,Rotherham 009D,E01007731,523,173,45,128,350,308,42
2021,Rotherham 009E,E01007732,521,177,45,132,344,311,33
2021,Rotherham 009F,E01007733,524,154,48,106,370,326,44
2021,Rotherham 021F,E01007734,603,203,57,146,400,354,46
2021,Rotherham 013B,E01007735,494,181,48,133,313,274,39
2021,Rotherham 014A,E01007736,498,168,43,125,330,295,35
2021,Rotherham 013C,E01007737,578,186,65,121,392,336,56
2021,Rotherham 013D,E01007738,541,193,64,129,348,310,38
2021,Rotherham 013E,E01007739,499,180,46,134,319,286,33
2021,Rotherham 011A,E01007740,612,184,44,140,428,385,43
2021,Rotherham 015A,E01007741,667,199,53,146,468,419,49
2021,Rotherham 015B,E01007742,648,221,57,164,427,380,47
2021,Rotherham 015C,E01007743,597,187,47,140,410,341,69
2021,Rotherham 015D,E01007744,689,182,41,141,507,453,54
2021,Rotherham 015E,E01007745,702,225,64,161,477,415,62
2021,Rotherham 015F,E01007746,713,206,64,142,507,458,49
2021,Rotherham 031C,E01007747,569,155,34,121,414,358,56
2021,Rotherham 033A,E01007748,589,180,58,122,409,331,78
2021,Rotherham 033B,E01007749,928,276,84,192,652,543,109
2021,Rotherham 031D,E01007750,751,229,77,152,522,429,93
2021,Rotherham 033C,E01007751,1202,321,87,234,881,763,118
2021,Rotherham 033D,E01007752,735,210,54,156,525,428,97
2021,Rotherham 033E,E01007753,746,236,88,148,510,426,84
2021,Rotherham 018B,E01007754,744,203,51,152,541,468,73
2021,Rotherham 018C,E01007755,646,167,37,130,479,396,83
2021,Rotherham 018D,E01007756,679,200,56,144,479,383,96
2021,Rotherham 020A,E01007757,735,216,51,165,519,446,73
2021,Rotherham 020B,E01007758,662,170,51,119,492,414,78
2021,Rotherham 020C,E01007759,592,192,46,146,400,344,56
2021,Rotherham 020D,E01007760,648,165,47,118,483,429,54
2021,Rotherham 018E,E01007761,692,195,50,145,497,426,71
2021,Rotherham 018F,E01007762,641,171,50,121,470,396,74
2021,Rotherham 020E,E01007763,613,178,56,122,435,367,68
2021,Rotherham 020F,E01007764,601,192,65,127,409,349,60
2021,Rotherham 014B,E01007765,637,209,53,156,428,394,34
2021,Rotherham 014C,E01007766,530,191,42,149,339,294,45
2021,Rotherham 017C,E01007767,629,205,69,136,424,375,49
2021,Rotherham 014D,E01007768,639,221,71,150,418,376,42
2021,Rotherham 017D,E01007769,443,183,59,124,260,228,32
2021,Rotherham 014E,E01007770,699,251,77,174,448,398,50
2021,Rotherham 006A,E01007771,630,182,41,141,448,407,41
2021,Rotherham 006B,E01007772,606,198,46,152,408,351,57
2021,Rotherham 006C,E01007773,646,175,45,130,471,427,44
2021,Rotherham 006D,E01007774,670,191,57,134,479,418,61
2021,Rotherham 008A,E01007775,440,149,42,107,291,254,37
2021,Rotherham 008B,E01007776,646,207,60,147,439,388,51
2021,Rotherham 004A,E01007777,1078,275,70,205,803,686,117
2021,Rotherham 005A,E01007778,688,201,65,136,487,402,85
2021,Rotherham 005B,E01007779,947,265,58,207,682,588,94
2021,Rotherham 005C,E01007780,634,191,41,150,443,405,38
2021,Rotherham 005D,E01007781,638,192,45,147,446,391,55
2021,Rotherham 005E,E01007782,605,180,48,132,425,385,40
2021,Rotherham 008C,E01007783,654,208,55,153,446,395,51
2021,Rotherham 008D,E01007784,786,210,76,134,576,517,59
2021,Rotherham 029C,E01007785,632,178,54,124,454,388,66
2021,Rotherham 029D,E01007786,506,159,51,108,347,294,53
2021,Rotherham 028B,E01007788,683,194,62,132,489,397,92
2021,Rotherham 028C,E01007789,633,212,70,142,421,359,62
2021,Rotherham 029E,E01007790,586,176,66,110,410,359,51
2021,Rotherham 029F,E01007791,587,154,41,113,433,371,62
2021,Rotherham 028D,E01007792,669,215,64,151,454,386,68
2021,Rotherham 004B,E01007793,625,209,53,156,416,361,55
2021,Rotherham 004C,E01007794,500,166,57,109,334,299,35
2021,Rotherham 004D,E01007795,583,168,53,115,415,361,54
2021,Rotherham 003A,E01007796,436,143,42,101,293,262,31
2021,Rotherham 003B,E01007797,530,160,36,124,370,331,39
2021,Rotherham 003C,E01007798,790,241,62,179,549,482,67
2021,Rotherham 003D,E01007799,610,196,43,153,414,348,66
2021,Rotherham 003E,E01007800,723,198,63,135,525,454,71
2021,Rotherham 007B,E01007801,782,214,64,150,568,467,101
2021,Rotherham 007C,E01007802,606,194,59,135,412,355,57
2021,Rotherham 007D,E01007803,599,165,41,124,434,381,53
2021,Rotherham 011B,E01007804,532,181,44,137,351,312,39
2021,Rotherham 011C,E01007805,601,187,53,134,414,374,40
2021,Rotherham 011D,E01007806,608,222,47,175,386,342,44
2021,Rotherham 011E,E01007807,673,213,56,157,460,389,71
2021,Rotherham 007E,E01007808,664,199,55,144,465,405,60
2021,Rotherham 026B,E01007809,614,178,50,128,436,369,67
2021,Rotherham 026C,E01007810,1418,368,108,260,1050,892,158
2021,Rotherham 034D,E01007811,607,198,47,151,409,350,59
2021,Rotherham 034F,E01007812,503,154,47,107,349,304,45
2021,Rotherham 026D,E01007815,701,186,62,124,515,427,88
2021,Rotherham 002A,E01007816,739,233,56,177,506,429,77
2021,Rotherham 002B,E01007817,620,193,70,123,427,376,51
2021,Rotherham 003F,E01007818,770,223,70,153,547,467,80
2021,Rotherham 002C,E01007819,652,193,63,130,459,389,70
2021,Rotherham 002D,E01007820,863,229,56,173,634,582,52
2021,Rotherham 002E,E01007821,646,202,56,146,444,367,77
2021,Rotherham 002F,E01007822,663,208,61,147,455,400,55
2021,Sheffield 069A,E01007823,766,255,67,188,511,445,66
2021,Sheffield 066A,E01007824,667,191,44,147,476,410,66
2021,Sheffield 066B,E01007825,612,201,65,136,411,353,58
2021,Sheffield 066C,E01007826,787,252,73,179,535,454,81
2021,Sheffield 064A,E01007827,932,301,95,206,631,558,73
2021,Sheffield 059A,E01007828,859,278,85,193,581,520,61
2021,Sheffield 059B,E01007829,897,257,77,180,640,583,57
2021,Sheffield 064B,E01007830,658,216,72,144,442,392,50
2021,Sheffield 059C,E01007831,823,229,65,164,594,518,76
2021,Sheffield 059D,E01007832,848,254,77,177,594,532,62
2021,Sheffield 064C,E01007833,683,216,59,157,467,424,43
2021,Sheffield 066D,E01007834,741,236,68,168,505,443,62
2021,Sheffield 062A,E01007835,640,201,69,132,439,403,36
2021,Sheffield 062B,E01007836,767,234,60,174,533,468,65
2021,Sheffield 076A,E01007838,743,222,50,172,521,461,60
2021,Sheffield 076B,E01007839,937,279,63,216,658,588,70
2021,Sheffield 076C,E01007841,807,249,61,188,558,491,67
2021,Sheffield 076D,E01007842,736,216,48,168,520,451,69
2021,Sheffield 062C,E01007843,743,242,56,186,501,440,61
2021,Sheffield 062D,E01007846,708,195,61,134,513,466,47
2021,Sheffield 014A,E01007847,504,154,40,114,350,316,34
2021,Sheffield 013A,E01007848,620,232,66,166,388,355,33
2021,Sheffield 010A,E01007849,832,281,92,189,551,497,54
2021,Sheffield 014B,E01007850,672,217,57,160,455,398,57
2021,Sheffield 013B,E01007851,541,215,72,143,326,291,35
2021,Sheffield 014C,E01007852,766,235,61,174,531,462,69
2021,Sheffield 014D,E01007853,867,242,70,172,625,566,59
2021,Sheffield 014E,E01007854,615,211,57,154,404,373,31
2021,Sheffield 014F,E01007855,764,250,70,180,514,467,47
2021,Sheffield 007A,E01007856,591,206,49,157,385,339,46
2021,Sheffield 010B,E01007857,623,233,49,184,390,350,40
2021,Sheffield 038A,E01007858,687,215,72,143,472,384,88
2021,Sheffield 038B,E01007861,711,230,95,135,481,362,119
2021,Sheffield 038C,E01007862,680,359,247,112,321,249,72
2021,Sheffield 036C,E01007863,719,244,100,144,475,409,66
2021,Sheffield 036D,E01007864,672,384,220,164,288,266,22
2021,Sheffield 038D,E01007865,897,281,96,185,616,504,112
2021,Sheffield 030A,E01007866,645,259,149,110,386,334,52
2021,Sheffield 030B,E01007867,694,326,205,121,368,332,36
2021,Sheffield 030C,E01007868,592,193,92,101,399,333,66
2021,Sheffield 020A,E01007869,520,230,68,162,290,269,21
2021,Sheffield 019A,E01007870,660,243,71,172,417,362,55
2021,Sheffield 019B,E01007871,724,298,80,218,426,396,30
2021,Sheffield 020B,E01007872,647,263,90,173,384,333,51
2021,Sheffield 020C,E01007873,699,280,68,212,419,389,30
2021,Sheffield 022A,E01007874,567,244,87,157,323,287,36
2021,Sheffield 022B,E01007875,510,233,69,164,277,249,28
2021,Sheffield 075A,E01007878,469,194,53,141,275,249,26
2021,Sheffield 075B,E01007879,684,205,75,130,479,436,43
2021,Sheffield 075C,E01007881,713,232,74,158,481,433,48
2021,Sheffield 075D,E01007882,795,269,62,207,526,480,46
2021,Sheffield 027A,E01007883,580,283,83,200,297,272,25
2021,Sheffield 075E,E01007885,688,258,75,183,430,387,43
2021,Sheffield 075F,E01007886,549,232,49,183,317,293,24
2021,Sheffield 004A,E01007887,705,202,48,154,503,433,70
2021,Sheffield 003A,E01007888,691,222,61,161,469,403,66
2021,Sheffield 004B,E01007889,1487,429,140,289,1058,927,131
2021,Sheffield 004C,E01007890,659,207,57,150,452,388,64
2021,Sheffield 004D,E01007891,651,190,56,134,461,402,59
2021,Sheffield 003B,E01007892,511,162,43,119,349,315,34
2021,Sheffield 003C,E01007893,693,211,61,150,482,427,55
2021,Sheffield 004E,E01007894,689,193,57,136,496,444,52
2021,Sheffield 004F,E01007895,625,174,53,121,451,398,53
2021,Sheffield 004G,E01007896,598,178,52,126,420,379,41
2021,Sheffield 005A,E01007897,550,160,38,122,390,346,44
2021,Sheffield 003D,E01007898,807,230,58,172,577,521,56
2021,Sheffield 003E,E01007899,600,186,59,127,414,368,46
2021,Sheffield 003F,E01007900,752,228,57,171,524,481,43
2021,Sheffield 003G,E01007901,510,188,45,143,322,284,38
2021,Sheffield 027B,E01007902,513,205,58,147,308,281,27
2021,Sheffield 018A,E01007903,593,225,71,154,368,333,35
2021,Sheffield 018B,E01007904,453,207,58,149,246,229,17
2021,Sheffield 027C,E01007905,586,250,71,179,336,312,24
2021,Sheffield 027D,E01007906,835,370,104,266,465,418,47
2021,Sheffield 032A,E01007907,685,258,80,178,427,391,36
2021,Sheffield 032B,E01007908,767,225,54,171,542,490,52
2021,Sheffield 032C,E01007909,1422,371,95,276,1051,947,104
2021,Sheffield 037A,E01007910,742,260,67,193,482,419,63
2021,Sheffield 032D,E01007911,698,226,68,158,472,419,53
2021,Sheffield 037B,E01007912,682,224,51,173,458,419,39
2021,Sheffield 018C,E01007913,481,157,48,109,324,296,28
2021,Sheffield 018D,E01007914,547,208,69,139,339,316,23
2021,Sheffield 071A,E01007915,703,212,64,148,491,426,65
2021,Sheffield 069B,E01007916,580,214,57,157,366,324,42
2021,Sheffield 071B,E01007917,559,173,59,114,386,330,56
2021,Sheffield 071C,E01007918,770,261,83,178,509,409,100
2021,Sheffield 069C,E01007919,622,247,62,185,375,346,29
2021,Sheffield 068A,E01007920,683,225,89,136,458,342,116
2021,Sheffield 068B,E01007921,717,264,98,166,453,364,89
2021,Sheffield 071D,E01007922,667,221,65,156,446,383,63
2021,Sheffield 068C,E01007923,816,268,76,192,548,447,101
2021,Sheffield 071E,E01007924,712,233,75,158,479,438,41
2021,Sheffield 068D,E01007925,808,271,95,176,537,448,89
2021,Sheffield 068E,E01007926,764,277,114,163,487,377,110
2021,Sheffield 055A,E01007927,646,233,84,149,413,334,79
2021,Sheffield 055B,E01007928,725,242,92,150,483,388,95
2021,Sheffield 055C,E01007929,935,270,99,171,665,554,111
2021,Sheffield 055D,E01007930,656,230,71,159,426,326,100
2021,Sheffield 047A,E01007931,704,234,74,160,470,375,95
2021,Sheffield 055E,E01007932,659,180,59,121,479,395,84
2021,Sheffield 068F,E01007933,729,239,112,127,490,362,128
2021,Sheffield 047B,E01007934,739,241,65,176,498,432,66
2021,Sheffield 047C,E01007935,795,209,64,145,586,524,62
2021,Sheffield 047D,E01007936,985,292,94,198,693,594,99
2021,Sheffield 047E,E01007937,723,236,64,172,487,411,76
2021,Sheffield 047F,E01007938,710,229,61,168,481,408,73
2021,Sheffield 055F,E01007939,743,264,93,171,479,399,80
2021,Sheffield 022E,E01007940,465,197,65,132,268,240,28
2021,Sheffield 015A,E01007941,580,224,51,173,356,334,22
2021,Sheffield 020D,E01007942,622,213,77,136,409,381,28
2021,Sheffield 019C,E01007943,626,233,52,181,393,363,30
2021,Sheffield 015B,E01007945,612,217,50,167,395,359,36
2021,Sheffield 015C,E01007946,580,220,44,176,360,334,26
2021,Sheffield 013C,E01007947,460,152,45,107,308,283,25
2021,Sheffield 013D,E01007948,527,217,61,156,310,275,35
2021,Sheffield 020E,E01007949,459,175,64,111,284,264,20
2021,Sheffield 015D,E01007950,641,262,73,189,379,350,29
2021,Sheffield 029A,E01007951,797,239,67,172,558,491,67
2021,Sheffield 033A,E01007952,724,216,72,144,508,440,68
2021,Sheffield 033B,E01007953,563,177,60,117,386,322,64
2021,Sheffield 033C,E01007954,784,261,93,168,523,457,66
2021,Sheffield 041A,E01007955,598,202,70,132,396,309,87
2021,Sheffield 041B,E01007956,949,300,114,186,649,486,163
2021,Sheffield 041C,E01007957,754,254,76,178,500,426,74
2021,Sheffield 041D,E01007958,597,205,72,133,392,307,85
2021,Sheffield 041E,E01007959,643,230,60,170,413,347,66
2021,Sheffield 029B,E01007960,825,247,90,157,578,502,76
2021,Sheffield 033D,E01007961,714,241,75,166,473,412,61
2021,Sheffield 029C,E01007962,623,169,69,100,454,411,43
2021,Sheffield 045A,E01007963,644,201,53,148,443,393,50
2021,Sheffield 049A,E01007964,715,199,39,160,516,470,46
2021,Sheffield 044A,E01007965,641,216,64,152,425,388,37
2021,Sheffield 049B,E01007966,736,234,67,167,502,435,67
2021,Sheffield 045B,E01007967,784,268,77,191,516,462,54
2021,Sheffield 049C,E01007968,545,186,57,129,359,320,39
2021,Sheffield 044B,E01007969,739,207,44,163,532,470,62
2021,Sheffield 049D,E01007970,453,134,28,106,319,285,34
2021,Sheffield 037C,E01007971,654,209,51,158,445,393,52
2021,Sheffield 044C,E01007972,711,191,49,142,520,463,57
2021,Sheffield 037D,E01007973,773,223,47,176,550,482,68
2021,Sheffield 044D,E01007974,754,215,51,164,539,491,48
2021,Sheffield 051A,E01007975,679,228,55,173,451,410,41
2021,Sheffield 051B,E01007976,590,196,52,144,394,353,41
2021,Sheffield 051C,E01007977,529,206,44,162,323,277,46
2021,Sheffield 053A,E01007978,937,319,82,237,618,556,62
2021,Sheffield 051D,E01007979,468,178,45,133,290,263,27
2021,Sheffield 053B,E01007980,829,283,76,207,546,499,47
2021,Sheffield 053C,E01007981,777,246,67,179,531,474,57
2021,Sheffield 054A,E01007982,716,253,70,183,463,408,55
2021,Sheffield 053D,E01007983,855,251,72,179,604,539,65
2021,Sheffield 064D,E01007984,725,225,67,158,500,444,56
2021,Sheffield 053E,E01007985,791,253,88,165,538,474,64
2021,Sheffield 059E,E01007986,801,223,65,158,578,514,64
2021,Sheffield 016A,E01007987,778,234,73,161,544,471,73
2021,Sheffield 016B,E01007988,730,226,54,172,504,448,56
2021,Sheffield 016C,E01007989,764,218,59,159,546,485,61
2021,Sheffield 021A,E01007990,632,213,58,155,419,374,45
2021,Sheffield 016D,E01007991,658,218,59,159,440,401,39
2021,Sheffield 021B,E01007992,874,253,65,188,621,567,54
2021,Sheffield 021C,E01007993,742,233,54,179,509,469,40
2021,Sheffield 021D,E01007994,799,249,67,182,550,494,56
2021,Sheffield 017A,E01007995,915,242,68,174,673,626,47
2021,Sheffield 021E,E01007996,872,249,73,176,623,556,67
2021,Sheffield 025A,E01007997,760,248,63,185,512,460,52
2021,Sheffield 025B,E01007998,616,185,44,141,431,392,39
2021,Sheffield 045C,E01007999,598,171,37,134,427,385,42
2021,Sheffield 052A,E01008000,674,183,44,139,491,444,47
2021,Sheffield 052B,E01008001,711,215,65,150,496,437,59
2021,Sheffield 054B,E01008002,760,243,67,176,517,473,44
2021,Sheffield 054C,E01008003,666,204,55,149,462,411,51
2021,Sheffield 052C,E01008004,711,213,55,158,498,448,50
2021,Sheffield 052D,E01008005,714,227,61,166,487,438,49
2021,Sheffield 054D,E01008006,658,219,60,159,439,395,44
2021,Sheffield 060A,E01008007,661,231,71,160,430,386,44
2021,Sheffield 045D,E01008008,670,211,44,167,459,417,42
2021,Sheffield 045E,E01008009,565,202,45,157,363,325,38
2021,Sheffield 052E,E01008010,628,188,58,130,440,389,51
2021,Sheffield 039A,E01008011,685,228,66,162,457,413,44
2021,Sheffield 039B,E01008012,906,281,86,195,625,562,63
2021,Sheffield 039C,E01008013,961,266,78,188,695,610,85
2021,Sheffield 032E,E01008014,635,224,59,165,411,373,38
2021,Sheffield 039D,E01008015,630,198,74,124,432,370,62
2021,Sheffield 032F,E01008016,623,192,52,140,431,394,37
2021,Sheffield 039E,E01008017,534,199,61,138,335,300,35
2021,Sheffield 039F,E01008018,640,230,70,160,410,365,45
2021,Sheffield 065A,E01008019,824,264,70,194,560,507,53
2021,Sheffield 065B,E01008020,578,174,37,137,404,363,41
2021,Sheffield 072A,E01008021,729,239,77,162,490,409,81
2021,Sheffield 065C,E01008022,508,172,57,115,336,309,27
2021,Sheffield 072B,E01008023,1405,356,86,270,1049,913,136
2021,Sheffield 072C,E01008024,1119,329,108,221,790,685,105
2021,Sheffield 072D,E01008025,995,272,86,186,723,618,105
2021,Sheffield 065D,E01008027,647,180,50,130,467,418,49
2021,Sheffield 056A,E01008028,772,242,65,177,530,469,61
2021,Sheffield 056B,E01008029,670,225,65,160,445,396,49
2021,Sheffield 063A,E01008030,694,210,60,150,484,434,50
2021,Sheffield 061A,E01008031,673,206,45,161,467,417,50
2021,Sheffield 056C,E01008032,650,193,54,139,457,412,45
2021,Sheffield 061B,E01008033,518,166,46,120,352,313,39
2021,Sheffield 056D,E01008034,814,249,58,191,565,491,74
2021,Sheffield 063B,E01008035,589,184,47,137,405,371,34
2021,Sheffield 063C,E01008036,774,214,69,145,560,504,56
2021,Sheffield 065E,E01008037,451,133,45,88,318,289,29
2021,Sheffield 061C,E01008038,595,186,58,128,409,367,42
2021,Sheffield 065F,E01008039,488,163,49,114,325,294,31
2021,Sheffield 061D,E01008040,803,218,70,148,585,503,82
2021,Sheffield 063D,E01008041,740,218,65,153,522,476,46
2021,Sheffield 050A,E01008042,871,292,108,184,579,509,70
2021,Sheffield 046A,E01008043,833,282,98,184,551,451,100
2021,Sheffield 046B,E01008044,761,272,84,188,489,421,68
2021,Sheffield 050B,E01008045,643,215,75,140,428,378,50
2021,Sheffield 050C,E01008046,893,272,80,192,621,562,59
2021,Sheffield 046C,E01008047,777,264,114,150,513,454,59
2021,Sheffield 046D,E01008048,857,257,103,154,600,510,90
2021,Sheffield 050D,E01008049,717,220,79,141,497,417,80
2021,Sheffield 046E,E01008050,903,221,76,145,682,596,86
2021,Sheffield 050E,E01008051,860,288,95,193,572,513,59
2021,Sheffield 050F,E01008052,930,267,92,175,663,583,80
2021,Sheffield 006A,E01008053,533,187,47,140,346,306,40
2021,Sheffield 007B,E01008054,547,193,54,139,354,311,43
2021,Sheffield 007C,E01008055,632,242,57,185,390,351,39
2021,Sheffield 006B,E01008056,659,208,52,156,451,412,39
2021,Sheffield 007D,E01008057,656,234,53,181,422,377,45
2021,Sheffield 006C,E01008058,836,242,61,181,594,533,61
2021,Sheffield 010C,E01008059,644,229,54,175,415,363,52
2021,Sheffield 010D,E01008060,570,203,50,153,367,344,23
2021,Sheffield 011A,E01008061,649,233,58,175,416,382,34
2021,Sheffield 013E,E01008062,495,215,56,159,280,256,24
2021,Sheffield 011B,E01008063,581,201,43,158,380,347,33
2021,Sheffield 028A,E01008064,776,243,107,136,533,484,49
2021,Sheffield 026A,E01008065,603,223,74,149,380,339,41
2021,Sheffield 028B,E01008066,484,242,154,88,242,214,28
2021,Sheffield 030D,E01008067,518,315,214,101,203,180,23
2021,Sheffield 026B,E01008068,528,247,120,127,281,254,27
2021,Sheffield 028C,E01008069,626,219,123,96,407,373,34
2021,Sheffield 026C,E01008072,623,227,76,151,396,355,41
2021,Sheffield 030E,E01008073,634,241,97,144,393,353,40
2021,Sheffield 028D,E01008074,724,220,76,144,504,453,51
2021,Sheffield 060B,E01008075,480,165,50,115,315,291,24
2021,Sheffield 060C,E01008076,483,151,53,98,332,305,27
2021,Sheffield 060D,E01008077,650,223,54,169,427,376,51
2021,Sheffield 064E,E01008078,661,227,83,144,434,361,73
2021,Sheffield 064F,E01008079,550,182,44,138,368,330,38
2021,Sheffield 069D,E01008080,633,197,61,136,436,370,66
2021,Sheffield 070A,E01008081,654,249,67,182,405,357,48
2021,Sheffield 070B,E01008082,589,203,48,155,386,350,36
2021,Sheffield 070C,E01008083,567,201,52,149,366,323,43
2021,Sheffield 070D,E01008084,520,205,62,143,315,286,29
2021,Sheffield 009A,E01008085,546,189,42,147,357,324,33
2021,Sheffield 009B,E01008086,585,198,50,148,387,337,50
2021,Sheffield 012A,E01008087,767,230,67,163,537,483,54
2021,Sheffield 012B,E01008088,682,200,49,151,482,442,40
2021,Sheffield 017B,E01008089,724,241,75,166,483,436,47
2021,Sheffield 012C,E01008090,603,254,61,193,349,314,35
2021,Sheffield 017C,E01008091,850,240,56,184,610,563,47
2021,Sheffield 012D,E01008092,506,166,38,128,340,313,27
2021,Sheffield 017D,E01008093,793,219,59,160,574,539,35
2021,Sheffield 019D,E01008094,448,158,40,118,290,253,37
2021,Sheffield 043A,E01008095,918,251,91,160,667,606,61
2021,Sheffield 043B,E01008096,999,355,100,255,644,599,45
2021,Sheffield 043C,E01008097,573,205,68,137,368,330,38
2021,Sheffield 048A,E01008098,575,207,55,152,368,320,48
2021,Sheffield 051E,E01008099,861,240,70,170,621,555,66
2021,Sheffield 048B,E01008100,496,186,59,127,310,284,26
2021,Sheffield 043D,E01008101,787,271,75,196,516,467,49
2021,Sheffield 048C,E01008102,435,151,36,115,284,254,30
2021,Sheffield 048D,E01008103,408,159,35,124,249,222,27
2021,Sheffield 036E,E01008104,511,213,118,95,298,239,59
2021,Sheffield 040A,E01008105,935,473,231,242,462,412,50
2021,Sheffield 040C,E01008107,579,260,102,158,319,287,32
2021,Sheffield 042A,E01008108,908,339,146,193,569,512,57
2021,Sheffield 042B,E01008109,942,521,271,250,421,397,24
2021,Sheffield 040D,E01008111,705,268,133,135,437,372,65
2021,Sheffield 042D,E01008112,681,302,113,189,379,357,22
2021,Sheffield 042E,E01008113,871,301,117,184,570,513,57
2021,Sheffield 074A,E01008114,722,392,200,192,330,298,32
2021,Sheffield 074B,E01008115,543,308,171,137,235,210,25
2021,Sheffield 009C,E01008116,512,196,56,140,316,283,33
2021,Sheffield 009D,E01008117,822,240,49,191,582,515,67
2021,Sheffield 009E,E01008118,535,183,35,148,352,320,32
2021,Sheffield 009F,E01008119,512,160,39,121,352,313,39
2021,Sheffield 012E,E01008122,625,211,52,159,414,378,36
2021,Sheffield 015E,E01008123,522,203,59,144,319,289,30
2021,Sheffield 012F,E01008124,532,191,52,139,341,311,30
2021,Sheffield 009G,E01008125,672,216,63,153,456,401,55
2021,Sheffield 008A,E01008126,733,239,71,168,494,418,76
2021,Sheffield 008C,E01008128,950,315,102,213,635,481,154
2021,Sheffield 023A,E01008129,818,269,96,173,549,443,106
2021,Sheffield 023B,E01008130,705,225,69,156,480,406,74
2021,Sheffield 023C,E01008131,747,225,68,157,522,451,71
2021,Sheffield 023D,E01008132,666,227,73,154,439,392,47
2021,Sheffield 023E,E01008133,651,222,62,160,429,374,55
2021,Sheffield 005B,E01008134,560,169,55,114,391,336,55
2021,Sheffield 005C,E01008135,856,243,68,175,613,524,89
2021,Sheffield 008D,E01008136,588,189,65,124,399,342,57
2021,Sheffield 005D,E01008137,644,182,48,134,462,395,67
2021,Sheffield 006D,E01008138,498,160,37,123,338,294,44
2021,Sheffield 006E,E01008139,711,207,45,162,504,454,50
2021,Sheffield 008E,E01008140,924,280,71,209,644,551,93
2021,Sheffield 005E,E01008141,733,216,69,147,517,445,72
2021,Sheffield 002A,E01008142,675,206,66,140,469,412,57
2021,Sheffield 002B,E01008143,800,249,82,167,551,480,71
2021,Sheffield 001A,E01008144,970,270,75,195,700,595,105
2021,Sheffield 001B,E01008145,537,164,38,126,373,326,47
2021,Sheffield 002C,E01008146,597,177,43,134,420,362,58
2021,Sheffield 002D,E01008147,598,175,66,109,423,350,73
2021,Sheffield 001C,E01008148,605,216,58,158,389,336,53
2021,Sheffield 001D,E01008149,720,244,75,169,476,428,48
2021,Sheffield 001E,E01008150,637,212,65,147,425,379,46
2021,Sheffield 024A,E01008151,835,243,88,155,592,527,65
2021,Sheffield 025C,E01008152,699,217,59,158,482,432,50
2021,Sheffield 024B,E01008153,995,255,75,180,740,662,78
2021,Sheffield 024C,E01008154,852,256,76,180,596,508,88
2021,Sheffield 024D,E01008155,829,198,51,147,631,563,68
2021,Sheffield 024E,E01008156,834,248,75,173,586,533,53
2021,Sheffield 026D,E01008157,607,205,61,144,402,372,30
2021,Sheffield 025D,E01008158,620,215,62,153,405,366,39
2021,Sheffield 029D,E01008159,851,242,74,168,609,552,57
2021,Sheffield 024F,E01008160,714,198,59,139,516,465,51
2021,Sheffield 026E,E01008161,1008,233,67,166,775,713,62
2021,Gateshead 027A,E01008162,1325,311,109,202,1014,919,95
2021,Gateshead 028A,E01008163,830,345,82,263,485,440,45
2021,Gateshead 027B,E01008164,635,182,54,128,453,403,50
2021,Gateshead 011A,E01008165,572,214,53,161,358,322,36
2021,Gateshead 027C,E01008166,636,218,128,90,418,353,65
2021,Gateshead 008A,E01008167,658,243,68,175,415,381,34
2021,Gateshead 008C,E01008170,774,227,57,170,547,485,62
2021,Gateshead 026A,E01008172,720,185,50,135,535,487,48
2021,Gateshead 026B,E01008173,648,230,45,185,418,385,33
2021,Gateshead 026C,E01008174,925,249,67,182,676,585,91
2021,Gateshead 026D,E01008175,630,174,55,119,456,408,48
2021,Gateshead 026E,E01008176,641,170,45,125,471,416,55
2021,Gateshead 005A,E01008177,611,152,38,114,459,399,60
2021,Gateshead 004A,E01008178,892,193,64,129,699,628,71
2021,Gateshead 005B,E01008179,621,162,56,106,459,412,47
2021,Gateshead 004B,E01008180,490,166,50,116,324,296,28
2021,Gateshead 005C,E01008181,703,203,53,150,500,409,91
2021,Gateshead 004C,E01008182,771,211,57,154,560,495,65
2021,Gateshead 029B,E01008183,620,168,54,114,452,396,56
2021,Gateshead 022A,E01008184,581,164,58,106,417,350,67
2021,Gateshead 022B,E01008185,514,181,46,135,333,293,40
2021,Gateshead 029C,E01008186,724,205,59,146,519,461,58
2021,Gateshead 022C,E01008188,607,186,69,117,421,368,53
2021,Gateshead 023A,E01008189,483,157,37,120,326,289,37
2021,Gateshead 023B,E01008190,581,172,53,119,409,376,33
2021,Gateshead 023C,E01008191,580,161,44,117,419,378,41
2021,Gateshead 023D,E01008192,612,195,56,139,417,387,30
2021,Gateshead 020A,E01008193,559,162,52,110,397,352,45
2021,Gateshead 020B,E01008194,653,168,40,128,485,435,50
2021,Gateshead 002A,E01008195,973,296,93,203,677,571,106
2021,Gateshead 029A,E01008196,992,300,80,220,692,593,99
2021,Gateshead 002B,E01008197,865,198,60,138,667,585,82
2021,Gateshead 002C,E01008198,764,200,62,138,564,505,59
2021,Gateshead 002D,E01008199,641,172,65,107,469,431,38
2021,Gateshead 002E,E01008200,679,210,63,147,469,403,66
2021,Gateshead 011B,E01008201,544,196,47,149,348,303,45
2021,Gateshead 011C,E01008202,795,232,60,172,563,508,55
2021,Gateshead 028B,E01008203,701,215,59,156,486,439,47
2021,Gateshead 011D,E01008204,550,191,42,149,359,335,24
2021,Gateshead 028C,E01008205,662,153,42,111,509,427,82
2021,Gateshead 013A,E01008206,771,206,46,160,565,507,58
2021,Gateshead 013B,E01008207,648,179,57,122,469,416,53
2021,Gateshead 013C,E01008208,747,226,69,157,521,463,58
2021,Gateshead 007A,E01008209,950,250,82,168,700,628,72
2021,Gateshead 007B,E01008210,572,175,49,126,397,350,47
2021,Gateshead 013D,E01008211,755,202,54,148,553,488,65
2021,Gateshead 012A,E01008212,474,145,46,99,329,298,31
2021,Gateshead 012B,E01008213,627,195,53,142,432,394,38
2021,Gateshead 003A,E01008214,590,204,48,156,386,343,43
2021,Gateshead 003B,E01008215,611,175,46,129,436,394,42
2021,Gateshead 012C,E01008216,497,159,37,122,338,300,38
2021,Gateshead 023E,E01008217,648,198,54,144,450,406,44
2021,Gateshead 021A,E01008218,566,198,52,146,368,345,23
2021,Gateshead 016A,E01008219,803,236,72,164,567,517,50
2021,Gateshead 021B,E01008220,397,138,41,97,259,237,22
2021,Gateshead 021C,E01008221,737,244,62,182,493,460,33
2021,Gateshead 025A,E01008222,762,216,63,153,546,496,50
2021,Gateshead 025B,E01008223,640,225,71,154,415,378,37
2021,Gateshead 025C,E01008224,1354,312,106,206,1042,914,128
2021,Gateshead 021D,E01008225,683,182,58,124,501,443,58
2021,Gateshead 025D,E01008226,814,220,68,152,594,488,106
2021,Gateshead 021E,E01008227,559,206,59,147,353,327,26
2021,Gateshead 012D,E01008228,459,129,34,95,330,306,24
2021,Gateshead 018A,E01008229,467,125,25,100,342,306,36
2021,Gateshead 018B,E01008230,641,178,51,127,463,417,46
2021,Gateshead 015A,E01008231,591,209,53,156,382,352,30
2021,Gateshead 018C,E01008232,568,159,36,123,409,370,39
2021,Gateshead 018D,E01008233,572,143,46,97,429,380,49
2021,Gateshead 020C,E01008234,983,248,68,180,735,625,110
2021,Gateshead 016B,E01008235,695,191,48,143,504,446,58
2021,Gateshead 016C,E01008236,689,165,53,112,524,454,70
2021,Gateshead 016D,E01008237,802,213,54,159,589,503,86
2021,Gateshead 016E,E01008238,790,211,79,132,579,504,75
2021,Gateshead 020D,E01008239,729,202,65,137,527,450,77
2021,Gateshead 015B,E01008240,678,195,58,137,483,450,33
2021,Gateshead 015C,E01008241,673,175,47,128,498,424,74
2021,Gateshead 015D,E01008242,715,200,50,150,515,465,50
2021,Gateshead 003C,E01008243,672,157,37,120,515,459,56
2021,Gateshead 003D,E01008244,961,223,63,160,738,676,62
2021,Gateshead 002F,E01008245,618,183,47,136,435,380,55
2021,Gateshead 001A,E01008246,639,185,53,132,454,406,48
2021,Gateshead 001B,E01008247,637,197,61,136,440,393,47
2021,Gateshead 001C,E01008248,1505,362,104,258,1143,995,148
2021,Gateshead 001D,E01008249,557,176,61,115,381,340,41
2021,Gateshead 001E,E01008250,679,218,77,141,461,402,59
2021,Gateshead 010A,E01008251,932,266,94,172,666,601,65
2021,Gateshead 010B,E01008252,684,295,65,230,389,346,43
2021,Gateshead 010C,E01008253,699,205,54,151,494,437,57
2021,Gateshead 010D,E01008254,698,191,66,125,507,466,41
2021,Gateshead 010E,E01008255,1009,271,77,194,738,626,112
2021,Gateshead 019A,E01008256,776,225,58,167,551,494,57
2021,Gateshead 008E,E01008257,472,188,63,125,284,259,25
2021,Gateshead 007C,E01008258,1274,284,92,192,990,888,102
2021,Gateshead 007D,E01008259,856,279,75,204,577,503,74
2021,Gateshead 019B,E01008260,823,220,64,156,603,534,69
2021,Gateshead 019C,E01008261,581,183,52,131,398,357,41
2021,Gateshead 009A,E01008262,755,246,60,186,509,464,45
2021,Gateshead 009B,E01008263,607,193,65,128,414,369,45
2021,Gateshead 009C,E01008264,706,214,73,141,492,422,70
2021,Gateshead 009D,E01008265,673,175,36,139,498,430,68
2021,Gateshead 009E,E01008266,527,130,41,89,397,349,48
2021,Gateshead 017A,E01008267,563,163,51,112,400,328,72
2021,Gateshead 019D,E01008268,641,178,46,132,463,392,71
2021,Gateshead 017B,E01008269,630,166,52,114,464,398,66
2021,Gateshead 017C,E01008270,470,150,39,111,320,289,31
2021,Gateshead 017D,E01008271,582,189,47,142,393,339,54
2021,Gateshead 019E,E01008272,698,171,63,108,527,444,83
2021,Gateshead 019F,E01008273,719,191,50,141,528,470,58
2021,Gateshead 019G,E01008274,595,169,43,126,426,380,46
2021,Gateshead 017E,E01008275,617,185,66,119,432,370,62
2021,Gateshead 005D,E01008276,618,182,61,121,436,391,45
2021,Gateshead 004D,E01008277,639,196,51,145,443,397,46
2021,Gateshead 022D,E01008278,698,206,75,131,492,417,75
2021,Gateshead 005E,E01008279,570,170,40,130,400,349,51
2021,Gateshead 004E,E01008280,794,237,77,160,557,492,65
2021,Gateshead 015E,E01008281,584,176,40,136,408,369,39
2021,Gateshead 015F,E01008282,559,187,44,143,372,336,36
2021,Gateshead 014A,E01008283,574,158,52,106,416,379,37
2021,Gateshead 014B,E01008284,617,172,47,125,445,396,49
2021,Gateshead 018E,E01008285,536,162,38,124,374,339,35
2021,Gateshead 014C,E01008286,530,164,51,113,366,326,40
2021,Gateshead 014D,E01008287,1019,263,69,194,756,658,98
2021,Newcastle upon Tyne 027A,E01008288,587,191,58,133,396,354,42
2021,Newcastle upon Tyne 027B,E01008289,537,248,69,179,289,260,29
2021,Newcastle upon Tyne 027C,E01008290,726,232,64,168,494,429,65
2021,Newcastle upon Tyne 027D,E01008291,580,269,84,185,311,272,39
2021,Newcastle upon Tyne 027E,E01008292,634,186,49,137,448,401,47
2021,Newcastle upon Tyne 004A,E01008293,668,201,50,151,467,400,67
2021,Newcastle upon Tyne 033D,E01008294,616,186,52,134,430,396,34
2021,Newcastle upon Tyne 008A,E01008295,683,275,69,206,408,365,43
2021,Newcastle upon Tyne 011A,E01008296,550,173,49,124,377,331,46
2021,Newcastle upon Tyne 011B,E01008297,791,257,89,168,534,478,56
2021,Newcastle upon Tyne 011C,E01008298,961,299,79,220,662,589,73
2021,Newcastle upon Tyne 011D,E01008299,565,215,67,148,350,301,49
2021,Newcastle upon Tyne 016A,E01008300,867,258,72,186,609,552,57
2021,Newcastle upon Tyne 040D,E01008301,909,235,82,153,674,582,92
2021,Newcastle upon Tyne 035D,E01008302,574,205,56,149,369,341,28
2021,Newcastle upon Tyne 018A,E01008303,622,247,100,147,375,350,25
2021,Newcastle upon Tyne 040C,E01008305,753,305,108,197,448,416,32
2021,Newcastle upon Tyne 032A,E01008306,1150,311,100,211,839,739,100
2021,Newcastle upon Tyne 032B,E01008307,658,165,51,114,493,431,62
2021,Newcastle upon Tyne 002A,E01008309,790,244,84,160,546,453,93
2021,Newcastle upon Tyne 033A,E01008311,1098,307,96,211,791,661,130
2021,Newcastle upon Tyne 033B,E01008312,561,166,41,125,395,360,35
2021,Newcastle upon Tyne 033C,E01008313,582,186,52,134,396,347,49
2021,Newcastle upon Tyne 012A,E01008314,567,155,44,111,412,369,43
2021,Newcastle upon Tyne 012B,E01008315,750,207,55,152,543,454,89
2021,Newcastle upon Tyne 012C,E01008316,789,228,53,175,561,496,65
2021,Newcastle upon Tyne 007A,E01008317,716,197,60,137,519,443,76
2021,Newcastle upon Tyne 012D,E01008318,551,186,64,122,365,321,44
2021,Newcastle upon Tyne 007B,E01008319,917,295,88,207,622,502,120
2021,Newcastle upon Tyne 007C,E01008320,768,208,58,150,560,496,64
2021,Newcastle upon Tyne 007D,E01008321,796,181,68,113,615,513,102
2021,Newcastle upon Tyne 007E,E01008322,750,222,69,153,528,474,54
2021,Newcastle upon Tyne 007F,E01008323,938,210,53,157,728,641,87
2021,Newcastle upon Tyne 015A,E01008324,441,145,46,99,296,271,25
2021,Newcastle upon Tyne 015B,E01008325,517,197,46,151,320,299,21
2021,Newcastle upon Tyne 015C,E01008326,708,190,47,143,518,459,59
2021,Newcastle upon Tyne 015D,E01008327,437,164,41,123,273,258,15
2021,Newcastle upon Tyne 015E,E01008328,511,146,27,119,365,333,32
2021,Newcastle upon Tyne 015F,E01008329,696,227,58,169,469,408,61
2021,Newcastle upon Tyne 015G,E01008330,600,185,51,134,415,381,34
2021,Newcastle upon Tyne 041A,E01008331,601,333,109,224,268,249,19
2021,Newcastle upon Tyne 038E,E01008333,590,288,108,180,302,271,31
2021,Newcastle upon Tyne 038A,E01008334,785,368,129,239,417,396,21
2021,Newcastle upon Tyne 038D,E01008335,712,372,133,239,340,297,43
2021,Newcastle upon Tyne 003A,E01008336,571,181,49,132,390,356,34
2021,Newcastle upon Tyne 003B,E01008337,452,187,66,121,265,240,25
2021,Newcastle upon Tyne 003C,E01008338,506,169,49,120,337,312,25
2021,Newcastle upon Tyne 003D,E01008339,798,271,87,184,527,473,54
2021,Newcastle upon Tyne 003E,E01008340,619,256,80,176,363,342,21
2021,Newcastle upon Tyne 003F,E01008341,580,184,52,132,396,353,43
2021,Newcastle upon Tyne 003G,E01008342,614,173,48,125,441,399,42
2021,Newcastle upon Tyne 019A,E01008343,758,267,75,192,491,456,35
2021,Newcastle upon Tyne 019B,E01008344,676,215,61,154,461,414,47
2021,Newcastle upon Tyne 019C,E01008345,638,229,69,160,409,372,37
2021,Newcastle upon Tyne 019D,E01008346,468,166,46,120,302,274,28
2021,Newcastle upon Tyne 019E,E01008347,654,260,87,173,394,346,48
2021,Newcastle upon Tyne 019F,E01008348,428,194,59,135,234,204,30
2021,Newcastle upon Tyne 019G,E01008349,599,307,94,213,292,257,35
2021,Newcastle upon Tyne 019H,E01008350,801,245,66,179,556,498,58
2021,Newcastle upon Tyne 005A,E01008351,646,181,48,133,465,403,62
2021,Newcastle upon Tyne 002C,E01008352,669,176,47,129,493,441,52
2021,Newcastle upon Tyne 006A,E01008353,660,184,56,128,476,442,34
2021,Newcastle upon Tyne 005B,E01008354,793,192,57,135,601,508,93
2021,Newcastle upon Tyne 006B,E01008355,763,165,44,121,598,487,111
2021,Newcastle upon Tyne 006C,E01008356,576,164,49,115,412,340,72
2021,Newcastle upon Tyne 002D,E01008357,593,173,56,117,420,353,67
2021,Newcastle upon Tyne 002E,E01008358,975,193,73,120,782,711,71
2021,Newcastle upon Tyne 018B,E01008359,782,247,111,136,535,478,57
2021,Newcastle upon Tyne 018C,E01008360,1062,227,90,137,835,758,77
2021,Newcastle upon Tyne 018D,E01008361,891,263,92,171,628,567,61
2021,Newcastle upon Tyne 018E,E01008362,857,265,120,145,592,525,67
2021,Newcastle upon Tyne 012E,E01008363,821,202,57,145,619,548,71
2021,Newcastle upon Tyne 018F,E01008364,927,210,80,130,717,617,100
2021,Newcastle upon Tyne 012F,E01008365,820,239,78,161,581,481,100
2021,Newcastle upon Tyne 013A,E01008366,653,288,171,117,365,285,80
2021,Newcastle upon Tyne 017A,E01008367,859,304,169,135,555,466,89
2021,Newcastle upon Tyne 017B,E01008368,573,220,126,94,353,284,69
2021,Newcastle upon Tyne 013B,E01008369,718,307,186,121,411,322,89
2021,Newcastle upon Tyne 017C,E01008370,811,237,135,102,574,443,131
2021,Newcastle upon Tyne 013C,E01008371,604,167,64,103,437,324,113
2021,Newcastle upon Tyne 013D,E01008372,625,251,153,98,374,305,69
2021,Newcastle upon Tyne 013E,E01008373,693,332,213,119,361,321,40
2021,Newcastle upon Tyne 008B,E01008374,730,185,54,131,545,470,75
2021,Newcastle upon Tyne 008C,E01008375,614,211,68,143,403,350,53
2021,Newcastle upon Tyne 008D,E01008376,590,171,56,115,419,362,57
2021,Newcastle upon Tyne 008E,E01008377,971,325,96,229,646,576,70
2021,Newcastle upon Tyne 006D,E01008378,625,172,54,118,453,384,69
2021,Newcastle upon Tyne 008F,E01008379,612,203,63,140,409,355,54
2021,Newcastle upon Tyne 008G,E01008380,546,224,82,142,322,294,28
2021,Newcastle upon Tyne 021A,E01008381,761,204,59,145,557,487,70
2021,Newcastle upon Tyne 021B,E01008382,498,187,66,121,311,284,27
2021,Newcastle upon Tyne 021C,E01008383,630,193,44,149,437,406,31
2021,Newcastle upon Tyne 021D,E01008384,631,209,66,143,422,378,44
2021,Newcastle upon Tyne 021E,E01008385,600,178,59,119,422,386,36
2021,Newcastle upon Tyne 021F,E01008386,592,183,46,137,409,368,41
2021,Newcastle upon Tyne 021G,E01008387,605,182,57,125,423,372,51
2021,Newcastle upon Tyne 028A,E01008388,676,222,60,162,454,416,38
2021,Newcastle upon Tyne 028B,E01008389,615,230,60,170,385,324,61
2021,Newcastle upon Tyne 030A,E01008390,628,257,60,197,371,338,33
2021,Newcastle upon Tyne 035C,E01008391,527,201,68,133,326,294,32
2021,Newcastle upon Tyne 035A,E01008392,791,224,62,162,567,509,58
2021,Newcastle upon Tyne 022B,E01008396,571,305,125,180,266,237,29
2021,Newcastle upon Tyne 036B,E01008397,613,335,195,140,278,240,38
2021,Newcastle upon Tyne 022C,E01008398,553,263,98,165,290,269,21
2021,Newcastle upon Tyne 039A,E01008399,634,305,91,214,329,308,21
2021,Newcastle upon Tyne 014A,E01008400,717,235,83,152,482,421,61
2021,Newcastle upon Tyne 014B,E01008401,579,180,39,141,399,362,37
2021,Newcastle upon Tyne 014C,E01008402,644,198,59,139,446,402,44
2021,Newcastle upon Tyne 014D,E01008403,748,198,70,128,550,480,70
2021,Newcastle upon Tyne 014E,E01008404,769,192,54,138,577,519,58
2021,Newcastle upon Tyne 014F,E01008405,658,212,58,154,446,393,53
2021,Newcastle upon Tyne 037A,E01008406,1035,647,392,255,388,354,34
2021,Newcastle upon Tyne 034D,E01008407,978,523,308,215,455,419,36
2021,Newcastle upon Tyne 017D,E01008409,799,251,124,127,548,451,97
2021,Newcastle upon Tyne 034B,E01008410,876,431,281,150,445,393,52
2021,Newcastle upon Tyne 017E,E01008411,793,326,198,128,467,413,54
2021,Newcastle upon Tyne 034A,E01008412,875,308,141,167,567,492,75
2021,Newcastle upon Tyne 034C,E01008413,702,298,136,162,404,367,37
2021,Newcastle upon Tyne 025B,E01008415,476,166,49,117,310,282,28
2021,Newcastle upon Tyne 025C,E01008416,852,223,68,155,629,555,74
2021,Newcastle upon Tyne 005C,E01008418,899,231,85,146,668,505,163
2021,Newcastle upon Tyne 006E,E01008419,746,196,66,130,550,426,124
2021,Newcastle upon Tyne 005D,E01008420,602,174,80,94,428,329,99
2021,Newcastle upon Tyne 006F,E01008421,804,214,69,145,590,481,109
2021,Newcastle upon Tyne 005E,E01008422,773,208,90,118,565,464,101
2021,Newcastle upon Tyne 006G,E01008423,576,194,89,105,382,280,102
2021,Newcastle upon Tyne 005F,E01008424,812,176,59,117,636,540,96
2021,Newcastle upon Tyne 030B,E01008425,513,161,35,126,352,302,50
2021,Newcastle upon Tyne 028C,E01008426,560,227,77,150,333,291,42
2021,Newcastle upon Tyne 030C,E01008427,424,159,46,113,265,235,30
2021,Newcastle upon Tyne 030D,E01008428,531,183,68,115,348,319,29
2021,Newcastle upon Tyne 028D,E01008429,516,201,63,138,315,283,32
2021,Newcastle upon Tyne 020A,E01008430,590,169,43,126,421,382,39
2021,Newcastle upon Tyne 020B,E01008431,750,225,57,168,525,469,56
2021,Newcastle upon Tyne 035B,E01008432,661,213,53,160,448,409,39
2021,Newcastle upon Tyne 020C,E01008433,621,173,50,123,448,385,63
2021,Newcastle upon Tyne 020D,E01008434,689,210,62,148,479,419,60
2021,Newcastle upon Tyne 020E,E01008435,598,204,76,128,394,361,33
2021,Newcastle upon Tyne 020F,E01008436,663,214,79,135,449,416,33
2021,Newcastle upon Tyne 041C,E01008437,410,189,74,115,221,199,22
2021,Newcastle upon Tyne 041B,E01008438,684,277,95,182,407,369,38
2021,Newcastle upon Tyne 039D,E01008439,550,226,60,166,324,298,26
2021,Newcastle upon Tyne 031A,E01008441,834,272,72,200,562,510,52
2021,Newcastle upon Tyne 031B,E01008442,573,173,47,126,400,360,40
2021,Newcastle upon Tyne 014G,E01008443,652,153,38,115,499,432,67
2021,Newcastle upon Tyne 031C,E01008444,703,199,48,151,504,441,63
2021,Newcastle upon Tyne 031D,E01008445,1006,309,82,227,697,616,81
2021,Newcastle upon Tyne 031E,E01008446,580,182,52,130,398,356,42
2021,Newcastle upon Tyne 031F,E01008447,512,169,45,124,343,311,32
2021,Newcastle upon Tyne 031G,E01008448,584,163,46,117,421,367,54
2021,Newcastle upon Tyne 022D,E01008449,738,323,121,202,415,369,46
2021,Newcastle upon Tyne 016B,E01008450,678,245,58,187,433,391,42
2021,Newcastle upon Tyne 016C,E01008451,800,309,92,217,491,439,52
2021,Newcastle upon Tyne 016D,E01008452,684,240,86,154,444,358,86
2021,Newcastle upon Tyne 022E,E01008453,828,295,98,197,533,459,74
2021,Newcastle upon Tyne 022G,E01008455,618,291,104,187,327,296,31
2021,Newcastle upon Tyne 004B,E01008456,616,228,49,179,388,356,32
2021,Newcastle upon Tyne 004C,E01008457,597,194,58,136,403,368,35
2021,Newcastle upon Tyne 004D,E01008458,1110,265,88,177,845,687,158
2021,Newcastle upon Tyne 004E,E01008459,624,233,52,181,391,351,40
2021,Newcastle upon Tyne 004F,E01008460,573,177,51,126,396,363,33
2021,North Tyneside 021A,E01008461,554,186,43,143,368,338,30
2021,North Tyneside 024A,E01008462,691,204,54,150,487,442,45
2021,North Tyneside 024B,E01008463,548,173,44,129,375,336,39
2021,North Tyneside 024C,E01008464,603,174,37,137,429,392,37
2021,North Tyneside 024D,E01008465,646,186,55,131,460,421,39
2021,North Tyneside 021B,E01008466,655,187,40,147,468,424,44
2021,North Tyneside 021C,E01008467,699,215,59,156,484,437,47
2021,North Tyneside 021D,E01008468,696,215,52,163,481,434,47
2021,North Tyneside 018A,E01008469,909,217,63,154,692,609,83
2021,North Tyneside 014A,E01008470,669,184,40,144,485,441,44
2021,North Tyneside 019A,E01008471,709,208,51,157,501,451,50
2021,North Tyneside 018B,E01008472,662,175,50,125,487,414,73
2021,North Tyneside 018C,E01008473,596,163,46,117,433,376,57
2021,North Tyneside 019B,E01008474,669,205,60,145,464,423,41
2021,North Tyneside 008A,E01008475,871,225,56,169,646,583,63
2021,North Tyneside 008B,E01008476,779,246,69,177,533,488,45
2021,North Tyneside 008C,E01008477,837,260,66,194,577,530,47
2021,North Tyneside 002A,E01008478,641,191,53,138,450,415,35
2021,North Tyneside 008D,E01008479,785,218,51,167,567,504,63
2021,North Tyneside 002B,E01008480,614,187,46,141,427,384,43
2021,North Tyneside 023A,E01008481,633,223,63,160,410,386,24
2021,North Tyneside 023B,E01008482,656,221,67,154,435,388,47
2021,North Tyneside 022A,E01008483,780,216,60,156,564,517,47
2021,North Tyneside 023C,E01008484,585,208,58,150,377,343,34
2021,North Tyneside 023D,E01008485,492,237,66,171,255,225,30
2021,North Tyneside 020A,E01008486,604,204,45,159,400,352,48
2021,North Tyneside 020B,E01008487,674,213,74,139,461,407,54
2021,North Tyneside 015A,E01008488,618,194,48,146,424,395,29
2021,North Tyneside 015B,E01008489,745,294,70,224,451,409,42
2021,North Tyneside 015C,E01008490,711,171,51,120,540,475,65
2021,North Tyneside 015D,E01008491,620,200,55,145,420,378,42
2021,North Tyneside 023E,E01008492,758,243,62,181,515,458,57
2021,North Tyneside 013A,E01008493,672,198,61,137,474,416,58
2021,North Tyneside 013B,E01008494,722,194,48,146,528,464,64
2021,North Tyneside 010A,E01008495,775,232,74,158,543,464,79
2021,North Tyneside 010B,E01008496,675,199,62,137,476,412,64
2021,North Tyneside 010C,E01008497,677,196,42,154,481,414,67
2021,North Tyneside 010D,E01008498,583,166,27,139,417,365,52
2021,North Tyneside 014B,E01008499,814,230,54,176,584,524,60
2021,North Tyneside 012A,E01008500,746,202,45,157,544,480,64
2021,North Tyneside 014C,E01008502,717,227,50,177,490,434,56
2021,North Tyneside 018E,E01008503,885,247,72,175,638,562,76
2021,North Tyneside 002C,E01008504,731,188,60,128,543,478,65
2021,North Tyneside 012B,E01008505,836,208,67,141,628,537,91
2021,North Tyneside 012C,E01008506,552,196,42,154,356,317,39
2021,North Tyneside 012D,E01008507,836,214,49,165,622,546,76
2021,North Tyneside 026A,E01008508,688,216,71,145,472,437,35
2021,North Tyneside 026B,E01008509,728,227,62,165,501,456,45
2021,North Tyneside 026C,E01008510,714,208,51,157,506,466,40
2021,North Tyneside 028A,E01008511,735,239,62,177,496,445,51
2021,North Tyneside 026D,E01008512,674,180,43,137,494,449,45
2021,North Tyneside 019C,E01008513,1151,279,92,187,872,779,93
2021,North Tyneside 019D,E01008514,876,248,71,177,628,560,68
2021,North Tyneside 014D,E01008516,1029,223,60,163,806,697,109
2021,North Tyneside 005A,E01008517,769,225,74,151,544,479,65
2021,North Tyneside 007A,E01008518,722,204,53,151,518,456,62
2021,North Tyneside 005B,E01008519,564,170,49,121,394,340,54
2021,North Tyneside 003A,E01008520,655,199,67,132,456,380,76
2021,North Tyneside 005C,E01008521,602,152,41,111,450,412,38
2021,North Tyneside 005D,E01008522,750,232,61,171,518,437,81
2021,North Tyneside 003B,E01008523,605,208,74,134,397,324,73
2021,North Tyneside 022B,E01008524,772,221,76,145,551,470,81
2021,North Tyneside 017A,E01008525,680,201,58,143,479,411,68
2021,North Tyneside 020C,E01008526,706,210,67,143,496,415,81
2021,North Tyneside 017B,E01008527,735,215,60,155,520,449,71
2021,North Tyneside 022C,E01008528,743,166,52,114,577,511,66
2021,North Tyneside 022D,E01008529,753,189,72,117,564,498,66
2021,North Tyneside 020D,E01008530,670,211,57,154,459,400,59
2021,North Tyneside 025A,E01008531,631,183,44,139,448,404,44
2021,North Tyneside 025B,E01008532,809,250,65,185,559,504,55
2021,North Tyneside 030A,E01008533,651,221,49,172,430,382,48
2021,North Tyneside 025C,E01008534,552,154,46,108,398,365,33
2021,North Tyneside 030B,E01008535,683,180,48,132,503,458,45
2021,North Tyneside 030C,E01008536,710,227,75,152,483,427,56
2021,North Tyneside 030D,E01008537,520,149,49,100,371,344,27
2021,North Tyneside 025D,E01008538,1458,348,82,266,1110,977,133
2021,North Tyneside 027A,E01008539,843,222,72,150,621,524,97
2021,North Tyneside 027B,E01008540,605,221,54,167,384,339,45
2021,North Tyneside 027C,E01008541,625,199,55,144,426,386,40
2021,North Tyneside 028B,E01008542,617,200,44,156,417,376,41
2021,North Tyneside 028C,E01008543,1197,334,85,249,863,774,89
2021,North Tyneside 027D,E01008544,593,181,57,124,412,362,50
2021,North Tyneside 027E,E01008545,479,156,61,95,323,299,24
2021,North Tyneside 003C,E01008546,682,209,75,134,473,389,84
2021,North Tyneside 001A,E01008547,529,185,66,119,344,281,63
2021,North Tyneside 001B,E01008548,782,206,75,131,576,459,117
2021,North Tyneside 001C,E01008549,636,187,51,136,449,381,68
2021,North Tyneside 003D,E01008550,766,223,67,156,543,455,88
2021,North Tyneside 001D,E01008551,550,170,56,114,380,313,67
2021,North Tyneside 009A,E01008552,771,232,55,177,539,474,65
2021,North Tyneside 009B,E01008553,833,234,68,166,599,536,63
2021,North Tyneside 009C,E01008554,731,252,90,162,479,417,62
2021,North Tyneside 009D,E01008555,729,243,62,181,486,442,44
2021,North Tyneside 013C,E01008556,1002,312,118,194,690,594,96
2021,North Tyneside 013D,E01008557,797,218,69,149,579,498,81
2021,North Tyneside 016A,E01008558,675,179,64,115,496,423,73
2021,North Tyneside 017C,E01008559,863,215,66,149,648,567,81
2021,North Tyneside 016B,E01008560,763,209,82,127,554,440,114
2021,North Tyneside 016C,E01008561,758,218,51,167,540,471,69
2021,North Tyneside 016D,E01008562,674,232,67,165,442,375,67
2021,North Tyneside 017D,E01008563,604,201,56,145,403,328,75
2021,North Tyneside 007B,E01008564,746,209,59,150,537,459,78
2021,North Tyneside 007D,E01008567,728,216,57,159,512,453,59
2021,North Tyneside 011B,E01008568,629,200,50,150,429,387,42
2021,North Tyneside 011C,E01008569,606,184,55,129,422,379,43
2021,North Tyneside 011D,E01008570,689,203,51,152,486,439,47
2021,North Tyneside 028D,E01008571,689,210,56,154,479,426,53
2021,North Tyneside 029A,E01008572,773,236,48,188,537,493,44
2021,North Tyneside 029B,E01008573,719,229,68,161,490,441,49
2021,North Tyneside 029C,E01008574,972,250,76,174,722,632,90
2021,North Tyneside 030E,E01008575,569,176,51,125,393,359,34
2021,North Tyneside 029D,E01008576,955,280,71,209,675,596,79
2021,North Tyneside 004A,E01008577,968,267,75,192,701,605,96
2021,North Tyneside 002D,E01008578,634,195,62,133,439,403,36
2021,North Tyneside 004B,E01008579,549,167,42,125,382,341,41
2021,North Tyneside 004C,E01008580,625,180,50,130,445,391,54
2021,North Tyneside 004D,E01008581,770,208,50,158,562,489,73
2021,North Tyneside 004E,E01008582,643,193,55,138,450,399,51
2021,North Tyneside 002E,E01008583,718,218,50,168,500,452,48
2021,North Tyneside 006A,E01008584,822,232,67,165,590,508,82
2021,North Tyneside 006B,E01008585,749,227,51,176,522,456,66
2021,North Tyneside 009E,E01008586,726,220,73,147,506,434,72
2021,North Tyneside 006C,E01008587,647,189,67,122,458,389,69
2021,North Tyneside 006D,E01008588,802,230,61,169,572,500,72
2021,North Tyneside 006E,E01008589,712,169,55,114,543,470,73
2021,South Tyneside 011A,E01008590,576,181,56,125,395,361,34
2021,South Tyneside 011B,E01008591,548,155,41,114,393,348,45
2021,South Tyneside 011C,E01008592,534,158,45,113,376,334,42
2021,South Tyneside 016A,E01008593,473,175,43,132,298,255,43
2021,South Tyneside 011D,E01008594,737,214,60,154,523,469,54
2021,South Tyneside 001A,E01008595,693,197,49,148,496,440,56
2021,South Tyneside 001B,E01008596,440,210,46,164,230,193,37
2021,South Tyneside 001C,E01008597,1132,301,95,206,831,712,119
2021,South Tyneside 001D,E01008598,620,203,64,139,417,351,66
2021,South Tyneside 001E,E01008599,519,180,53,127,339,292,47
2021,South Tyneside 007A,E01008600,457,154,39,115,303,262,41
2021,South Tyneside 012A,E01008601,545,180,50,130,365,322,43
2021,South Tyneside 014A,E01008602,575,191,47,144,384,334,50
2021,South Tyneside 014B,E01008603,571,159,45,114,412,361,51
2021,South Tyneside 007B,E01008604,615,198,58,140,417,372,45
2021,South Tyneside 016B,E01008605,473,138,37,101,335,280,55
2021,South Tyneside 016C,E01008606,738,229,52,177,509,440,69
2021,South Tyneside 016D,E01008607,433,173,43,130,260,227,33
2021,South Tyneside 014C,E01008608,402,137,29,108,265,229,36
2021,South Tyneside 016E,E01008609,547,184,45,139,363,327,36
2021,South Tyneside 021A,E01008610,545,181,51,130,364,323,41
2021,South Tyneside 021B,E01008611,687,180,42,138,507,416,91
2021,South Tyneside 021C,E01008612,682,198,55,143,484,427,57
2021,South Tyneside 021D,E01008613,620,165,55,110,455,408,47
2021,South Tyneside 023A,E01008614,801,210,59,151,591,519,72
2021,South Tyneside 023B,E01008615,592,173,54,119,419,361,58
2021,South Tyneside 022A,E01008616,745,182,58,124,563,470,93
2021,South Tyneside 023C,E01008617,618,171,65,106,447,363,84
2021,South Tyneside 022B,E01008618,609,196,67,129,413,312,101
2021,South Tyneside 022C,E01008619,634,181,67,114,453,358,95
2021,South Tyneside 023D,E01008620,614,188,55,133,426,357,69
2021,South Tyneside 022D,E01008621,677,228,73,155,449,362,87
2021,South Tyneside 013A,E01008622,642,200,62,138,442,369,73
2021,South Tyneside 018A,E01008624,567,180,48,132,387,331,56
2021,South Tyneside 013C,E01008625,452,153,28,125,299,265,34
2021,South Tyneside 020A,E01008627,518,146,48,98,372,339,33
2021,South Tyneside 020B,E01008628,511,170,49,121,341,307,34
2021,South Tyneside 020C,E01008629,589,169,47,122,420,377,43
2021,South Tyneside 020D,E01008630,598,173,34,139,425,380,45
2021,South Tyneside 017A,E01008631,558,169,34,135,389,340,49
2021,South Tyneside 017B,E01008632,520,165,47,118,355,326,29
2021,South Tyneside 008A,E01008633,517,186,49,137,331,282,49
2021,South Tyneside 008B,E01008634,417,131,40,91,286,246,40
2021,South Tyneside 006A,E01008635,522,163,43,120,359,297,62
2021,South Tyneside 008C,E01008636,592,185,48,137,407,350,57
2021,South Tyneside 008D,E01008637,609,202,58,144,407,362,45
2021,South Tyneside 010A,E01008638,758,165,49,116,593,525,68
2021,South Tyneside 009A,E01008639,1126,276,61,215,850,739,111
2021,South Tyneside 010B,E01008640,1316,269,67,202,1047,940,107
2021,South Tyneside 010C,E01008641,450,144,48,96,306,276,30
2021,South Tyneside 010D,E01008642,955,229,73,156,726,634,92
2021,South Tyneside 015A,E01008643,849,213,61,152,636,562,74
2021,South Tyneside 015B,E01008644,606,207,39,168,399,353,46
2021,South Tyneside 015C,E01008645,1401,350,76,274,1051,906,145
2021,South Tyneside 015D,E01008646,527,150,37,113,377,333,44
2021,South Tyneside 004A,E01008647,624,176,53,123,448,390,58
2021,South Tyneside 004B,E01008648,508,158,46,112,350,297,53
2021,South Tyneside 004C,E01008649,629,203,51,152,426,379,47
2021,South Tyneside 006B,E01008650,636,203,75,128,433,371,62
2021,South Tyneside 004D,E01008651,612,252,71,181,360,326,34
2021,South Tyneside 009B,E01008652,483,139,33,106,344,305,39
2021,South Tyneside 009C,E01008653,496,160,40,120,336,295,41
2021,South Tyneside 009D,E01008654,546,153,48,105,393,353,40
2021,South Tyneside 009E,E01008655,824,206,47,159,618,564,54
2021,South Tyneside 015E,E01008656,592,170,38,132,422,368,54
2021,South Tyneside 009F,E01008657,579,157,44,113,422,356,66
2021,South Tyneside 015F,E01008658,500,175,49,126,325,292,33
2021,South Tyneside 017C,E01008659,609,174,37,137,435,369,66
2021,South Tyneside 007C,E01008660,664,177,46,131,487,441,46
2021,South Tyneside 007D,E01008661,413,123,33,90,290,259,31
2021,South Tyneside 017D,E01008662,518,149,38,111,369,335,34
2021,South Tyneside 017E,E01008663,502,135,28,107,367,315,52
2021,South Tyneside 002A,E01008664,432,140,42,98,292,246,46
2021,South Tyneside 002B,E01008665,494,144,43,101,350,306,44
2021,South Tyneside 002C,E01008666,709,233,53,180,476,427,49
2021,South Tyneside 002D,E01008667,664,199,44,155,465,392,73
2021,South Tyneside 002E,E01008668,530,174,61,113,356,320,36
2021,South Tyneside 012B,E01008669,532,168,35,133,364,325,39
2021,South Tyneside 014D,E01008670,608,201,67,134,407,364,43
2021,South Tyneside 012C,E01008671,369,106,34,72,263,229,34
2021,South Tyneside 012D,E01008672,567,171,55,116,396,348,48
2021,South Tyneside 003A,E01008673,573,154,46,108,419,360,59
2021,South Tyneside 006C,E01008674,528,147,42,105,381,321,60
2021,South Tyneside 003B,E01008675,669,172,44,128,497,435,62
2021,South Tyneside 003C,E01008676,557,164,59,105,393,349,44
2021,South Tyneside 003D,E01008677,565,149,47,102,416,364,52
2021,South Tyneside 003E,E01008678,524,151,37,114,373,328,45
2021,South Tyneside 005A,E01008679,557,161,48,113,396,353,43
2021,South Tyneside 005B,E01008680,613,189,53,136,424,348,76
2021,South Tyneside 006D,E01008681,542,142,44,98,400,329,71
2021,South Tyneside 005C,E01008682,361,123,35,88,238,217,21
2021,South Tyneside 005D,E01008683,613,153,36,117,460,418,42
2021,South Tyneside 018B,E01008684,401,121,33,88,280,240,40
2021,South Tyneside 018C,E01008685,766,233,73,160,533,436,97
2021,South Tyneside 018D,E01008686,735,207,54,153,528,446,82
2021,South Tyneside 018E,E01008687,696,206,70,136,490,404,86
2021,South Tyneside 019A,E01008688,554,171,54,117,383,351,32
2021,South Tyneside 019B,E01008689,536,197,55,142,339,302,37
2021,South Tyneside 019C,E01008690,582,188,45,143,394,353,41
2021,South Tyneside 019D,E01008691,559,173,51,122,386,332,54
2021,South Tyneside 019E,E01008692,555,155,28,127,400,351,49
2021,Sunderland 008A,E01008693,595,194,53,141,401,366,35
2021,Sunderland 008B,E01008694,599,200,49,151,399,361,38
2021,Sunderland 008C,E01008695,614,200,61,139,414,376,38
2021,Sunderland 008D,E01008696,660,187,54,133,473,426,47
2021,Sunderland 008E,E01008697,556,160,36,124,396,362,34
2021,Sunderland 003A,E01008698,577,166,43,123,411,367,44
2021,Sunderland 008F,E01008699,553,174,46,128,379,344,35
2021,Sunderland 013A,E01008700,809,271,94,177,538,500,38
2021,Sunderland 011A,E01008701,641,256,85,171,385,363,22
2021,Sunderland 016A,E01008702,354,148,46,102,206,188,18
2021,Sunderland 013B,E01008703,681,251,113,138,430,393,37
2021,Sunderland 011B,E01008704,626,224,61,163,402,368,34
2021,Sunderland 013C,E01008705,435,169,68,101,266,247,19
2021,Sunderland 011C,E01008706,625,219,58,161,406,365,41
2021,Sunderland 011D,E01008707,489,169,56,113,320,295,25
2021,Sunderland 005A,E01008708,627,178,54,124,449,407,42
2021,Sunderland 005B,E01008709,400,151,49,102,249,221,28
2021,Sunderland 005D,E01008711,705,204,45,159,501,463,38
2021,Sunderland 004A,E01008712,608,203,47,156,405,360,45
2021,Sunderland 001A,E01008713,760,210,69,141,550,468,82
2021,Sunderland 034A,E01008714,538,135,42,93,403,366,37
2021,Sunderland 034B,E01008715,569,151,27,124,418,370,48
2021,Sunderland 034C,E01008716,657,181,61,120,476,388,88
2021,Sunderland 034D,E01008717,676,222,58,164,454,397,57
2021,Sunderland 035A,E01008718,845,226,48,178,619,565,54
2021,Sunderland 035B,E01008719,452,144,39,105,308,280,28
2021,Sunderland 032A,E01008720,586,164,63,101,422,363,59
2021,Sunderland 032B,E01008721,784,205,65,140,579,496,83
2021,Sunderland 001B,E01008722,670,174,55,119,496,444,52
2021,Sunderland 002A,E01008723,646,206,75,131,440,358,82
2021,Sunderland 001C,E01008724,603,154,42,112,449,410,39
2021,Sunderland 002B,E01008725,608,187,49,138,421,372,49
2021,Sunderland 001D,E01008726,731,194,54,140,537,477,60
2021,Sunderland 002C,E01008727,723,189,57,132,534,494,40
2021,Sunderland 002D,E01008728,680,198,51,147,482,429,53
2021,Sunderland 021B,E01008730,559,194,38,156,365,325,40
2021,Sunderland 021D,E01008732,876,244,48,196,632,568,64
2021,Sunderland 021E,E01008733,636,191,46,145,445,404,41
2021,Sunderland 021F,E01008734,507,155,39,116,352,310,42
2021,Sunderland 016B,E01008735,749,200,67,133,549,477,72
2021,Sunderland 016C,E01008736,340,119,30,89,221,197,24
2021,Sunderland 016D,E01008737,450,156,41,115,294,246,48
2021,Sunderland 016E,E01008738,363,118,34,84,245,218,27
2021,Sunderland 024A,E01008739,605,210,62,148,395,348,47
2021,Sunderland 022A,E01008740,564,157,46,111,407,348,59
2021,Sunderland 024B,E01008741,665,193,42,151,472,420,52
2021,Sunderland 035C,E01008742,662,170,47,123,492,428,64
2021,Sunderland 036A,E01008743,517,182,50,132,335,304,31
2021,Sunderland 036B,E01008744,992,262,61,201,730,652,78
2021,Sunderland 036C,E01008745,673,204,57,147,469,426,43
2021,Sunderland 036D,E01008746,849,223,69,154,626,547,79
2021,Sunderland 035D,E01008747,733,188,55,133,545,456,89
2021,Sunderland 035E,E01008748,570,154,43,111,416,357,59
2021,Sunderland 034E,E01008749,520,134,33,101,386,353,33
2021,Sunderland 033A,E01008750,997,259,72,187,738,670,68
2021,Sunderland 033B,E01008751,728,187,57,130,541,489,52
2021,Sunderland 033C,E01008752,915,239,59,180,676,616,60
2021,Sunderland 033D,E01008753,593,166,43,123,427,400,27
2021,Sunderland 034F,E01008754,511,154,39,115,357,331,26
2021,Sunderland 033E,E01008755,526,159,40,119,367,328,39
2021,Sunderland 012A,E01008756,600,186,46,140,414,379,35
2021,Sunderland 015A,E01008757,562,194,59,135,368,336,32
2021,Sunderland 015B,E01008758,641,198,50,148,443,399,44
2021,Sunderland 015C,E01008759,641,164,41,123,477,438,39
2021,Sunderland 018A,E01008760,698,198,66,132,500,441,59
2021,Sunderland 015D,E01008761,575,161,47,114,414,363,51
2021,Sunderland 012B,E01008762,523,178,38,140,345,321,24
2021,Sunderland 028A,E01008763,573,195,52,143,378,336,42
2021,Sunderland 028B,E01008764,643,179,48,131,464,407,57
2021,Sunderland 031A,E01008765,761,209,66,143,552,474,78
2021,Sunderland 028C,E01008766,1470,348,93,255,1122,998,124
2021,Sunderland 031B,E01008767,616,155,37,118,461,414,47
2021,Sunderland 028D,E01008768,900,242,60,182,658,578,80
2021,Sunderland 028E,E01008769,675,203,61,142,472,425,47
2021,Sunderland 031C,E01008770,593,176,45,131,417,357,60
2021,Sunderland 031D,E01008771,723,207,56,151,516,467,49
2021,Sunderland 029A,E01008772,594,178,62,116,416,345,71
2021,Sunderland 026A,E01008773,555,175,48,127,380,351,29
2021,Sunderland 029B,E01008774,568,151,36,115,417,384,33
2021,Sunderland 029C,E01008775,638,178,63,115,460,401,59
2021,Sunderland 026B,E01008776,526,172,40,132,354,312,42
2021,Sunderland 026C,E01008777,403,120,27,93,283,258,25
2021,Sunderland 026D,E01008778,617,186,28,158,431,388,43
2021,Sunderland 024C,E01008779,552,185,55,130,367,340,27
2021,Sunderland 024D,E01008780,814,255,65,190,559,499,60
2021,Sunderland 022B,E01008781,631,200,69,131,431,374,57
2021,Sunderland 022C,E01008782,629,184,59,125,445,387,58
2021,Sunderland 022D,E01008783,597,158,44,114,439,368,71
2021,Sunderland 022E,E01008784,726,213,67,146,513,466,47
2021,Sunderland 022F,E01008785,554,166,45,121,388,350,38
2021,Sunderland 006A,E01008786,634,178,55,123,456,402,54
2021,Sunderland 006B,E01008787,636,201,66,135,435,393,42
2021,Sunderland 006C,E01008788,643,191,42,149,452,411,41
2021,Sunderland 006D,E01008789,643,175,48,127,468,410,58
2021,Sunderland 006E,E01008790,684,181,55,126,503,444,59
2021,Sunderland 006F,E01008791,543,188,54,134,355,319,36
2021,Sunderland 002E,E01008792,449,131,42,89,318,270,48
2021,Sunderland 030A,E01008793,587,195,43,152,392,344,48
2021,Sunderland 030B,E01008795,848,240,59,181,608,545,63
2021,Sunderland 032D,E01008796,956,225,57,168,731,641,90
2021,Sunderland 025A,E01008799,854,205,55,150,649,556,93
2021,Sunderland 030D,E01008800,567,190,54,136,377,341,36
2021,Sunderland 030E,E01008801,782,212,46,166,570,505,65
2021,Sunderland 029D,E01008802,574,167,37,130,407,350,57
2021,Sunderland 027A,E01008803,564,175,31,144,389,354,35
2021,Sunderland 027B,E01008804,641,218,56,162,423,378,45
2021,Sunderland 027C,E01008805,593,184,52,132,409,368,41
2021,Sunderland 029E,E01008808,775,181,53,128,594,533,61
2021,Sunderland 026E,E01008809,638,187,41,146,451,425,26
2021,Sunderland 014A,E01008810,622,211,50,161,411,374,37
2021,Sunderland 014B,E01008811,714,218,51,167,496,444,52
2021,Sunderland 012C,E01008812,674,231,64,167,443,405,38
2021,Sunderland 014C,E01008813,625,202,44,158,423,383,40
2021,Sunderland 014D,E01008814,649,195,61,134,454,401,53
2021,Sunderland 004B,E01008817,368,157,45,112,211,191,20
2021,Sunderland 004C,E01008819,579,194,41,153,385,344,41
2021,Sunderland 004D,E01008821,492,187,36,151,305,286,19
2021,Sunderland 004E,E01008822,639,201,52,149,438,403,35
2021,Sunderland 023A,E01008823,524,195,38,157,329,299,30
2021,Sunderland 023B,E01008824,536,181,43,138,355,320,35
2021,Sunderland 023C,E01008825,602,175,44,131,427,381,46
2021,Sunderland 023D,E01008826,608,204,56,148,404,373,31
2021,Sunderland 023E,E01008827,455,160,38,122,295,275,20
2021,Sunderland 023F,E01008828,581,200,47,153,381,353,28
2021,Sunderland 023G,E01008829,456,162,38,124,294,269,25
2021,Sunderland 018B,E01008830,584,200,50,150,384,349,35
2021,Sunderland 013D,E01008831,661,228,75,153,433,379,54
2021,Sunderland 018C,E01008832,606,214,51,163,392,362,30
2021,Sunderland 018D,E01008833,571,170,36,134,401,367,34
2021,Sunderland 013E,E01008834,781,219,75,144,562,483,79
2021,Sunderland 022G,E01008835,665,192,59,133,473,406,67
2021,Sunderland 016F,E01008836,398,158,49,109,240,222,18
2021,Sunderland 003B,E01008837,510,164,46,118,346,319,27
2021,Sunderland 003C,E01008838,597,195,49,146,402,356,46
2021,Sunderland 003D,E01008839,485,157,35,122,328,299,29
2021,Sunderland 003E,E01008840,597,194,38,156,403,360,43
2021,Sunderland 003F,E01008841,538,192,51,141,346,318,28
2021,Sunderland 004F,E01008842,637,180,48,132,457,412,45
2021,Sunderland 019A,E01008843,593,176,41,135,417,365,52
2021,Sunderland 019B,E01008844,593,163,44,119,430,375,55
2021,Sunderland 017A,E01008845,605,162,42,120,443,390,53
2021,Sunderland 017B,E01008846,389,126,37,89,263,237,26
2021,Sunderland 017C,E01008847,505,169,44,125,336,309,27
2021,Sunderland 019C,E01008848,508,155,50,105,353,306,47
2021,Sunderland 019D,E01008849,512,175,45,130,337,320,17
2021,Sunderland 017E,E01008851,719,194,60,134,525,464,61
2021,Sunderland 019E,E01008852,555,146,46,100,409,363,46
2021,Sunderland 009A,E01008853,457,131,40,91,326,302,24
2021,Sunderland 009B,E01008854,519,127,38,89,392,361,31
2021,Sunderland 007A,E01008855,725,171,39,132,554,486,68
2021,Sunderland 007B,E01008856,550,153,38,115,397,355,42
2021,Sunderland 009C,E01008857,544,160,37,123,384,347,37
2021,Sunderland 009D,E01008858,450,135,26,109,315,292,23
2021,Sunderland 009E,E01008859,481,141,27,114,340,293,47
2021,Sunderland 009F,E01008860,514,140,32,108,374,331,43
2021,Sunderland 025B,E01008861,593,176,57,119,417,378,39
2021,Sunderland 025C,E01008862,543,171,58,113,372,323,49
2021,Sunderland 025D,E01008863,712,208,79,129,504,421,83
2021,Sunderland 025E,E01008864,469,143,52,91,326,277,49
2021,Sunderland 025F,E01008865,568,190,57,133,378,334,44
2021,Sunderland 025G,E01008866,611,189,49,140,422,379,43
2021,Sunderland 020A,E01008867,608,183,46,137,425,393,32
2021,Sunderland 020B,E01008868,533,134,32,102,399,358,41
2021,Sunderland 020C,E01008869,536,163,38,125,373,330,43
2021,Sunderland 020D,E01008870,701,183,46,137,518,451,67
2021,Sunderland 020E,E01008871,591,148,36,112,443,404,39
2021,Sunderland 020F,E01008872,789,177,47,130,612,536,76
2021,Sunderland 010A,E01008873,549,147,48,99,402,342,60
2021,Sunderland 010B,E01008874,647,204,44,160,443,389,54
2021,Sunderland 010C,E01008875,733,182,45,137,551,490,61
2021,Sunderland 007C,E01008876,711,191,64,127,520,427,93
2021,Sunderland 007D,E01008877,747,181,43,138,566,517,49
2021,Sunderland 009G,E01008878,648,187,35,152,461,423,38
2021,Sunderland 010D,E01008879,629,190,53,137,439,411,28
2021,Sunderland 010E,E01008880,455,143,39,104,312,289,23
2021,Birmingham 067A,E01008881,676,256,90,166,420,383,37
2021,Birmingham 066A,E01008882,650,283,84,199,367,334,33
2021,Birmingham 078A,E01008883,702,301,103,198,401,357,44
2021,Birmingham 078B,E01008884,660,294,85,209,366,320,46
2021,Birmingham 076A,E01008885,648,200,55,145,448,414,34
2021,Birmingham 076B,E01008886,663,205,58,147,458,408,50
2021,Birmingham 078C,E01008887,650,247,64,183,403,362,41
2021,Birmingham 076C,E01008888,830,249,89,160,581,534,47
2021,Birmingham 078D,E01008889,664,214,82,132,450,414,36
2021,Birmingham 089A,E01008890,791,260,88,172,531,478,53
2021,Birmingham 089B,E01008891,744,205,77,128,539,472,67
2021,Birmingham 089C,E01008892,535,195,69,126,340,306,34
2021,Birmingham 089D,E01008893,784,219,68,151,565,498,67
2021,Birmingham 089E,E01008894,649,195,71,124,454,393,61
2021,Birmingham 089F,E01008895,932,271,85,186,661,601,60
2021,Birmingham 066B,E01008896,592,243,84,159,349,319,30
2021,Birmingham 067B,E01008897,671,260,70,190,411,365,46
2021,Birmingham 066C,E01008898,543,229,65,164,314,285,29
2021,Birmingham 037A,E01008899,364,152,46,106,212,196,16
2021,Birmingham 037C,E01008901,540,215,67,148,325,296,29
2021,Birmingham 040A,E01008905,529,260,71,189,269,235,34
2021,Birmingham 049A,E01008906,522,253,85,168,269,251,18
2021,Birmingham 040B,E01008907,483,252,86,166,231,215,16
2021,Birmingham 041D,E01008909,596,286,95,191,310,286,24
2021,Birmingham 050A,E01008910,474,244,89,155,230,217,13
2021,Birmingham 049B,E01008911,486,253,71,182,233,217,16
2021,Birmingham 050B,E01008913,695,276,93,183,419,382,37
2021,Birmingham 030A,E01008915,571,250,88,162,321,293,28
2021,Birmingham 037E,E01008916,490,233,75,158,257,227,30
2021,Birmingham 102A,E01008917,566,163,46,117,403,361,42
2021,Birmingham 094A,E01008918,592,184,46,138,408,353,55
2021,Birmingham 095A,E01008919,671,200,59,141,471,416,55
2021,Birmingham 094B,E01008920,602,194,53,141,408,366,42
2021,Birmingham 094C,E01008921,548,161,47,114,387,351,36
2021,Birmingham 102B,E01008923,505,153,49,104,352,308,44
2021,Birmingham 101A,E01008924,661,193,61,132,468,411,57
2021,Birmingham 102C,E01008925,559,175,52,123,384,342,42
2021,Birmingham 102D,E01008927,481,146,46,100,335,306,29
2021,Birmingham 102E,E01008928,536,206,62,144,330,294,36
2021,Birmingham 106C,E01008929,541,168,52,116,373,331,42
2021,Birmingham 106D,E01008930,916,240,68,172,676,604,72
2021,Birmingham 094D,E01008931,537,158,46,112,379,334,45
2021,Birmingham 111A,E01008932,618,202,63,139,416,369,47
2021,Birmingham 105A,E01008933,634,227,83,144,407,368,39
2021,Birmingham 105B,E01008934,673,212,68,144,461,409,52
2021,Birmingham 111B,E01008935,583,217,66,151,366,342,24
2021,Birmingham 111C,E01008936,609,189,58,131,420,366,54
2021,Birmingham 115A,E01008937,533,194,65,129,339,302,37
2021,Birmingham 111D,E01008938,624,237,71,166,387,348,39
2021,Birmingham 111E,E01008939,717,221,67,154,496,458,38
2021,Birmingham 115B,E01008940,550,196,56,140,354,315,39
2021,Birmingham 115C,E01008941,605,161,57,104,444,393,51
2021,Birmingham 117A,E01008942,705,239,72,167,466,420,46
2021,Birmingham 117B,E01008943,591,182,43,139,409,371,38
2021,Birmingham 115D,E01008944,713,196,53,143,517,472,45
2021,Birmingham 122A,E01008945,864,251,86,165,613,540,73
2021,Birmingham 122B,E01008946,652,193,59,134,459,408,51
2021,Birmingham 122C,E01008947,640,204,60,144,436,391,45
2021,Birmingham 122D,E01008948,705,206,59,147,499,453,46
2021,Birmingham 122E,E01008949,615,155,40,115,460,421,39
2021,Birmingham 113A,E01008950,533,155,42,113,378,325,53
2021,Birmingham 112A,E01008951,650,187,57,130,463,404,59
2021,Birmingham 112B,E01008952,1084,250,77,173,834,733,101
2021,Birmingham 107A,E01008953,696,216,76,140,480,426,54
2021,Birmingham 113B,E01008954,577,159,62,97,418,354,64
2021,Birmingham 112C,E01008955,904,215,57,158,689,602,87
2021,Birmingham 112D,E01008956,669,184,55,129,485,426,59
2021,Birmingham 112E,E01008957,815,228,82,146,587,525,62
2021,Birmingham 113C,E01008958,579,178,52,126,401,367,34
2021,Birmingham 116A,E01008959,738,233,83,150,505,440,65
2021,Birmingham 116B,E01008960,847,198,67,131,649,565,84
2021,Birmingham 116C,E01008961,744,174,49,125,570,485,85
2021,Birmingham 116D,E01008962,724,262,89,173,462,415,47
2021,Birmingham 107B,E01008963,685,238,71,167,447,380,67
2021,Birmingham 107C,E01008964,605,192,57,135,413,372,41
2021,Birmingham 107D,E01008965,745,232,68,164,513,449,64
2021,Birmingham 107E,E01008966,660,207,60,147,453,399,54
2021,Birmingham 110A,E01008967,712,217,73,144,495,430,65
2021,Birmingham 110B,E01008968,803,222,69,153,581,473,108
2021,Birmingham 117C,E01008969,794,248,76,172,546,479,67
2021,Birmingham 110C,E01008970,581,186,73,113,395,344,51
2021,Birmingham 117D,E01008971,775,227,65,162,548,488,60
2021,Birmingham 118A,E01008972,711,201,57,144,510,459,51
2021,Birmingham 118B,E01008973,924,247,83,164,677,605,72
2021,Birmingham 118C,E01008974,1399,376,108,268,1023,893,130
2021,Birmingham 118D,E01008975,719,164,53,111,555,490,65
2021,Birmingham 121A,E01008976,573,190,50,140,383,348,35
2021,Birmingham 123A,E01008977,743,250,78,172,493,426,67
2021,Birmingham 121B,E01008978,336,126,32,94,210,187,23
2021,Birmingham 121C,E01008979,548,188,59,129,360,317,43
2021,Birmingham 121D,E01008980,543,189,45,144,354,325,29
2021,Birmingham 110D,E01008981,686,194,72,122,492,406,86
2021,Birmingham 079A,E01008982,749,207,91,116,542,462,80
2021,Birmingham 074A,E01008984,563,212,91,121,351,319,32
2021,Birmingham 064A,E01008986,782,205,105,100,577,468,109
2021,Birmingham 064B,E01008987,528,244,115,129,284,249,35
2021,Birmingham 064C,E01008988,1123,256,120,136,867,741,126
2021,Birmingham 064D,E01008989,793,201,80,121,592,486,106
2021,Birmingham 064E,E01008990,627,145,54,91,482,401,81
2021,Birmingham 064F,E01008991,774,246,100,146,528,420,108
2021,Birmingham 079C,E01008992,613,190,99,91,423,335,88
2021,Birmingham 074B,E01008994,675,203,96,107,472,369,103
2021,Birmingham 134A,E01008995,738,324,114,210,414,387,27
2021,Birmingham 074C,E01008996,561,238,88,150,323,284,39
2021,Birmingham 074D,E01008997,664,216,90,126,448,341,107
2021,Birmingham 031A,E01008998,639,249,77,172,390,352,38
2021,Birmingham 031B,E01008999,641,227,63,164,414,370,44
2021,Birmingham 031C,E01009000,732,202,75,127,530,462,68
2021,Birmingham 018A,E01009001,747,198,56,142,549,486,63
2021,Birmingham 023A,E01009002,639,214,69,145,425,394,31
2021,Birmingham 018B,E01009003,762,212,71,141,550,473,77
2021,Birmingham 025A,E01009005,784,226,73,153,558,518,40
2021,Birmingham 023C,E01009006,818,222,78,144,596,520,76
2021,Birmingham 023D,E01009007,865,216,73,143,649,597,52
2021,Birmingham 141A,E01009008,703,204,62,142,499,427,72
2021,Birmingham 025B,E01009009,679,187,56,131,492,433,59
2021,Birmingham 141B,E01009011,773,186,48,138,587,495,92
2021,Birmingham 141C,E01009012,712,199,63,136,513,455,58
2021,Birmingham 031D,E01009013,879,229,73,156,650,586,64
2021,Birmingham 090A,E01009014,878,340,111,229,538,478,60
2021,Birmingham 089G,E01009015,751,224,64,160,527,468,59
2021,Birmingham 098A,E01009016,620,229,92,137,391,351,40
2021,Birmingham 097A,E01009017,627,256,93,163,371,343,28
2021,Birmingham 090B,E01009018,734,228,71,157,506,432,74
2021,Birmingham 103A,E01009019,582,202,52,150,380,346,34
2021,Birmingham 103B,E01009020,605,219,73,146,386,353,33
2021,Birmingham 103C,E01009021,692,246,69,177,446,409,37
2021,Birmingham 098B,E01009022,732,236,79,157,496,453,43
2021,Birmingham 098C,E01009023,726,255,80,175,471,430,41
2021,Birmingham 103D,E01009024,687,261,73,188,426,388,38
2021,Birmingham 103E,E01009025,623,220,53,167,403,370,33
2021,Birmingham 090C,E01009026,709,274,83,191,435,383,52
2021,Birmingham 090D,E01009028,615,231,70,161,384,351,33
2021,Birmingham 090E,E01009029,549,215,58,157,334,297,37
2021,Birmingham 098D,E01009030,832,289,96,193,543,487,56
2021,Birmingham 105C,E01009031,802,245,93,152,557,472,85
2021,Birmingham 108A,E01009032,778,280,98,182,498,435,63
2021,Birmingham 103F,E01009033,737,264,71,193,473,425,48
2021,Birmingham 108B,E01009034,770,232,74,158,538,486,52
2021,Birmingham 108C,E01009035,812,329,113,216,483,434,49
2021,Birmingham 108D,E01009036,690,209,73,136,481,430,51
2021,Birmingham 105D,E01009037,793,230,72,158,563,495,68
2021,Birmingham 132A,E01009039,755,221,71,150,534,483,51
2021,Birmingham 132B,E01009040,849,250,91,159,599,511,88
2021,Birmingham 132C,E01009041,823,232,93,139,591,523,68
2021,Birmingham 132D,E01009042,645,189,58,131,456,412,44
2021,Birmingham 097B,E01009043,726,261,88,173,465,427,38
2021,Birmingham 097C,E01009044,540,226,65,161,314,281,33
2021,Birmingham 097D,E01009045,749,273,106,167,476,433,43
2021,Birmingham 097E,E01009046,757,261,91,170,496,418,78
2021,Birmingham 040C,E01009047,573,262,83,179,311,283,28
2021,Birmingham 040D,E01009048,623,267,115,152,356,316,40
2021,Birmingham 032A,E01009049,640,227,85,142,413,368,45
2021,Birmingham 035A,E01009050,822,301,106,195,521,477,44
2021,Birmingham 033A,E01009051,563,270,77,193,293,273,20
2021,Birmingham 033B,E01009053,431,227,58,169,204,192,12
2021,Birmingham 033C,E01009054,592,245,91,154,347,321,26
2021,Birmingham 032B,E01009056,745,286,112,174,459,399,60
2021,Birmingham 035D,E01009057,584,265,94,171,319,297,22
2021,Birmingham 033D,E01009058,628,296,90,206,332,307,25
2021,Birmingham 035E,E01009059,550,233,79,154,317,291,26
2021,Birmingham 035F,E01009060,508,223,66,157,285,264,21
2021,Birmingham 033E,E01009061,558,272,94,178,286,265,21
2021,Birmingham 040E,E01009062,597,287,85,202,310,288,22
2021,Birmingham 095B,E01009064,606,184,65,119,422,369,53
2021,Birmingham 075A,E01009065,837,220,72,148,617,464,153
2021,Birmingham 073A,E01009066,793,218,75,143,575,451,124
2021,Birmingham 075B,E01009067,790,163,60,103,627,460,167
2021,Birmingham 075C,E01009068,884,207,73,134,677,540,137
2021,Birmingham 075D,E01009069,932,193,77,116,739,597,142
2021,Birmingham 073B,E01009070,767,188,63,125,579,472,107
2021,Birmingham 087B,E01009071,749,205,85,120,544,448,96
2021,Birmingham 075E,E01009072,976,225,99,126,751,596,155
2021,Birmingham 085A,E01009073,411,167,56,111,244,208,36
2021,Birmingham 085B,E01009074,577,211,61,150,366,336,30
2021,Birmingham 087C,E01009075,541,170,71,99,371,322,49
2021,Birmingham 095C,E01009077,707,192,60,132,515,434,81
2021,Birmingham 087E,E01009078,587,185,95,90,402,350,52
2021,Birmingham 141G,E01009079,499,188,52,136,311,282,29
2021,Birmingham 141F,E01009080,409,167,48,119,242,222,20
2021,Birmingham 141H,E01009081,411,175,65,110,236,217,19
2021,Birmingham 044A,E01009082,536,207,56,151,329,300,29
2021,Birmingham 141I,E01009083,544,221,63,158,323,297,26
2021,Birmingham 042A,E01009084,724,277,84,193,447,402,45
2021,Birmingham 042B,E01009085,774,306,100,206,468,412,56
2021,Birmingham 044B,E01009086,761,291,77,214,470,419,51
2021,Birmingham 042C,E01009087,657,264,60,204,393,353,40
2021,Birmingham 045A,E01009088,570,184,50,134,386,358,28
2021,Birmingham 042D,E01009089,619,228,58,170,391,361,30
2021,Birmingham 042E,E01009090,767,336,128,208,431,377,54
2021,Birmingham 045B,E01009091,643,204,53,151,439,404,35
2021,Birmingham 054A,E01009092,564,207,57,150,357,328,29
2021,Birmingham 054B,E01009093,616,189,46,143,427,381,46
2021,Birmingham 054C,E01009094,598,221,74,147,377,342,35
2021,Birmingham 056A,E01009095,759,223,69,154,536,484,52
2021,Birmingham 029A,E01009096,677,190,38,152,487,445,42
2021,Birmingham 029B,E01009097,736,254,63,191,482,450,32
2021,Birmingham 025C,E01009098,880,257,83,174,623,542,81
2021,Birmingham 029C,E01009099,624,195,55,140,429,392,37
2021,Birmingham 025D,E01009100,873,235,84,151,638,551,87
2021,Birmingham 029D,E01009101,601,191,45,146,410,378,32
2021,Birmingham 141E,E01009102,632,180,45,135,452,399,53
2021,Birmingham 029E,E01009103,526,164,41,123,362,332,30
2021,Birmingham 141D,E01009104,645,198,55,143,447,397,50
2021,Birmingham 025E,E01009105,830,207,59,148,623,548,75
2021,Birmingham 029F,E01009106,599,166,48,118,433,387,46
2021,Birmingham 128A,E01009107,566,200,58,142,366,338,28
2021,Birmingham 127A,E01009108,459,141,33,108,318,274,44
2021,Birmingham 123B,E01009109,503,168,48,120,335,307,28
2021,Birmingham 128B,E01009110,557,184,69,115,373,331,42
2021,Birmingham 127B,E01009111,701,207,56,151,494,431,63
2021,Birmingham 127C,E01009112,677,196,56,140,481,416,65
2021,Birmingham 128C,E01009113,495,156,56,100,339,299,40
2021,Birmingham 128D,E01009114,547,181,51,130,366,334,32
2021,Birmingham 128E,E01009115,484,147,41,106,337,296,41
2021,Birmingham 127D,E01009116,601,162,68,94,439,353,86
2021,Birmingham 126A,E01009117,672,269,69,200,403,369,34
2021,Birmingham 127E,E01009118,643,173,55,118,470,429,41
2021,Birmingham 123C,E01009119,671,200,69,131,471,410,61
2021,Birmingham 123D,E01009120,794,192,59,133,602,543,59
2021,Birmingham 014B,E01009122,624,188,56,132,436,389,47
2021,Birmingham 022A,E01009123,669,193,61,132,476,438,38
2021,Birmingham 022B,E01009124,592,251,96,155,341,312,29
2021,Birmingham 022C,E01009125,747,238,71,167,509,464,45
2021,Birmingham 026A,E01009126,703,230,85,145,473,424,49
2021,Birmingham 011A,E01009127,559,183,51,132,376,341,35
2021,Birmingham 011B,E01009128,499,141,42,99,358,321,37
2021,Birmingham 014C,E01009129,610,201,52,149,409,376,33
2021,Birmingham 011C,E01009130,566,168,39,129,398,356,42
2021,Birmingham 011D,E01009131,575,207,68,139,368,340,28
2021,Birmingham 014D,E01009132,547,184,37,147,363,331,32
2021,Birmingham 011E,E01009133,564,189,60,129,375,334,41
2021,Birmingham 011F,E01009134,651,198,53,145,453,408,45
2021,Birmingham 010A,E01009135,612,152,56,96,460,388,72
2021,Birmingham 014E,E01009136,595,158,52,106,437,368,69
2021,Birmingham 011G,E01009137,608,221,67,154,387,351,36
2021,Birmingham 060A,E01009138,926,287,83,204,639,555,84
2021,Birmingham 060B,E01009139,694,221,75,146,473,417,56
2021,Birmingham 060C,E01009140,1039,301,126,175,738,640,98
2021,Birmingham 137A,E01009141,609,227,68,159,382,341,41
2021,Birmingham 136A,E01009143,584,245,103,142,339,306,33
2021,Birmingham 060D,E01009145,892,255,103,152,637,564,73
2021,Birmingham 136B,E01009146,787,266,120,146,521,447,74
2021,Birmingham 060E,E01009147,803,226,102,124,577,487,90
2021,Birmingham 053A,E01009151,696,256,95,161,440,397,43
2021,Birmingham 053B,E01009152,668,232,95,137,436,392,44
2021,Birmingham 053C,E01009153,807,284,133,151,523,467,56
2021,Birmingham 125B,E01009155,449,138,40,98,311,289,22
2021,Birmingham 125D,E01009157,497,153,50,103,344,303,41
2021,Birmingham 129A,E01009158,1002,264,85,179,738,670,68
2021,Birmingham 130A,E01009159,1128,300,90,210,828,718,110
2021,Birmingham 125E,E01009160,471,166,52,114,305,265,40
2021,Birmingham 125F,E01009161,535,183,64,119,352,319,33
2021,Birmingham 124A,E01009162,737,186,60,126,551,482,69
2021,Birmingham 130B,E01009164,638,166,51,115,472,404,68
2021,Birmingham 129C,E01009165,628,163,40,123,465,406,59
2021,Birmingham 131A,E01009166,588,154,43,111,434,390,44
2021,Birmingham 130C,E01009167,695,199,61,138,496,442,54
2021,Birmingham 131B,E01009168,752,210,59,151,542,478,64
2021,Birmingham 129D,E01009169,842,197,64,133,645,583,62
2021,Birmingham 131C,E01009170,774,216,65,151,558,497,61
2021,Birmingham 130D,E01009171,754,201,61,140,553,498,55
2021,Birmingham 119A,E01009172,566,192,59,133,374,328,46
2021,Birmingham 119B,E01009173,655,229,72,157,426,381,45
2021,Birmingham 119C,E01009174,499,172,44,128,327,295,32
2021,Birmingham 104A,E01009175,783,222,63,159,561,474,87
2021,Birmingham 105E,E01009176,704,231,78,153,473,402,71
2021,Birmingham 104B,E01009177,742,216,71,145,526,465,61
2021,Birmingham 104C,E01009178,848,244,92,152,604,529,75
2021,Birmingham 104D,E01009179,746,225,84,141,521,456,65
2021,Birmingham 092A,E01009182,622,232,88,144,390,347,43
2021,Birmingham 088C,E01009183,802,242,97,145,560,425,135
2021,Birmingham 092B,E01009184,803,190,66,124,613,503,110
2021,Birmingham 093A,E01009185,772,249,97,152,523,434,89
2021,Birmingham 088D,E01009186,855,216,76,140,639,528,111
2021,Birmingham 092C,E01009187,669,180,71,109,489,393,96
2021,Birmingham 092D,E01009188,678,190,64,126,488,404,84
2021,Birmingham 104E,E01009189,652,194,63,131,458,394,64
2021,Birmingham 052B,E01009192,837,349,105,244,488,441,47
2021,Birmingham 058A,E01009195,762,348,97,251,414,385,29
2021,Birmingham 058C,E01009197,560,271,78,193,289,267,22
2021,Birmingham 052D,E01009199,563,199,73,126,364,326,38
2021,Birmingham 139A,E01009200,593,244,71,173,349,311,38
2021,Birmingham 043A,E01009201,555,251,94,157,304,276,28
2021,Birmingham 043B,E01009202,515,233,83,150,282,246,36
2021,Birmingham 052E,E01009204,558,268,79,189,290,261,29
2021,Birmingham 120A,E01009205,712,207,70,137,505,444,61
2021,Birmingham 120B,E01009206,717,217,57,160,500,442,58
2021,Birmingham 124B,E01009207,797,198,56,142,599,545,54
2021,Birmingham 124C,E01009208,895,222,63,159,673,610,63
2021,Birmingham 124D,E01009209,976,265,71,194,711,635,76
2021,Birmingham 126B,E01009210,758,216,70,146,542,502,40
2021,Birmingham 120C,E01009211,724,199,60,139,525,472,53
2021,Birmingham 126C,E01009212,657,174,59,115,483,435,48
2021,Birmingham 124E,E01009213,614,181,45,136,433,394,39
2021,Birmingham 126D,E01009214,682,218,63,155,464,427,37
2021,Birmingham 126E,E01009215,575,202,56,146,373,339,34
2021,Birmingham 131D,E01009216,827,239,85,154,588,526,62
2021,Birmingham 131E,E01009217,786,209,65,144,577,530,47
2021,Birmingham 120D,E01009218,688,174,62,112,514,414,100
2021,Birmingham 120E,E01009219,654,194,56,138,460,420,40
2021,Birmingham 008A,E01009220,746,226,56,170,520,460,60
2021,Birmingham 007A,E01009221,708,202,66,136,506,447,59
2021,Birmingham 008B,E01009222,600,181,49,132,419,358,61
2021,Birmingham 013A,E01009223,749,209,63,146,540,481,59
2021,Birmingham 008C,E01009224,682,183,46,137,499,445,54
2021,Birmingham 013B,E01009225,608,176,53,123,432,398,34
2021,Birmingham 017A,E01009226,688,181,54,127,507,438,69
2021,Birmingham 013C,E01009227,810,221,83,138,589,515,74
2021,Birmingham 013D,E01009228,750,230,64,166,520,465,55
2021,Birmingham 017B,E01009229,750,210,59,151,540,481,59
2021,Birmingham 017C,E01009230,712,178,48,130,534,481,53
2021,Birmingham 017D,E01009231,843,270,87,183,573,520,53
2021,Birmingham 022D,E01009232,648,203,67,136,445,398,47
2021,Birmingham 008D,E01009233,609,210,50,160,399,346,53
2021,Birmingham 019A,E01009234,750,200,57,143,550,500,50
2021,Birmingham 016A,E01009235,737,222,70,152,515,473,42
2021,Birmingham 019B,E01009236,696,211,61,150,485,435,50
2021,Birmingham 024A,E01009237,612,184,50,134,428,401,27
2021,Birmingham 024B,E01009238,703,224,61,163,479,428,51
2021,Birmingham 033F,E01009239,579,161,47,114,418,388,30
2021,Birmingham 024C,E01009240,652,204,74,130,448,414,34
2021,Birmingham 024D,E01009241,760,240,93,147,520,482,38
2021,Birmingham 024E,E01009242,854,298,100,198,556,503,53
2021,Birmingham 016B,E01009243,877,234,77,157,643,575,68
2021,Birmingham 019C,E01009244,903,234,59,175,669,607,62
2021,Birmingham 016C,E01009245,644,189,54,135,455,403,52
2021,Birmingham 016D,E01009246,730,185,58,127,545,494,51
2021,Birmingham 016E,E01009247,747,224,79,145,523,470,53
2021,Birmingham 019D,E01009248,865,231,67,164,634,577,57
2021,Birmingham 080A,E01009249,733,215,72,143,518,460,58
2021,Birmingham 080B,E01009250,780,231,79,152,549,485,64
2021,Birmingham 080C,E01009251,743,186,60,126,557,487,70
2021,Birmingham 073C,E01009252,839,215,78,137,624,487,137
2021,Birmingham 080D,E01009253,767,225,70,155,542,483,59
2021,Birmingham 085C,E01009254,746,220,60,160,526,466,60
2021,Birmingham 080E,E01009255,669,206,57,149,463,416,47
2021,Birmingham 085D,E01009256,681,220,75,145,461,410,51
2021,Birmingham 080F,E01009257,659,201,72,129,458,402,56
2021,Birmingham 085E,E01009258,526,138,44,94,388,344,44
2021,Birmingham 094E,E01009259,585,174,49,125,411,365,46
2021,Birmingham 073D,E01009260,718,190,70,120,528,444,84
2021,Birmingham 073E,E01009261,790,230,80,150,560,493,67
2021,Birmingham 133A,E01009262,825,247,82,165,578,519,59
2021,Birmingham 032C,E01009263,614,223,93,130,391,340,51
2021,Birmingham 032D,E01009264,1003,208,85,123,795,726,69
2021,Birmingham 032E,E01009265,671,218,77,141,453,392,61
2021,Birmingham 034A,E01009266,634,213,63,150,421,391,30
2021,Birmingham 133B,E01009267,768,215,82,133,553,493,60
2021,Birmingham 036A,E01009268,640,197,62,135,443,398,45
2021,Birmingham 034B,E01009269,490,197,61,136,293,274,19
2021,Birmingham 034C,E01009270,650,280,102,178,370,332,38
2021,Birmingham 034D,E01009271,528,205,70,135,323,297,26
2021,Birmingham 036B,E01009272,501,160,42,118,341,305,36
2021,Birmingham 034E,E01009273,557,235,72,163,322,277,45
2021,Birmingham 036C,E01009274,780,278,110,168,502,461,41
2021,Birmingham 039A,E01009275,542,243,82,161,299,276,23
2021,Birmingham 133C,E01009276,745,240,70,170,505,457,48
2021,Birmingham 133D,E01009278,844,234,69,165,610,552,58
2021,Birmingham 133E,E01009279,710,213,66,147,497,438,59
2021,Birmingham 100A,E01009280,859,251,81,170,608,525,83
2021,Birmingham 099A,E01009281,592,183,64,119,409,348,61
2021,Birmingham 100B,E01009282,721,223,102,121,498,442,56
2021,Birmingham 079E,E01009283,711,221,98,123,490,411,79
2021,Birmingham 096A,E01009284,1120,531,322,209,589,534,55
2021,Birmingham 096C,E01009286,503,358,270,88,145,127,18
2021,Birmingham 100C,E01009288,469,149,71,78,320,242,78
2021,Birmingham 096E,E01009289,495,328,246,82,167,152,15
2021,Birmingham 096F,E01009290,439,311,257,54,128,107,21
2021,Birmingham 095D,E01009291,670,181,46,135,489,436,53
2021,Birmingham 099B,E01009292,772,191,62,129,581,521,60
2021,Birmingham 100D,E01009293,666,213,88,125,453,403,50
2021,Birmingham 099C,E01009294,822,251,107,144,571,479,92
2021,Birmingham 099D,E01009295,592,239,119,120,353,305,48
2021,Birmingham 100E,E01009296,683,233,80,153,450,381,69
2021,Birmingham 057A,E01009297,698,186,64,122,512,466,46
2021,Birmingham 054D,E01009298,582,185,58,127,397,359,38
2021,Birmingham 057B,E01009299,586,195,51,144,391,359,32
2021,Birmingham 057C,E01009300,671,224,73,151,447,403,44
2021,Birmingham 057D,E01009301,600,180,47,133,420,381,39
2021,Birmingham 069A,E01009302,586,160,51,109,426,376,50
2021,Birmingham 057E,E01009303,598,165,55,110,433,388,45
2021,Birmingham 046A,E01009304,795,212,62,150,583,515,68
2021,Birmingham 045C,E01009305,607,182,47,135,425,389,36
2021,Birmingham 046B,E01009306,635,191,66,125,444,404,40
2021,Birmingham 045D,E01009307,591,171,41,130,420,371,49
2021,Birmingham 046C,E01009308,718,203,42,161,515,457,58
2021,Birmingham 045E,E01009309,694,193,50,143,501,455,46
2021,Birmingham 046D,E01009310,773,232,64,168,541,488,53
2021,Birmingham 054E,E01009311,572,186,47,139,386,346,40
2021,Birmingham 072A,E01009312,760,241,90,151,519,456,63
2021,Birmingham 076D,E01009313,717,218,74,144,499,451,48
2021,Birmingham 069B,E01009314,809,246,82,164,563,500,63
2021,Birmingham 081A,E01009315,725,199,64,135,526,478,48
2021,Birmingham 081B,E01009316,909,266,82,184,643,581,62
2021,Birmingham 081C,E01009317,912,256,62,194,656,577,79
2021,Birmingham 081D,E01009318,766,218,72,146,548,491,57
2021,Birmingham 081E,E01009319,789,228,76,152,561,499,62
2021,Birmingham 081F,E01009320,787,219,60,159,568,513,55
2021,Birmingham 069C,E01009321,650,209,60,149,441,399,42
2021,Birmingham 069D,E01009322,674,201,71,130,473,436,37
2021,Birmingham 069E,E01009323,709,232,81,151,477,424,53
2021,Birmingham 072B,E01009324,758,212,52,160,546,487,59
2021,Birmingham 063A,E01009325,582,300,81,219,282,259,23
2021,Birmingham 066D,E01009326,639,285,104,181,354,334,20
2021,Birmingham 139B,E01009327,477,254,92,162,223,197,26
2021,Birmingham 139C,E01009328,668,310,89,221,358,334,24
2021,Birmingham 070A,E01009329,718,359,120,239,359,322,37
2021,Birmingham 139D,E01009331,743,371,132,239,372,339,33
2021,Birmingham 139E,E01009332,543,269,97,172,274,244,30
2021,Birmingham 139F,E01009333,398,212,51,161,186,169,17
2021,Birmingham 070B,E01009334,561,224,64,160,337,304,33
2021,Birmingham 139G,E01009335,625,294,96,198,331,311,20
2021,Birmingham 070C,E01009337,555,305,103,202,250,220,30
2021,Birmingham 070D,E01009338,477,251,63,188,226,205,21
2021,Birmingham 142A,E01009339,439,205,57,148,234,209,25
2021,Birmingham 066E,E01009341,484,224,79,145,260,232,28
2021,Birmingham 063D,E01009342,552,250,93,157,302,275,27
2021,Birmingham 063E,E01009343,501,241,62,179,260,241,19
2021,Birmingham 139H,E01009344,488,266,72,194,222,217,5
2021,Birmingham 053D,E01009345,505,204,71,133,301,258,43
2021,Birmingham 053E,E01009346,560,243,67,176,317,290,27
2021,Birmingham 049D,E01009347,504,230,93,137,274,258,16
2021,Birmingham 047A,E01009348,809,280,108,172,529,467,62
2021,Birmingham 036D,E01009349,521,233,73,160,288,264,24
2021,Birmingham 039B,E01009350,460,198,71,127,262,237,25
2021,Birmingham 036E,E01009351,569,227,81,146,342,302,40
2021,Birmingham 039C,E01009352,558,246,90,156,312,275,37
2021,Birmingham 039D,E01009353,527,213,69,144,314,281,33
2021,Birmingham 036F,E01009354,498,192,60,132,306,279,27
2021,Birmingham 039E,E01009355,490,193,60,133,297,269,28
2021,Birmingham 047B,E01009358,719,290,86,204,429,385,44
2021,Birmingham 047C,E01009359,632,271,89,182,361,330,31
2021,Birmingham 047D,E01009360,939,361,148,213,578,530,48
2021,Birmingham 047E,E01009361,598,259,92,167,339,308,31
2021,Birmingham 071A,E01009362,365,163,58,105,202,187,15
2021,Birmingham 071B,E01009363,495,205,77,128,290,262,28
2021,Birmingham 071C,E01009364,424,222,67,155,202,198,4
2021,Birmingham 071D,E01009365,478,220,80,140,258,244,14
2021,Birmingham 084A,E01009366,499,209,54,155,290,267,23
2021,Birmingham 083A,E01009367,454,204,82,122,250,235,15
2021,Birmingham 077A,E01009368,376,192,56,136,184,175,9
2021,Birmingham 077D,E01009371,517,265,79,186,252,234,18
2021,Birmingham 082A,E01009372,496,235,75,160,261,248,13
2021,Birmingham 082B,E01009373,524,221,70,151,303,284,19
2021,Birmingham 084B,E01009374,325,152,54,98,173,157,16
2021,Birmingham 083B,E01009375,608,277,84,193,331,315,16
2021,Birmingham 084C,E01009376,478,205,59,146,273,246,27
2021,Birmingham 083C,E01009377,337,161,53,108,176,162,14
2021,Birmingham 071E,E01009379,483,238,93,145,245,230,15
2021,Birmingham 070E,E01009380,455,266,68,198,189,171,18
2021,Birmingham 142D,E01009382,601,235,70,165,366,331,35
2021,Birmingham 083D,E01009383,491,184,79,105,307,283,24
2021,Birmingham 092E,E01009384,604,174,70,104,430,383,47
2021,Birmingham 092F,E01009385,584,153,67,86,431,376,55
2021,Birmingham 093B,E01009389,642,259,96,163,383,342,41
2021,Birmingham 093C,E01009390,666,213,95,118,453,362,91
2021,Birmingham 143C,E01009391,493,264,84,180,229,213,16
2021,Birmingham 142E,E01009392,541,221,58,163,320,282,38
2021,Birmingham 143D,E01009393,507,227,59,168,280,264,16
2021,Birmingham 093D,E01009394,856,262,101,161,594,499,95
2021,Birmingham 097F,E01009395,548,200,67,133,348,314,34
2021,Birmingham 082D,E01009396,624,263,71,192,361,341,20
2021,Birmingham 077E,E01009397,484,217,61,156,267,246,21
2021,Birmingham 083E,E01009399,431,204,62,142,227,209,18
2021,Birmingham 031E,E01009400,596,202,60,142,394,351,43
2021,Birmingham 031F,E01009401,677,241,79,162,436,376,60
2021,Birmingham 020A,E01009403,638,223,65,158,415,371,44
2021,Birmingham 020B,E01009404,655,223,64,159,432,395,37
2021,Birmingham 020C,E01009405,615,195,56,139,420,375,45
2021,Birmingham 020D,E01009406,734,205,50,155,529,471,58
2021,Birmingham 020E,E01009407,737,219,81,138,518,467,51
2021,Birmingham 026B,E01009408,701,234,58,176,467,434,33
2021,Birmingham 026C,E01009409,789,190,58,132,599,519,80
2021,Birmingham 026D,E01009410,704,230,70,160,474,427,47
2021,Birmingham 030B,E01009411,931,239,88,151,692,637,55
2021,Birmingham 030C,E01009412,636,206,72,134,430,383,47
2021,Birmingham 030D,E01009413,746,245,84,161,501,457,44
2021,Birmingham 030E,E01009414,991,324,106,218,667,586,81
2021,Birmingham 002A,E01009415,773,233,89,144,540,428,112
2021,Birmingham 003A,E01009416,1414,406,161,245,1008,835,173
2021,Birmingham 001A,E01009417,756,199,72,127,557,446,111
2021,Birmingham 001B,E01009418,636,171,62,109,465,394,71
2021,Birmingham 001C,E01009419,642,196,77,119,446,374,72
2021,Birmingham 003B,E01009420,803,207,55,152,596,513,83
2021,Birmingham 004A,E01009421,784,229,95,134,555,421,134
2021,Birmingham 002B,E01009422,940,284,110,174,656,532,124
2021,Birmingham 002C,E01009423,708,210,64,146,498,431,67
2021,Birmingham 004B,E01009424,804,202,60,142,602,486,116
2021,Birmingham 002D,E01009425,675,218,83,135,457,376,81
2021,Birmingham 003C,E01009426,670,210,69,141,460,382,78
2021,Birmingham 004C,E01009427,710,208,96,112,502,391,111
2021,Birmingham 004D,E01009428,727,232,84,148,495,390,105
2021,Birmingham 003D,E01009429,636,178,80,98,458,359,99
2021,Birmingham 004E,E01009430,769,224,115,109,545,429,116
2021,Birmingham 003E,E01009431,801,223,82,141,578,475,103
2021,Birmingham 006A,E01009432,638,175,77,98,463,378,85
2021,Birmingham 001D,E01009433,793,221,84,137,572,469,103
2021,Birmingham 012A,E01009434,918,225,90,135,693,568,125
2021,Birmingham 006B,E01009435,913,231,71,160,682,588,94
2021,Birmingham 012B,E01009436,650,201,79,122,449,367,82
2021,Birmingham 006C,E01009437,842,221,79,142,621,526,95
2021,Birmingham 012C,E01009438,657,203,67,136,454,404,50
2021,Birmingham 021A,E01009439,624,184,52,132,440,379,61
2021,Birmingham 012D,E01009440,679,205,70,135,474,392,82
2021,Birmingham 021B,E01009441,666,200,59,141,466,404,62
2021,Birmingham 021C,E01009442,675,191,74,117,484,416,68
2021,Birmingham 021D,E01009443,592,158,51,107,434,385,49
2021,Birmingham 006D,E01009444,701,223,79,144,478,397,81
2021,Birmingham 005A,E01009445,755,235,73,162,520,460,60
2021,Birmingham 005B,E01009446,1228,320,102,218,908,792,116
2021,Birmingham 005C,E01009447,785,211,72,139,574,505,69
2021,Birmingham 005D,E01009448,697,202,62,140,495,428,67
2021,Birmingham 009A,E01009449,1153,252,112,140,901,760,141
2021,Birmingham 012E,E01009450,807,198,77,121,609,518,91
2021,Birmingham 009B,E01009451,717,186,58,128,531,433,98
2021,Birmingham 005E,E01009452,788,215,70,145,573,513,60
2021,Birmingham 009C,E01009453,717,191,66,125,526,465,61
2021,Birmingham 006E,E01009454,727,215,77,138,512,439,73
2021,Birmingham 005F,E01009455,510,142,48,94,368,325,43
2021,Birmingham 018C,E01009456,843,216,70,146,627,526,101
2021,Birmingham 015A,E01009457,652,193,87,106,459,367,92
2021,Birmingham 018D,E01009458,555,125,38,87,430,380,50
2021,Birmingham 015B,E01009459,736,206,75,131,530,439,91
2021,Birmingham 018E,E01009460,804,197,58,139,607,536,71
2021,Birmingham 015C,E01009461,608,166,64,102,442,376,66
2021,Birmingham 018F,E01009462,817,215,62,153,602,507,95
2021,Birmingham 015D,E01009463,658,166,69,97,492,406,86
2021,Birmingham 007B,E01009464,743,191,59,132,552,482,70
2021,Birmingham 007C,E01009465,712,195,69,126,517,438,79
2021,Birmingham 009D,E01009466,806,212,74,138,594,484,110
2021,Birmingham 007D,E01009467,673,187,66,121,486,420,66
2021,Birmingham 004F,E01009468,684,208,67,141,476,412,64
2021,Birmingham 010B,E01009469,625,175,68,107,450,391,59
2021,Birmingham 010C,E01009470,688,208,85,123,480,398,82
2021,Birmingham 009E,E01009471,845,235,87,148,610,497,113
2021,Birmingham 010D,E01009472,795,216,75,141,579,500,79
2021,Birmingham 010E,E01009473,741,189,57,132,552,478,74
2021,Birmingham 010F,E01009474,765,202,77,125,563,485,78
2021,Birmingham 055A,E01009475,666,298,103,195,368,335,33
2021,Birmingham 055B,E01009476,577,280,104,176,297,274,23
2021,Birmingham 055C,E01009477,558,211,61,150,347,321,26
2021,Birmingham 048A,E01009478,590,239,85,154,351,313,38
2021,Birmingham 048B,E01009479,616,305,101,204,311,292,19
2021,Birmingham 044C,E01009480,638,294,88,206,344,317,27
2021,Birmingham 044D,E01009481,896,431,153,278,465,433,32
2021,Birmingham 048C,E01009482,472,217,85,132,255,236,19
2021,Birmingham 051B,E01009483,479,230,75,155,249,233,16
2021,Birmingham 048D,E01009484,484,254,89,165,230,216,14
2021,Birmingham 048E,E01009485,590,266,88,178,324,307,17
2021,Birmingham 044E,E01009486,646,310,105,205,336,306,30
2021,Birmingham 044F,E01009487,635,281,85,196,354,323,31
2021,Birmingham 051C,E01009488,681,328,95,233,353,320,33
2021,Birmingham 051D,E01009489,550,299,101,198,251,233,18
2021,Birmingham 055D,E01009490,656,306,88,218,350,314,36
2021,Birmingham 051E,E01009491,527,226,82,144,301,271,30
2021,Birmingham 055E,E01009492,558,267,98,169,291,260,31
2021,Birmingham 113D,E01009493,646,172,66,106,474,406,68
2021,Birmingham 109A,E01009494,555,204,59,145,351,306,45
2021,Birmingham 106E,E01009495,427,149,37,112,278,244,34
2021,Birmingham 109B,E01009496,665,174,46,128,491,418,73
2021,Birmingham 109C,E01009497,871,265,83,182,606,537,69
2021,Birmingham 119D,E01009498,660,194,50,144,466,403,63
2021,Birmingham 119E,E01009499,741,213,75,138,528,479,49
2021,Birmingham 095E,E01009500,566,192,62,130,374,345,29
2021,Birmingham 101B,E01009501,590,202,52,150,388,350,38
2021,Birmingham 101C,E01009502,534,153,42,111,381,352,29
2021,Birmingham 101D,E01009503,585,198,55,143,387,348,39
2021,Birmingham 109D,E01009504,629,172,57,115,457,391,66
2021,Birmingham 101E,E01009505,623,201,55,146,422,374,48
2021,Birmingham 109E,E01009506,610,186,65,121,424,372,52
2021,Birmingham 056B,E01009507,494,167,52,115,327,298,29
2021,Birmingham 056C,E01009508,616,226,78,148,390,346,44
2021,Birmingham 056D,E01009509,765,317,97,220,448,407,41
2021,Birmingham 056E,E01009510,521,206,73,133,315,290,25
2021,Birmingham 054F,E01009511,536,226,91,135,310,270,40
2021,Birmingham 062A,E01009512,717,200,60,140,517,466,51
2021,Birmingham 066F,E01009513,670,272,93,179,398,359,39
2021,Birmingham 062B,E01009514,531,177,37,140,354,329,25
2021,Birmingham 067C,E01009515,633,176,48,128,457,418,39
2021,Birmingham 062C,E01009516,556,164,57,107,392,357,35
2021,Birmingham 062D,E01009517,745,238,82,156,507,465,42
2021,Birmingham 067D,E01009518,726,221,60,161,505,450,55
2021,Birmingham 072C,E01009519,701,207,66,141,494,444,50
2021,Birmingham 072D,E01009520,814,254,85,169,560,494,66
2021,Birmingham 067E,E01009521,750,237,73,164,513,466,47
2021,Coventry 014A,E01009522,796,207,61,146,589,525,64
2021,Coventry 010A,E01009523,752,235,103,132,517,423,94
2021,Coventry 006A,E01009524,658,172,52,120,486,410,76
2021,Coventry 006B,E01009525,739,204,59,145,535,486,49
2021,Coventry 010B,E01009526,744,208,57,151,536,463,73
2021,Coventry 006C,E01009527,822,241,91,150,581,525,56
2021,Coventry 010C,E01009528,1025,245,57,188,780,659,121
2021,Coventry 014B,E01009529,754,228,62,166,526,468,58
2021,Coventry 014C,E01009530,742,211,63,148,531,463,68
2021,Coventry 010D,E01009531,707,183,59,124,524,453,71
2021,Coventry 033A,E01009532,626,156,47,109,470,418,52
2021,Coventry 033B,E01009535,593,167,53,114,426,391,35
2021,Coventry 033C,E01009536,684,164,56,108,520,470,50
2021,Coventry 035C,E01009537,634,168,44,124,466,416,50
2021,Coventry 035D,E01009538,659,200,61,139,459,400,59
2021,Coventry 039A,E01009539,888,224,51,173,664,610,54
2021,Coventry 039B,E01009540,694,216,56,160,478,440,38
2021,Coventry 039C,E01009541,683,196,64,132,487,429,58
2021,Coventry 039D,E01009542,759,203,45,158,556,505,51
2021,Coventry 033D,E01009543,983,236,77,159,747,660,87
2021,Coventry 038A,E01009544,721,167,49,118,554,503,51
2021,Coventry 031A,E01009548,1158,363,160,203,795,708,87
2021,Coventry 037B,E01009549,776,218,75,143,558,481,77
2021,Coventry 037C,E01009550,878,195,63,132,683,603,80
2021,Coventry 037E,E01009552,666,188,61,127,478,414,64
2021,Coventry 031B,E01009553,785,272,131,141,513,455,58
2021,Coventry 034A,E01009554,634,184,82,102,450,388,62
2021,Coventry 034B,E01009555,655,205,79,126,450,387,63
2021,Coventry 034C,E01009556,691,176,89,87,515,443,72
2021,Coventry 034D,E01009557,627,196,79,117,431,370,61
2021,Coventry 034E,E01009558,763,186,66,120,577,503,74
2021,Coventry 034F,E01009559,558,147,73,74,411,338,73
2021,Coventry 040A,E01009560,707,188,50,138,519,442,77
2021,Coventry 040B,E01009561,714,188,57,131,526,468,58
2021,Coventry 040C,E01009562,726,191,50,141,535,479,56
2021,Coventry 040D,E01009563,863,247,76,171,616,548,68
2021,Coventry 005A,E01009564,846,216,52,164,630,556,74
2021,Coventry 009A,E01009565,684,213,80,133,471,444,27
2021,Coventry 009B,E01009566,758,244,73,171,514,451,63
2021,Coventry 009C,E01009567,600,207,57,150,393,365,28
2021,Coventry 009D,E01009568,717,234,68,166,483,427,56
2021,Coventry 015A,E01009569,541,165,54,111,376,331,45
2021,Coventry 015B,E01009570,742,250,76,174,492,440,52
2021,Coventry 015C,E01009571,552,183,54,129,369,331,38
2021,Coventry 015E,E01009573,504,200,55,145,304,277,27
2021,Coventry 015F,E01009574,522,215,85,130,307,282,25
2021,Coventry 005B,E01009575,536,160,51,109,376,320,56
2021,Coventry 008A,E01009576,760,206,55,151,554,489,65
2021,Coventry 007A,E01009577,630,202,50,152,428,386,42
2021,Coventry 008B,E01009578,658,199,55,144,459,421,38
2021,Coventry 007B,E01009579,834,259,67,192,575,517,58
2021,Coventry 019A,E01009580,580,140,45,95,440,393,47
2021,Coventry 007C,E01009581,753,239,60,179,514,470,44
2021,Coventry 008C,E01009582,837,201,56,145,636,577,59
2021,Coventry 008D,E01009583,711,187,52,135,524,473,51
2021,Coventry 007D,E01009584,970,238,63,175,732,665,67
2021,Coventry 007E,E01009585,785,213,49,164,572,515,57
2021,Coventry 008E,E01009586,880,238,60,178,642,588,54
2021,Coventry 011A,E01009587,976,304,99,205,672,600,72
2021,Coventry 043A,E01009588,680,197,58,139,483,445,38
2021,Coventry 001A,E01009589,810,217,75,142,593,533,60
2021,Coventry 002A,E01009590,753,189,56,133,564,499,65
2021,Coventry 002B,E01009591,758,212,63,149,546,492,54
2021,Coventry 043B,E01009592,743,220,61,159,523,476,47
2021,Coventry 002C,E01009593,733,213,65,148,520,461,59
2021,Coventry 006D,E01009594,692,189,53,136,503,443,60
2021,Coventry 043C,E01009596,965,272,86,186,693,619,74
2021,Coventry 043D,E01009597,834,248,75,173,586,541,45
2021,Coventry 002D,E01009598,958,236,68,168,722,666,56
2021,Coventry 013A,E01009599,421,123,39,84,298,271,27
2021,Coventry 004A,E01009604,681,196,59,137,485,443,42
2021,Coventry 004B,E01009605,641,184,44,140,457,421,36
2021,Coventry 005C,E01009606,1082,291,78,213,791,706,85
2021,Coventry 004C,E01009607,575,196,51,145,379,346,33
2021,Coventry 004D,E01009608,668,199,59,140,469,429,40
2021,Coventry 005D,E01009609,692,207,55,152,485,434,51
2021,Coventry 004E,E01009610,682,192,55,137,490,440,50
2021,Coventry 035F,E01009612,588,161,59,102,427,386,41
2021,Coventry 018A,E01009613,636,188,64,124,448,406,42
2021,Coventry 021A,E01009614,709,193,58,135,516,466,50
2021,Coventry 027A,E01009615,793,234,89,145,559,503,56
2021,Coventry 027B,E01009616,834,224,67,157,610,547,63
2021,Coventry 027C,E01009617,600,194,69,125,406,359,47
2021,Coventry 027D,E01009618,890,220,65,155,670,600,70
2021,Coventry 027E,E01009620,1383,334,103,231,1049,941,108
2021,Coventry 027F,E01009621,570,188,65,123,382,335,47
2021,Coventry 012A,E01009622,759,229,56,173,530,479,51
2021,Coventry 012B,E01009623,683,189,69,120,494,448,46
2021,Coventry 011B,E01009624,710,221,56,165,489,446,43
2021,Coventry 011C,E01009625,1109,313,101,212,796,719,77
2021,Coventry 011D,E01009626,778,222,54,168,556,499,57
2021,Coventry 012C,E01009627,802,236,75,161,566,512,54
2021,Coventry 012D,E01009628,714,196,70,126,518,464,54
2021,Coventry 020B,E01009630,831,232,80,152,599,543,56
2021,Coventry 020C,E01009631,570,172,49,123,398,351,47
2021,Coventry 020D,E01009632,756,227,89,138,529,485,44
2021,Coventry 028A,E01009633,722,318,127,191,404,375,29
2021,Coventry 028B,E01009634,852,316,178,138,536,500,36
2021,Coventry 024A,E01009636,1042,348,131,217,694,632,62
2021,Coventry 024B,E01009637,552,223,84,139,329,307,22
2021,Coventry 024C,E01009638,511,203,73,130,308,281,27
2021,Coventry 024D,E01009639,594,239,77,162,355,323,32
2021,Coventry 024E,E01009640,705,258,91,167,447,395,52
2021,Coventry 024F,E01009641,890,500,241,259,390,362,28
2021,Coventry 017A,E01009643,756,176,61,115,580,508,72
2021,Coventry 017B,E01009644,822,213,61,152,609,547,62
2021,Coventry 014D,E01009645,733,191,61,130,542,491,51
2021,Coventry 022A,E01009646,794,207,61,146,587,509,78
2021,Coventry 017C,E01009647,928,230,74,156,698,604,94
2021,Coventry 017D,E01009648,790,187,64,123,603,535,68
2021,Coventry 026A,E01009649,706,166,56,110,540,485,55
2021,Coventry 020E,E01009650,756,236,108,128,520,480,40
2021,Coventry 031D,E01009651,531,178,67,111,353,321,32
2021,Coventry 017E,E01009652,707,174,54,120,533,476,57
2021,Coventry 017F,E01009653,795,204,66,138,591,528,63
2021,Coventry 021B,E01009654,939,257,69,188,682,620,62
2021,Coventry 016A,E01009655,955,240,61,179,715,634,81
2021,Coventry 016B,E01009656,660,196,42,154,464,423,41
2021,Coventry 018B,E01009657,855,218,65,153,637,583,54
2021,Coventry 021C,E01009658,778,217,62,155,561,524,37
2021,Coventry 016C,E01009659,803,234,88,146,569,535,34
2021,Coventry 021D,E01009660,800,220,76,144,580,523,57
2021,Coventry 028D,E01009661,850,272,109,163,578,546,32
2021,Coventry 016D,E01009662,605,172,53,119,433,392,41
2021,Coventry 013B,E01009663,618,160,41,119,458,423,35
2021,Coventry 016E,E01009664,729,215,66,149,514,459,55
2021,Coventry 042A,E01009665,499,147,67,80,352,295,57
2021,Coventry 041A,E01009666,656,209,68,141,447,380,67
2021,Coventry 041B,E01009667,503,134,47,87,369,303,66
2021,Coventry 041C,E01009668,817,204,75,129,613,545,68
2021,Coventry 042B,E01009669,627,194,70,124,433,372,61
2021,Coventry 041D,E01009670,832,222,65,157,610,534,76
2021,Coventry 042C,E01009671,907,445,308,137,462,356,106
2021,Coventry 040E,E01009672,935,250,76,174,685,591,94
2021,Coventry 029A,E01009674,797,208,54,154,589,530,59
2021,Coventry 032A,E01009676,815,180,61,119,635,577,58
2021,Coventry 036C,E01009679,700,291,153,138,409,361,48
2021,Coventry 032B,E01009681,673,183,66,117,490,434,56
2021,Coventry 032C,E01009682,721,180,44,136,541,477,64
2021,Coventry 032D,E01009683,757,236,96,140,521,470,51
2021,Coventry 026B,E01009684,608,179,56,123,429,386,43
2021,Coventry 026C,E01009685,837,216,68,148,621,558,63
2021,Coventry 026D,E01009686,869,209,74,135,660,572,88
2021,Coventry 026E,E01009687,690,177,51,126,513,480,33
2021,Coventry 030A,E01009688,779,238,103,135,541,488,53
2021,Coventry 030B,E01009689,703,192,87,105,511,461,50
2021,Coventry 030C,E01009690,694,202,90,112,492,440,52
2021,Coventry 030D,E01009691,674,164,86,78,510,445,65
2021,Coventry 022B,E01009692,488,124,34,90,364,323,41
2021,Coventry 022C,E01009693,747,198,54,144,549,496,53
2021,Coventry 022D,E01009694,725,210,66,144,515,460,55
2021,Coventry 023A,E01009695,663,158,32,126,505,448,57
2021,Coventry 023B,E01009696,654,156,41,115,498,426,72
2021,Coventry 025A,E01009697,1072,228,56,172,844,752,92
2021,Coventry 025B,E01009698,705,188,50,138,517,450,67
2021,Coventry 029B,E01009699,691,171,54,117,520,466,54
2021,Coventry 029C,E01009700,706,171,45,126,535,493,42
2021,Coventry 029D,E01009701,628,184,46,138,444,386,58
2021,Coventry 029E,E01009702,609,164,50,114,445,411,34
2021,Coventry 023C,E01009704,706,189,62,127,517,447,70
2021,Coventry 023D,E01009705,615,164,61,103,451,400,51
2021,Coventry 025D,E01009706,713,162,45,117,551,500,51
2021,Coventry 033E,E01009707,950,243,57,186,707,619,88
2021,Coventry 033F,E01009708,676,169,47,122,507,470,37
2021,Coventry 007F,E01009709,356,119,39,80,237,219,18
2021,Coventry 013C,E01009710,662,160,48,112,502,463,39
2021,Coventry 013D,E01009711,923,225,55,170,698,634,64
2021,Coventry 018C,E01009712,788,207,64,143,581,518,63
2021,Coventry 019B,E01009713,702,172,57,115,530,480,50
2021,Coventry 018D,E01009714,756,218,61,157,538,482,56
2021,Coventry 019C,E01009715,639,154,55,99,485,449,36
2021,Coventry 018E,E01009716,803,227,57,170,576,518,58
2021,Coventry 019D,E01009717,682,183,60,123,499,460,39
2021,Coventry 019E,E01009718,735,204,57,147,531,483,48
2021,Dudley 027A,E01009719,682,195,53,142,487,424,63
2021,Dudley 028A,E01009720,685,220,75,145,465,399,66
2021,Dudley 031A,E01009721,1170,326,86,240,844,719,125
2021,Dudley 027B,E01009722,606,175,54,121,431,385,46
2021,Dudley 028B,E01009723,609,200,65,135,409,358,51
2021,Dudley 028C,E01009724,746,230,68,162,516,452,64
2021,Dudley 031B,E01009725,555,186,62,124,369,335,34
2021,Dudley 031C,E01009726,606,186,56,130,420,375,45
2021,Dudley 027C,E01009727,665,202,69,133,463,386,77
2021,Dudley 027D,E01009728,596,176,47,129,420,373,47
2021,Dudley 027E,E01009729,722,218,69,149,504,449,55
2021,Dudley 028D,E01009730,886,250,74,176,636,556,80
2021,Dudley 023A,E01009731,916,232,72,160,684,609,75
2021,Dudley 039A,E01009732,779,246,71,175,533,462,71
2021,Dudley 039B,E01009733,685,253,81,172,432,380,52
2021,Dudley 034A,E01009734,694,216,72,144,478,417,61
2021,Dudley 034B,E01009735,882,226,63,163,656,579,77
2021,Dudley 034C,E01009736,636,166,49,117,470,411,59
2021,Dudley 034D,E01009737,716,192,56,136,524,464,60
2021,Dudley 034E,E01009738,712,217,60,157,495,451,44
2021,Dudley 039C,E01009739,703,208,60,148,495,434,61
2021,Dudley 023B,E01009740,1029,292,87,205,737,655,82
2021,Dudley 022A,E01009741,827,225,80,145,602,531,71
2021,Dudley 023C,E01009742,671,225,55,170,446,388,58
2021,Dudley 023D,E01009743,745,240,67,173,505,441,64
2021,Dudley 022B,E01009744,1000,258,90,168,742,640,102
2021,Dudley 023E,E01009745,846,210,73,137,636,565,71
2021,Dudley 022C,E01009746,754,226,73,153,528,460,68
2021,Dudley 022D,E01009747,710,220,87,133,490,427,63
2021,Dudley 013A,E01009748,653,204,57,147,449,387,62
2021,Dudley 016A,E01009749,1246,317,87,230,929,793,136
2021,Dudley 016B,E01009750,658,189,62,127,469,424,45
2021,Dudley 017A,E01009751,651,178,42,136,473,432,41
2021,Dudley 017B,E01009752,580,201,51,150,379,338,41
2021,Dudley 017C,E01009753,610,194,55,139,416,362,54
2021,Dudley 017D,E01009754,742,259,92,167,483,432,51
2021,Dudley 006B,E01009756,589,203,70,133,386,341,45
2021,Dudley 006C,E01009757,1007,265,89,176,742,661,81
2021,Dudley 005A,E01009758,726,221,59,162,505,450,55
2021,Dudley 006D,E01009759,545,155,39,116,390,339,51
2021,Dudley 005B,E01009760,599,195,55,140,404,352,52
2021,Dudley 006F,E01009762,451,148,42,106,303,260,43
2021,Dudley 001A,E01009763,921,312,101,211,609,530,79
2021,Dudley 001B,E01009764,741,225,48,177,516,451,65
2021,Dudley 004A,E01009765,749,201,64,137,548,499,49
2021,Dudley 004B,E01009766,699,221,65,156,478,420,58
2021,Dudley 001C,E01009767,716,192,57,135,524,440,84
2021,Dudley 004C,E01009768,610,170,54,116,440,384,56
2021,Dudley 001D,E01009769,630,197,54,143,433,378,55
2021,Dudley 001E,E01009770,638,202,58,144,436,391,45
2021,Dudley 004D,E01009771,665,183,53,130,482,414,68
2021,Dudley 005C,E01009772,568,154,55,99,414,367,47
2021,Dudley 002A,E01009773,680,212,78,134,468,418,50
2021,Dudley 005D,E01009774,738,197,52,145,541,467,74
2021,Dudley 004E,E01009775,635,204,72,132,431,378,53
2021,Dudley 004F,E01009776,737,216,66,150,521,453,68
2021,Dudley 002B,E01009777,758,222,53,169,536,463,73
2021,Dudley 002C,E01009778,843,217,62,155,626,554,72
2021,Dudley 008A,E01009779,634,179,55,124,455,386,69
2021,Dudley 009A,E01009780,1273,347,98,249,926,801,125
2021,Dudley 007A,E01009781,864,254,80,174,610,520,90
2021,Dudley 008B,E01009782,853,238,60,178,615,537,78
2021,Dudley 008C,E01009783,641,205,73,132,436,379,57
2021,Dudley 009B,E01009784,888,237,77,160,651,545,106
2021,Dudley 008D,E01009785,728,216,83,133,512,428,84
2021,Dudley 007B,E01009786,552,181,47,134,371,318,53
2021,Dudley 009C,E01009787,750,194,59,135,556,476,80
2021,Dudley 005E,E01009788,662,197,61,136,465,408,57
2021,Dudley 007C,E01009789,772,206,64,142,566,472,94
2021,Dudley 007D,E01009790,712,215,44,171,497,444,53
2021,Dudley 026A,E01009791,724,193,46,147,531,467,64
2021,Dudley 026B,E01009792,667,198,55,143,469,411,58
2021,Dudley 030A,E01009793,835,235,71,164,600,542,58
2021,Dudley 030B,E01009794,684,176,54,122,508,429,79
2021,Dudley 026C,E01009795,729,250,73,177,479,448,31
2021,Dudley 026D,E01009796,743,207,47,160,536,469,67
2021,Dudley 030C,E01009797,601,177,48,129,424,371,53
2021,Dudley 026E,E01009798,1255,298,92,206,957,829,128
2021,Dudley 039D,E01009799,696,208,71,137,488,421,67
2021,Dudley 036A,E01009800,646,189,50,139,457,395,62
2021,Dudley 030D,E01009801,704,207,67,140,497,416,81
2021,Dudley 036B,E01009802,838,257,72,185,581,509,72
2021,Dudley 036C,E01009803,724,229,68,161,495,421,74
2021,Dudley 036D,E01009804,537,158,56,102,379,313,66
2021,Dudley 039E,E01009805,703,179,46,133,524,478,46
2021,Dudley 039F,E01009806,739,203,74,129,536,463,73
2021,Dudley 043A,E01009807,851,261,72,189,590,514,76
2021,Dudley 043B,E01009808,630,196,58,138,434,382,52
2021,Dudley 033A,E01009809,666,196,63,133,470,412,58
2021,Dudley 043C,E01009810,813,229,59,170,584,509,75
2021,Dudley 043D,E01009811,683,202,69,133,481,428,53
2021,Dudley 043E,E01009812,751,206,73,133,545,456,89
2021,Dudley 033B,E01009813,666,207,71,136,459,408,51
2021,Dudley 014A,E01009814,573,160,53,107,413,345,68
2021,Dudley 014B,E01009815,627,191,69,122,436,369,67
2021,Dudley 012A,E01009816,804,226,62,164,578,496,82
2021,Dudley 012B,E01009817,539,153,54,99,386,317,69
2021,Dudley 014C,E01009818,547,172,59,113,375,316,59
2021,Dudley 012C,E01009819,728,231,71,160,497,427,70
2021,Dudley 012D,E01009820,706,201,57,144,505,424,81
2021,Dudley 014D,E01009821,527,172,60,112,355,297,58
2021,Dudley 014E,E01009822,611,193,72,121,418,348,70
2021,Dudley 016C,E01009823,642,186,62,124,456,382,74
2021,Dudley 016D,E01009824,886,243,68,175,643,573,70
2021,Dudley 019A,E01009825,662,208,65,143,454,399,55
2021,Dudley 019B,E01009826,593,201,57,144,392,334,58
2021,Dudley 019C,E01009827,827,255,94,161,572,481,91
2021,Dudley 019D,E01009828,543,146,46,100,397,334,63
2021,Dudley 019E,E01009829,694,204,62,142,490,418,72
2021,Dudley 019F,E01009830,702,226,86,140,476,401,75
2021,Dudley 037A,E01009831,558,161,42,119,397,348,49
2021,Dudley 042A,E01009832,673,206,66,140,467,406,61
2021,Dudley 032A,E01009833,568,205,70,135,363,328,35
2021,Dudley 031D,E01009834,736,265,97,168,471,416,55
2021,Dudley 032B,E01009835,796,261,88,173,535,460,75
2021,Dudley 037B,E01009836,652,235,88,147,417,363,54
2021,Dudley 037C,E01009837,685,218,70,148,467,406,61
2021,Dudley 037D,E01009838,745,197,60,137,548,486,62
2021,Dudley 013B,E01009839,734,223,66,157,511,466,45
2021,Dudley 018A,E01009840,552,192,55,137,360,325,35
2021,Dudley 017E,E01009841,615,205,62,143,410,349,61
2021,Dudley 018B,E01009842,608,178,56,122,430,379,51
2021,Dudley 018C,E01009843,689,190,64,126,499,468,31
2021,Dudley 011A,E01009844,625,209,66,143,416,376,40
2021,Dudley 041A,E01009845,656,213,80,133,443,351,92
2021,Dudley 041B,E01009846,677,191,59,132,486,417,69
2021,Dudley 038A,E01009847,643,213,63,150,430,385,45
2021,Dudley 038B,E01009848,621,197,49,148,424,360,64
2021,Dudley 038C,E01009849,702,220,67,153,482,406,76
2021,Dudley 041C,E01009850,663,174,55,119,489,419,70
2021,Dudley 038D,E01009851,692,195,63,132,497,414,83
2021,Dudley 041D,E01009852,606,215,78,137,391,313,78
2021,Dudley 042B,E01009853,557,182,45,137,375,319,56
2021,Dudley 040A,E01009854,689,194,78,116,495,403,92
2021,Dudley 042C,E01009855,710,222,98,124,488,367,121
2021,Dudley 035A,E01009856,939,269,96,173,670,575,95
2021,Dudley 040B,E01009857,714,212,58,154,502,433,69
2021,Dudley 040C,E01009858,640,159,63,96,481,412,69
2021,Dudley 040D,E01009859,771,220,75,145,551,462,89
2021,Dudley 042D,E01009860,596,173,55,118,423,362,61
2021,Dudley 033C,E01009861,795,201,70,131,594,532,62
2021,Dudley 033D,E01009862,779,224,78,146,555,477,78
2021,Dudley 033E,E01009863,998,273,87,186,725,651,74
2021,Dudley 025A,E01009864,688,212,60,152,476,417,59
2021,Dudley 025B,E01009865,642,189,54,135,453,403,50
2021,Dudley 025C,E01009866,835,238,84,154,597,519,78
2021,Dudley 025D,E01009867,811,242,61,181,569,477,92
2021,Dudley 033F,E01009868,702,178,45,133,524,466,58
2021,Dudley 032C,E01009869,767,217,62,155,550,476,74
2021,Dudley 032D,E01009870,716,181,56,125,535,475,60
2021,Dudley 018D,E01009871,890,246,77,169,644,569,75
2021,Dudley 020A,E01009872,580,185,52,133,395,343,52
2021,Dudley 020B,E01009873,678,217,51,166,461,408,53
2021,Dudley 020C,E01009874,644,212,72,140,432,377,55
2021,Dudley 018E,E01009875,646,197,54,143,449,403,46
2021,Dudley 020D,E01009876,690,186,51,135,504,437,67
2021,Dudley 020E,E01009877,639,193,58,135,446,408,38
2021,Dudley 025E,E01009878,1155,328,92,236,827,725,102
2021,Dudley 011B,E01009879,1056,288,71,217,768,677,91
2021,Dudley 009D,E01009880,832,225,51,174,607,539,68
2021,Dudley 009E,E01009882,631,196,37,159,435,378,57
2021,Dudley 013C,E01009883,696,203,62,141,493,433,60
2021,Dudley 013D,E01009884,629,194,61,133,435,393,42
2021,Dudley 011D,E01009885,660,203,64,139,457,409,48
2021,Dudley 013E,E01009886,689,201,60,141,488,434,54
2021,Dudley 015A,E01009887,709,244,64,180,465,407,58
2021,Dudley 015B,E01009888,828,260,76,184,568,498,70
2021,Dudley 015C,E01009889,1121,317,100,217,804,706,98
2021,Dudley 015D,E01009890,712,240,65,175,472,426,46
2021,Dudley 010A,E01009891,723,250,72,178,473,425,48
2021,Dudley 010B,E01009892,569,189,61,128,380,321,59
2021,Dudley 010C,E01009893,646,237,72,165,409,372,37
2021,Dudley 010D,E01009894,735,230,70,160,505,448,57
2021,Dudley 002D,E01009895,634,185,64,121,449,381,68
2021,Dudley 003A,E01009896,647,190,63,127,457,398,59
2021,Dudley 003B,E01009897,625,187,68,119,438,380,58
2021,Dudley 003C,E01009898,620,169,51,118,451,377,74
2021,Dudley 008E,E01009899,633,187,59,128,446,378,68
2021,Dudley 008F,E01009900,633,202,67,135,431,384,47
2021,Dudley 003D,E01009901,577,165,60,105,412,331,81
2021,Dudley 003E,E01009902,488,136,40,96,352,311,41
2021,Dudley 029A,E01009903,644,191,68,123,453,371,82
2021,Dudley 029B,E01009904,630,165,49,116,465,399,66
2021,Dudley 035B,E01009905,707,213,61,152,494,404,90
2021,Dudley 035C,E01009906,772,230,66,164,542,474,68
2021,Dudley 035D,E01009907,726,218,68,150,508,430,78
2021,Dudley 035E,E01009908,787,259,77,182,528,444,84
2021,Dudley 029C,E01009909,718,201,51,150,517,434,83
2021,Dudley 029D,E01009910,661,222,60,162,439,369,70
2021,Dudley 021A,E01009911,577,140,44,96,437,378,59
2021,Dudley 021B,E01009912,1081,284,84,200,797,680,117
2021,Dudley 021C,E01009913,647,194,54,140,453,388,65
2021,Dudley 021D,E01009914,596,176,58,118,420,371,49
2021,Dudley 021E,E01009915,874,250,82,168,624,536,88
2021,Dudley 021F,E01009916,820,238,75,163,582,502,80
2021,Dudley 024A,E01009917,594,181,51,130,413,367,46
2021,Dudley 024B,E01009918,604,187,45,142,417,353,64
2021,Dudley 024C,E01009919,516,165,55,110,351,301,50
2021,Dudley 024D,E01009920,871,213,55,158,658,585,73
2021,Sandwell 034A,E01009921,869,266,97,169,603,506,97
2021,Sandwell 034B,E01009922,584,187,61,126,397,346,51
2021,Sandwell 036A,E01009923,710,205,60,145,505,458,47
2021,Sandwell 034C,E01009924,789,185,65,120,604,518,86
2021,Sandwell 034D,E01009925,735,190,68,122,545,465,80
2021,Sandwell 034E,E01009926,778,200,56,144,578,520,58
2021,Sandwell 034F,E01009927,773,190,54,136,583,502,81
2021,Sandwell 034G,E01009928,771,214,77,137,557,504,53
2021,Sandwell 033A,E01009929,730,204,62,142,526,472,54
2021,Sandwell 033B,E01009930,640,178,47,131,462,392,70
2021,Sandwell 033C,E01009931,1218,327,110,217,891,770,121
2021,Sandwell 033D,E01009932,623,185,66,119,438,376,62
2021,Sandwell 035A,E01009933,597,176,56,120,421,370,51
2021,Sandwell 027A,E01009934,551,150,49,101,401,351,50
2021,Sandwell 027B,E01009935,940,242,64,178,698,628,70
2021,Sandwell 027C,E01009936,677,169,61,108,508,450,58
2021,Sandwell 032A,E01009937,682,200,45,155,482,435,47
2021,Sandwell 031A,E01009938,763,233,74,159,530,469,61
2021,Sandwell 032B,E01009939,792,201,78,123,591,514,77
2021,Sandwell 032C,E01009940,653,180,48,132,473,439,34
2021,Sandwell 032D,E01009941,715,218,81,137,497,434,63
2021,Sandwell 032E,E01009942,673,211,59,152,462,419,43
2021,Sandwell 031B,E01009943,562,211,68,143,351,319,32
2021,Sandwell 031C,E01009944,707,239,81,158,468,431,37
2021,Sandwell 039A,E01009946,807,225,71,154,582,510,72
2021,Sandwell 017A,E01009947,1028,304,96,208,724,627,97
2021,Sandwell 039B,E01009948,700,183,65,118,517,451,66
2021,Sandwell 039C,E01009949,741,189,59,130,552,471,81
2021,Sandwell 039D,E01009950,761,237,68,169,524,464,60
2021,Sandwell 039E,E01009951,890,274,85,189,616,574,42
2021,Sandwell 035B,E01009952,849,256,90,166,593,518,75
2021,Sandwell 038A,E01009953,938,251,68,183,687,602,85
2021,Sandwell 038B,E01009954,815,226,80,146,589,515,74
2021,Sandwell 035C,E01009955,929,256,76,180,673,601,72
2021,Sandwell 035D,E01009956,734,207,64,143,527,462,65
2021,Sandwell 038C,E01009957,655,201,59,142,454,395,59
2021,Sandwell 038D,E01009958,797,219,66,153,578,487,91
2021,Sandwell 035E,E01009959,704,201,69,132,503,456,47
2021,Sandwell 003A,E01009960,644,178,51,127,466,412,54
2021,Sandwell 003B,E01009961,615,159,35,124,456,410,46
2021,Sandwell 004A,E01009962,464,154,34,120,310,278,32
2021,Sandwell 004B,E01009963,497,155,41,114,342,297,45
2021,Sandwell 004C,E01009964,561,192,47,145,369,331,38
2021,Sandwell 004D,E01009965,491,157,39,118,334,301,33
2021,Sandwell 003C,E01009966,455,126,31,95,329,295,34
2021,Sandwell 003D,E01009967,867,257,70,187,610,549,61
2021,Sandwell 006A,E01009968,751,209,72,137,542,463,79
2021,Sandwell 002A,E01009969,910,275,76,199,635,573,62
2021,Sandwell 002B,E01009970,785,224,54,170,561,511,50
2021,Sandwell 002C,E01009971,738,219,63,156,519,475,44
2021,Sandwell 006B,E01009972,908,238,67,171,670,598,72
2021,Sandwell 002D,E01009973,1142,312,89,223,830,738,92
2021,Sandwell 006C,E01009974,766,233,73,160,533,463,70
2021,Sandwell 006D,E01009975,801,205,68,137,596,525,71
2021,Sandwell 016A,E01009976,1448,360,104,256,1088,981,107
2021,Sandwell 016B,E01009977,946,228,79,149,718,622,96
2021,Sandwell 014A,E01009978,775,250,77,173,525,468,57
2021,Sandwell 016C,E01009979,714,248,75,173,466,412,54
2021,Sandwell 016D,E01009980,967,263,84,179,704,629,75
2021,Sandwell 018A,E01009981,773,254,78,176,519,458,61
2021,Sandwell 009A,E01009982,669,206,56,150,463,392,71
2021,Sandwell 009B,E01009983,598,181,50,131,417,376,41
2021,Sandwell 018C,E01009985,611,191,43,148,420,369,51
2021,Sandwell 019A,E01009986,622,250,82,168,372,319,53
2021,Sandwell 019B,E01009987,409,151,40,111,258,235,23
2021,Sandwell 020A,E01009988,1164,387,104,283,777,715,62
2021,Sandwell 019C,E01009989,746,242,59,183,504,437,67
2021,Sandwell 010A,E01009991,996,280,80,200,716,637,79
2021,Sandwell 017B,E01009992,752,223,77,146,529,486,43
2021,Sandwell 017C,E01009993,678,215,67,148,463,414,49
2021,Sandwell 010B,E01009994,721,231,63,168,490,440,50
2021,Sandwell 010C,E01009995,688,233,74,159,455,412,43
2021,Sandwell 010D,E01009996,661,202,49,153,459,413,46
2021,Sandwell 010E,E01009997,687,176,54,122,511,465,46
2021,Sandwell 010F,E01009998,884,295,72,223,589,517,72
2021,Sandwell 033E,E01009999,623,163,51,112,460,408,52
2021,Sandwell 030A,E01010000,801,212,61,151,589,510,79
2021,Sandwell 037A,E01010001,817,241,76,165,576,510,66
2021,Sandwell 030B,E01010002,1097,292,92,200,805,731,74
2021,Sandwell 030C,E01010003,611,182,62,120,429,396,33
2021,Sandwell 027D,E01010004,796,210,62,148,586,531,55
2021,Sandwell 030D,E01010005,691,208,65,143,483,423,60
2021,Sandwell 030E,E01010006,815,231,71,160,584,523,61
2021,Sandwell 012A,E01010007,574,141,41,100,433,400,33
2021,Sandwell 011A,E01010008,770,202,72,130,568,517,51
2021,Sandwell 012B,E01010009,647,211,65,146,436,391,45
2021,Sandwell 011B,E01010010,551,203,82,121,348,314,34
2021,Sandwell 011C,E01010011,764,238,83,155,526,470,56
2021,Sandwell 011D,E01010012,698,188,58,130,510,438,72
2021,Sandwell 012C,E01010013,584,149,56,93,435,380,55
2021,Sandwell 012D,E01010014,760,194,52,142,566,501,65
2021,Sandwell 021A,E01010015,916,246,94,152,670,599,71
2021,Sandwell 021B,E01010016,762,223,75,148,539,471,68
2021,Sandwell 024A,E01010017,787,218,77,141,569,522,47
2021,Sandwell 021C,E01010018,1166,327,89,238,839,754,85
2021,Sandwell 024B,E01010019,686,232,80,152,454,402,52
2021,Sandwell 024C,E01010020,835,280,82,198,555,496,59
2021,Sandwell 024D,E01010021,703,232,67,165,471,430,41
2021,Sandwell 037B,E01010022,773,190,56,134,583,527,56
2021,Sandwell 037C,E01010023,843,247,78,169,596,535,61
2021,Sandwell 036B,E01010024,743,200,60,140,543,487,56
2021,Sandwell 037D,E01010025,662,206,68,138,456,413,43
2021,Sandwell 036C,E01010026,834,250,76,174,584,507,77
2021,Sandwell 036D,E01010027,769,221,79,142,548,483,65
2021,Sandwell 037E,E01010028,639,189,58,131,450,405,45
2021,Sandwell 009C,E01010029,472,138,31,107,334,293,41
2021,Sandwell 007A,E01010030,608,166,42,124,442,399,43
2021,Sandwell 014B,E01010031,579,197,54,143,382,340,42
2021,Sandwell 014C,E01010032,496,159,46,113,337,298,39
2021,Sandwell 014D,E01010033,647,197,69,128,450,397,53
2021,Sandwell 007B,E01010034,721,193,52,141,528,464,64
2021,Sandwell 007C,E01010035,605,182,57,125,423,373,50
2021,Sandwell 007D,E01010036,832,247,64,183,585,507,78
2021,Sandwell 009D,E01010037,502,142,35,107,360,317,43
2021,Sandwell 029A,E01010038,778,235,65,170,543,463,80
2021,Sandwell 025A,E01010039,937,254,97,157,683,599,84
2021,Sandwell 029B,E01010040,616,150,42,108,466,398,68
2021,Sandwell 029C,E01010041,602,185,44,141,417,380,37
2021,Sandwell 035F,E01010042,844,241,69,172,603,549,54
2021,Sandwell 025B,E01010043,680,201,52,149,479,419,60
2021,Sandwell 025C,E01010044,627,164,57,107,463,411,52
2021,Sandwell 029D,E01010045,715,213,70,143,502,442,60
2021,Sandwell 023A,E01010046,1038,423,102,321,615,530,85
2021,Sandwell 023B,E01010047,777,283,102,181,494,437,57
2021,Sandwell 023C,E01010048,688,258,62,196,430,387,43
2021,Sandwell 023D,E01010049,656,231,65,166,425,373,52
2021,Sandwell 023E,E01010050,660,233,69,164,427,375,52
2021,Sandwell 031D,E01010051,546,152,43,109,394,336,58
2021,Sandwell 023F,E01010052,528,228,63,165,300,268,32
2021,Sandwell 023G,E01010053,779,260,80,180,519,465,54
2021,Sandwell 028A,E01010054,630,227,75,152,403,363,40
2021,Sandwell 028B,E01010055,775,240,79,161,535,485,50
2021,Sandwell 028C,E01010056,751,226,74,152,525,467,58
2021,Sandwell 028D,E01010057,718,291,99,192,427,390,37
2021,Sandwell 031E,E01010058,675,226,72,154,449,409,40
2021,Sandwell 041D,E01010059,836,286,84,202,550,489,61
2021,Sandwell 028E,E01010060,753,299,79,220,454,403,51
2021,Sandwell 041B,E01010061,685,323,86,237,362,327,35
2021,Sandwell 040A,E01010062,774,291,106,185,483,438,45
2021,Sandwell 040D,E01010064,882,256,78,178,626,563,63
2021,Sandwell 015A,E01010066,564,205,73,132,359,320,39
2021,Sandwell 015B,E01010067,606,193,51,142,413,360,53
2021,Sandwell 015C,E01010068,695,203,57,146,492,443,49
2021,Sandwell 016E,E01010069,1277,388,134,254,889,791,98
2021,Sandwell 015D,E01010070,793,212,65,147,581,506,75
2021,Sandwell 016F,E01010071,748,207,79,128,541,495,46
2021,Sandwell 021D,E01010072,1091,276,89,187,815,727,88
2021,Sandwell 021E,E01010073,698,221,91,130,477,423,54
2021,Sandwell 015E,E01010075,802,240,66,174,562,485,77
2021,Sandwell 015F,E01010076,839,239,54,185,600,534,66
2021,Sandwell 022A,E01010077,618,162,37,125,456,413,43
2021,Sandwell 025D,E01010078,519,144,47,97,375,326,49
2021,Sandwell 022B,E01010079,749,189,48,141,560,502,58
2021,Sandwell 022C,E01010080,846,239,68,171,607,536,71
2021,Sandwell 022D,E01010081,778,207,53,154,571,506,65
2021,Sandwell 022E,E01010082,1198,329,91,238,869,773,96
2021,Sandwell 022F,E01010083,804,255,67,188,549,479,70
2021,Sandwell 022G,E01010084,650,179,54,125,471,393,78
2021,Sandwell 001A,E01010085,795,238,66,172,557,479,78
2021,Sandwell 001B,E01010086,675,211,52,159,464,419,45
2021,Sandwell 001C,E01010087,694,224,72,152,470,398,72
2021,Sandwell 001D,E01010088,707,190,60,130,517,463,54
2021,Sandwell 001E,E01010089,767,233,60,173,534,463,71
2021,Sandwell 005A,E01010090,756,221,73,148,535,486,49
2021,Sandwell 005B,E01010091,619,199,51,148,420,383,37
2021,Sandwell 003E,E01010092,793,235,69,166,558,494,64
2021,Sandwell 013A,E01010093,730,190,62,128,540,483,57
2021,Sandwell 013B,E01010094,694,217,59,158,477,425,52
2021,Sandwell 013C,E01010095,789,249,80,169,540,478,62
2021,Sandwell 005C,E01010096,669,232,66,166,437,396,41
2021,Sandwell 005D,E01010097,755,201,54,147,554,490,64
2021,Sandwell 013D,E01010098,775,249,72,177,526,461,65
2021,Sandwell 013E,E01010099,746,230,60,170,516,465,51
2021,Sandwell 013F,E01010100,887,251,82,169,636,582,54
2021,Sandwell 020B,E01010101,767,233,55,178,534,471,63
2021,Sandwell 020C,E01010102,671,225,58,167,446,410,36
2021,Sandwell 017D,E01010103,795,266,82,184,529,479,50
2021,Sandwell 017E,E01010104,778,202,55,147,576,516,60
2021,Sandwell 017F,E01010105,737,201,63,138,536,477,59
2021,Sandwell 019D,E01010106,745,245,76,169,500,440,60
2021,Sandwell 020D,E01010107,754,265,90,175,489,452,37
2021,Solihull 017A,E01010108,1134,341,131,210,793,593,200
2021,Solihull 009A,E01010109,810,254,85,169,556,485,71
2021,Solihull 009B,E01010110,728,193,70,123,535,463,72
2021,Solihull 008A,E01010111,572,157,55,102,415,376,39
2021,Solihull 009C,E01010112,757,188,57,131,569,515,54
2021,Solihull 009D,E01010113,567,137,38,99,430,382,48
2021,Solihull 009E,E01010114,907,246,78,168,661,567,94
2021,Solihull 015A,E01010115,745,218,101,117,527,430,97
2021,Solihull 015B,E01010116,610,181,74,107,429,368,61
2021,Solihull 003A,E01010117,713,209,59,150,504,451,53
2021,Solihull 001A,E01010118,550,167,53,114,383,337,46
2021,Solihull 003B,E01010119,722,194,67,127,528,468,60
2021,Solihull 001B,E01010120,505,144,49,95,361,329,32
2021,Solihull 001C,E01010121,701,196,69,127,505,446,59
2021,Solihull 001D,E01010122,656,182,60,122,474,403,71
2021,Solihull 003C,E01010123,732,220,74,146,512,456,56
2021,Solihull 003D,E01010124,730,204,68,136,526,473,53
2021,Solihull 006A,E01010125,696,185,66,119,511,453,58
2021,Solihull 008B,E01010126,522,159,42,117,363,330,33
2021,Solihull 008C,E01010127,793,243,86,157,550,485,65
2021,Solihull 008D,E01010128,568,172,48,124,396,358,38
2021,Solihull 006B,E01010129,626,198,55,143,428,391,37
2021,Solihull 008E,E01010130,670,215,59,156,455,409,46
2021,Solihull 008F,E01010131,560,153,45,108,407,370,37
2021,Solihull 011A,E01010132,717,206,62,144,511,450,61
2021,Solihull 011B,E01010133,746,234,77,157,512,449,63
2021,Solihull 011C,E01010134,721,182,50,132,539,480,59
2021,Solihull 011D,E01010135,724,230,74,156,494,438,56
2021,Solihull 012A,E01010136,672,170,41,129,502,446,56
2021,Solihull 012B,E01010137,549,139,57,82,410,371,39
2021,Solihull 011E,E01010138,716,196,72,124,520,476,44
2021,Solihull 006C,E01010139,447,134,34,100,313,285,28
2021,Solihull 007A,E01010140,541,161,36,125,380,342,38
2021,Solihull 006D,E01010141,503,154,43,111,349,315,34
2021,Solihull 007B,E01010142,521,157,56,101,364,316,48
2021,Solihull 007C,E01010143,617,200,62,138,417,382,35
2021,Solihull 007D,E01010144,774,185,68,117,589,525,64
2021,Solihull 005A,E01010145,737,191,50,141,546,485,61
2021,Solihull 004A,E01010146,655,204,71,133,451,403,48
2021,Solihull 005B,E01010147,574,184,64,120,390,358,32
2021,Solihull 005C,E01010148,685,189,52,137,496,433,63
2021,Solihull 005D,E01010149,717,179,55,124,538,473,65
2021,Solihull 028A,E01010150,682,217,93,124,465,360,105
2021,Solihull 026A,E01010151,731,218,89,129,513,422,91
2021,Solihull 026B,E01010152,546,169,58,111,377,298,79
2021,Solihull 026C,E01010153,746,211,80,131,535,398,137
2021,Solihull 026D,E01010154,660,222,103,119,438,338,100
2021,Solihull 026E,E01010155,793,238,103,135,555,463,92
2021,Solihull 026F,E01010156,666,199,80,119,467,376,91
2021,Solihull 010A,E01010157,760,182,46,136,578,508,70
2021,Solihull 012C,E01010158,635,180,62,118,455,403,52
2021,Solihull 010B,E01010159,682,197,63,134,485,424,61
2021,Solihull 012D,E01010160,679,199,67,132,480,424,56
2021,Solihull 012E,E01010161,748,196,59,137,552,496,56
2021,Solihull 010C,E01010162,711,204,71,133,507,464,43
2021,Solihull 010D,E01010163,763,204,70,134,559,488,71
2021,Solihull 017B,E01010164,795,220,84,136,575,458,117
2021,Solihull 017C,E01010165,773,212,82,130,561,469,92
2021,Solihull 025A,E01010166,878,240,99,141,638,497,141
2021,Solihull 017D,E01010167,820,249,84,165,571,444,127
2021,Solihull 025B,E01010168,921,270,128,142,651,513,138
2021,Solihull 025C,E01010169,794,212,83,129,582,466,116
2021,Solihull 025D,E01010170,690,216,88,128,474,385,89
2021,Solihull 025E,E01010171,616,197,77,120,419,341,78
2021,Solihull 014A,E01010172,747,219,68,151,528,430,98
2021,Solihull 014B,E01010173,634,187,64,123,447,377,70
2021,Solihull 013A,E01010174,814,229,82,147,585,519,66
2021,Solihull 013B,E01010175,811,239,97,142,572,482,90
2021,Solihull 014C,E01010176,647,190,72,118,457,372,85
2021,Solihull 013C,E01010177,625,168,58,110,457,395,62
2021,Solihull 013D,E01010178,825,218,82,136,607,553,54
2021,Solihull 014D,E01010179,691,192,76,116,499,431,68
2021,Solihull 029A,E01010180,719,206,70,136,513,438,75
2021,Solihull 029B,E01010181,1424,396,143,253,1028,827,201
2021,Solihull 029D,E01010183,955,257,95,162,698,574,124
2021,Solihull 028B,E01010184,692,217,71,146,475,401,74
2021,Solihull 028C,E01010185,652,193,77,116,459,350,109
2021,Solihull 028D,E01010186,848,246,84,162,602,505,97
2021,Solihull 028E,E01010187,741,239,97,142,502,386,116
2021,Solihull 028F,E01010188,729,248,122,126,481,338,143
2021,Solihull 029E,E01010189,778,255,95,160,523,423,100
2021,Solihull 024A,E01010190,799,231,87,144,568,459,109
2021,Solihull 022A,E01010191,857,232,81,151,625,536,89
2021,Solihull 019A,E01010192,830,211,81,130,619,483,136
2021,Solihull 024B,E01010193,573,183,76,107,390,302,88
2021,Solihull 024C,E01010194,810,246,91,155,564,475,89
2021,Solihull 016A,E01010195,722,206,88,118,516,411,105
2021,Solihull 019B,E01010196,834,255,105,150,579,442,137
2021,Solihull 019C,E01010197,751,243,111,132,508,407,101
2021,Solihull 019D,E01010198,692,202,76,126,490,383,107
2021,Solihull 018A,E01010199,941,267,109,158,674,594,80
2021,Solihull 018B,E01010200,590,159,29,130,431,373,58
2021,Solihull 018C,E01010201,790,231,73,158,559,493,66
2021,Solihull 022B,E01010202,765,215,77,138,550,474,76
2021,Solihull 022C,E01010203,839,229,80,149,610,547,63
2021,Solihull 018D,E01010204,576,157,58,99,419,371,48
2021,Solihull 018E,E01010205,731,230,87,143,501,419,82
2021,Solihull 018F,E01010206,895,251,82,169,644,554,90
2021,Solihull 024D,E01010207,656,185,69,116,471,407,64
2021,Solihull 023A,E01010208,717,193,72,121,524,444,80
2021,Solihull 022D,E01010209,843,254,92,162,589,512,77
2021,Solihull 023B,E01010210,686,189,66,123,497,417,80
2021,Solihull 023C,E01010211,538,154,59,95,384,332,52
2021,Solihull 027A,E01010212,613,179,71,108,434,352,82
2021,Solihull 022E,E01010213,780,234,80,154,546,470,76
2021,Solihull 027B,E01010214,555,147,65,82,408,337,71
2021,Solihull 027C,E01010215,737,216,82,134,521,452,69
2021,Solihull 027D,E01010216,723,193,71,122,530,458,72
2021,Solihull 023D,E01010217,794,224,73,151,570,490,80
2021,Solihull 021A,E01010218,555,175,54,121,380,334,46
2021,Solihull 021B,E01010219,784,234,82,152,550,479,71
2021,Solihull 030A,E01010220,829,211,61,150,618,538,80
2021,Solihull 021C,E01010221,943,224,73,151,719,632,87
2021,Solihull 021D,E01010222,624,176,64,112,448,406,42
2021,Solihull 030B,E01010223,579,175,54,121,404,353,51
2021,Solihull 030C,E01010225,821,243,82,161,578,504,74
2021,Solihull 016B,E01010226,661,164,61,103,497,401,96
2021,Solihull 015C,E01010227,887,272,108,164,615,487,128
2021,Solihull 015D,E01010228,742,214,69,145,528,469,59
2021,Solihull 016C,E01010229,733,212,78,134,521,430,91
2021,Solihull 016D,E01010230,802,235,90,145,567,482,85
2021,Solihull 016E,E01010231,732,208,90,118,524,430,94
2021,Solihull 015E,E01010232,1077,310,101,209,767,689,78
2021,Solihull 016F,E01010233,873,231,77,154,642,562,80
2021,Solihull 004B,E01010234,659,198,52,146,461,414,47
2021,Solihull 002A,E01010235,516,150,49,101,366,334,32
2021,Solihull 002B,E01010236,525,167,40,127,358,321,37
2021,Solihull 004C,E01010237,816,213,69,144,603,555,48
2021,Solihull 004D,E01010238,552,150,44,106,402,353,49
2021,Solihull 002C,E01010239,645,186,55,131,459,418,41
2021,Solihull 002D,E01010240,578,167,50,117,411,376,35
2021,Walsall 015A,E01010241,1055,324,120,204,731,602,129
2021,Walsall 015B,E01010242,666,182,51,131,484,439,45
2021,Walsall 015C,E01010243,659,214,74,140,445,372,73
2021,Walsall 015D,E01010244,598,185,56,129,413,365,48
2021,Walsall 022A,E01010245,719,226,86,140,493,420,73
2021,Walsall 022B,E01010246,786,232,80,152,554,485,69
2021,Walsall 022C,E01010247,701,197,58,139,504,446,58
2021,Walsall 022D,E01010248,801,250,101,149,551,461,90
2021,Walsall 004A,E01010249,809,253,87,166,556,493,63
2021,Walsall 004B,E01010250,628,166,52,114,462,395,67
2021,Walsall 007A,E01010251,813,216,71,145,597,501,96
2021,Walsall 004C,E01010252,824,242,51,191,582,498,84
2021,Walsall 007B,E01010253,534,142,38,104,392,338,54
2021,Walsall 004D,E01010254,673,204,79,125,469,418,51
2021,Walsall 007C,E01010255,533,142,52,90,391,325,66
2021,Walsall 007D,E01010256,757,210,69,141,547,464,83
2021,Walsall 007E,E01010257,508,139,41,98,369,316,53
2021,Walsall 023A,E01010258,629,194,53,141,435,402,33
2021,Walsall 023B,E01010259,683,204,53,151,479,419,60
2021,Walsall 023C,E01010260,718,247,66,181,471,421,50
2021,Walsall 033A,E01010261,725,251,65,186,474,416,58
2021,Walsall 036A,E01010262,768,227,78,149,541,465,76
2021,Walsall 033B,E01010263,577,220,71,149,357,326,31
2021,Walsall 033C,E01010264,758,253,59,194,505,462,43
2021,Walsall 033D,E01010265,720,263,68,195,457,401,56
2021,Walsall 023D,E01010266,542,169,48,121,373,334,39
2021,Walsall 021A,E01010267,781,224,62,162,557,494,63
2021,Walsall 021B,E01010268,607,226,55,171,381,341,40
2021,Walsall 026A,E01010269,541,223,74,149,318,282,36
2021,Walsall 026B,E01010270,679,201,64,137,478,421,57
2021,Walsall 017A,E01010271,730,206,53,153,524,449,75
2021,Walsall 017B,E01010272,573,169,35,134,404,367,37
2021,Walsall 017C,E01010273,536,182,41,141,354,315,39
2021,Walsall 021C,E01010274,574,185,52,133,389,331,58
2021,Walsall 021D,E01010275,688,218,76,142,470,419,51
2021,Walsall 013B,E01010277,722,210,57,153,512,452,60
2021,Walsall 018B,E01010279,817,223,53,170,594,517,77
2021,Walsall 012A,E01010282,551,179,54,125,372,322,50
2021,Walsall 013D,E01010283,710,222,52,170,488,428,60
2021,Walsall 006A,E01010284,648,199,44,155,449,403,46
2021,Walsall 006B,E01010285,823,212,66,146,611,512,99
2021,Walsall 006C,E01010286,568,193,44,149,375,332,43
2021,Walsall 012B,E01010287,682,185,59,126,497,428,69
2021,Walsall 012C,E01010288,596,176,51,125,420,371,49
2021,Walsall 012D,E01010289,610,213,65,148,397,347,50
2021,Walsall 006D,E01010290,649,177,47,130,472,395,77
2021,Walsall 009A,E01010291,534,176,58,118,358,310,48
2021,Walsall 008A,E01010292,838,255,66,189,583,517,66
2021,Walsall 009B,E01010293,625,178,32,146,447,390,57
2021,Walsall 008B,E01010294,595,181,40,141,414,368,46
2021,Walsall 017D,E01010295,598,180,42,138,418,374,44
2021,Walsall 008C,E01010296,785,213,68,145,572,509,63
2021,Walsall 008D,E01010297,655,180,65,115,475,389,86
2021,Walsall 009C,E01010298,561,160,44,116,401,358,43
2021,Walsall 009D,E01010299,619,199,45,154,420,374,46
2021,Walsall 009E,E01010300,599,171,52,119,428,381,47
2021,Walsall 001A,E01010301,565,168,48,120,397,340,57
2021,Walsall 002A,E01010302,599,188,59,129,411,348,63
2021,Walsall 001B,E01010303,727,226,62,164,501,421,80
2021,Walsall 002B,E01010304,745,206,68,138,539,447,92
2021,Walsall 002C,E01010305,555,166,44,122,389,346,43
2021,Walsall 001C,E01010306,1160,290,92,198,870,755,115
2021,Walsall 001D,E01010307,959,254,78,176,705,581,124
2021,Walsall 002D,E01010308,711,203,67,136,508,433,75
2021,Walsall 036B,E01010309,904,275,68,207,629,582,47
2021,Walsall 038A,E01010310,945,252,77,175,693,623,70
2021,Walsall 036C,E01010311,1093,323,80,243,770,689,81
2021,Walsall 038B,E01010312,696,203,65,138,493,442,51
2021,Walsall 038C,E01010313,587,178,34,144,409,373,36
2021,Walsall 038D,E01010314,589,160,31,129,429,385,44
2021,Walsall 038E,E01010315,805,193,55,138,612,531,81
2021,Walsall 036D,E01010316,581,178,45,133,403,356,47
2021,Walsall 024A,E01010317,738,202,77,125,536,448,88
2021,Walsall 024B,E01010318,615,184,43,141,431,379,52
2021,Walsall 010A,E01010319,677,223,52,171,454,396,58
2021,Walsall 016A,E01010320,561,172,50,122,389,343,46
2021,Walsall 010B,E01010321,685,204,56,148,481,412,69
2021,Walsall 016B,E01010322,754,204,52,152,550,464,86
2021,Walsall 016C,E01010323,613,182,52,130,431,380,51
2021,Walsall 016D,E01010324,943,261,92,169,682,582,100
2021,Walsall 024C,E01010325,881,229,70,159,652,547,105
2021,Walsall 029A,E01010326,736,231,74,157,505,448,57
2021,Walsall 029B,E01010327,668,234,78,156,434,373,61
2021,Walsall 029C,E01010328,706,212,65,147,494,417,77
2021,Walsall 039A,E01010329,739,216,58,158,523,458,65
2021,Walsall 029D,E01010330,660,202,62,140,458,412,46
2021,Walsall 035A,E01010331,713,182,69,113,531,462,69
2021,Walsall 035B,E01010332,929,297,114,183,632,519,113
2021,Walsall 035C,E01010333,737,204,61,143,533,450,83
2021,Walsall 035D,E01010334,738,213,73,140,525,444,81
2021,Walsall 037A,E01010335,610,219,68,151,391,347,44
2021,Walsall 034A,E01010336,603,251,64,187,352,312,40
2021,Walsall 037B,E01010337,575,187,62,125,388,342,46
2021,Walsall 037C,E01010338,684,294,80,214,390,344,46
2021,Walsall 037D,E01010339,677,218,65,153,459,404,55
2021,Walsall 034B,E01010340,540,270,85,185,270,242,28
2021,Walsall 034C,E01010341,532,255,77,178,277,245,32
2021,Walsall 034D,E01010342,543,278,68,210,265,233,32
2021,Walsall 034E,E01010343,479,226,64,162,253,226,27
2021,Walsall 034F,E01010344,573,241,66,175,332,303,29
2021,Walsall 003A,E01010345,475,141,35,106,334,280,54
2021,Walsall 003B,E01010346,641,195,62,133,446,401,45
2021,Walsall 003C,E01010347,591,173,51,122,418,366,52
2021,Walsall 005A,E01010348,701,186,50,136,515,463,52
2021,Walsall 005B,E01010349,514,152,35,117,362,306,56
2021,Walsall 003D,E01010350,722,180,49,131,542,469,73
2021,Walsall 005C,E01010351,795,200,61,139,595,520,75
2021,Walsall 005D,E01010352,677,201,64,137,476,410,66
2021,Walsall 010C,E01010353,716,203,48,155,513,452,61
2021,Walsall 010D,E01010354,710,184,59,125,526,453,73
2021,Walsall 039B,E01010355,679,189,58,131,490,427,63
2021,Walsall 039C,E01010356,748,226,77,149,522,460,62
2021,Walsall 039D,E01010357,1234,310,81,229,924,787,137
2021,Walsall 039E,E01010358,750,196,43,153,554,484,70
2021,Walsall 039F,E01010359,771,227,73,154,544,477,67
2021,Walsall 039G,E01010360,714,222,67,155,492,441,51
2021,Walsall 031A,E01010361,664,237,74,163,427,385,42
2021,Walsall 026C,E01010362,665,237,64,173,428,380,48
2021,Walsall 026D,E01010363,1069,298,91,207,771,697,74
2021,Walsall 031B,E01010364,524,206,74,132,318,285,33
2021,Walsall 031C,E01010365,593,202,65,137,391,339,52
2021,Walsall 031D,E01010366,610,239,68,171,371,322,49
2021,Walsall 031E,E01010367,687,261,76,185,426,378,48
2021,Walsall 030A,E01010368,866,254,83,171,612,544,68
2021,Walsall 024D,E01010369,760,217,47,170,543,452,91
2021,Walsall 030B,E01010370,700,258,90,168,442,394,48
2021,Walsall 030D,E01010372,626,228,68,160,398,353,45
2021,Walsall 030E,E01010373,748,290,123,167,458,371,87
2021,Walsall 018D,E01010374,1064,312,86,226,752,665,87
2021,Walsall 018E,E01010375,841,277,84,193,564,511,53
2021,Walsall 020A,E01010376,580,149,48,101,431,374,57
2021,Walsall 020B,E01010377,905,244,68,176,661,582,79
2021,Walsall 019A,E01010378,518,134,42,92,384,326,58
2021,Walsall 019B,E01010379,572,150,37,113,422,366,56
2021,Walsall 020C,E01010380,604,167,47,120,437,386,51
2021,Walsall 020D,E01010381,605,165,50,115,440,382,58
2021,Walsall 019C,E01010382,615,155,49,106,460,407,53
2021,Walsall 019D,E01010383,662,187,59,128,475,421,54
2021,Walsall 032A,E01010384,716,203,62,141,513,448,65
2021,Walsall 028A,E01010385,731,240,94,146,491,386,105
2021,Walsall 028B,E01010386,649,191,62,129,458,381,77
2021,Walsall 028C,E01010387,695,183,63,120,512,436,76
2021,Walsall 022E,E01010388,663,201,73,128,462,369,93
2021,Walsall 032B,E01010389,672,173,61,112,499,409,90
2021,Walsall 032C,E01010390,806,206,54,152,600,515,85
2021,Walsall 032D,E01010391,936,254,68,186,682,589,93
2021,Walsall 028D,E01010392,753,229,84,145,524,433,91
2021,Walsall 014A,E01010393,654,165,56,109,489,432,57
2021,Walsall 014B,E01010394,611,176,47,129,435,379,56
2021,Walsall 011A,E01010395,670,192,59,133,478,410,68
2021,Walsall 014C,E01010396,797,210,58,152,587,520,67
2021,Walsall 011B,E01010397,632,192,57,135,440,383,57
2021,Walsall 011C,E01010398,769,220,65,155,549,481,68
2021,Walsall 011D,E01010399,738,214,62,152,524,468,56
2021,Walsall 014D,E01010400,757,221,62,159,536,463,73
2021,Walsall 025A,E01010401,642,200,42,158,442,388,54
2021,Walsall 027A,E01010402,828,234,84,150,594,522,72
2021,Walsall 025B,E01010403,808,226,64,162,582,505,77
2021,Walsall 025C,E01010404,863,240,79,161,623,541,82
2021,Walsall 027B,E01010405,840,246,98,148,594,519,75
2021,Walsall 027C,E01010406,1234,327,82,245,907,795,112
2021,Walsall 025D,E01010407,761,228,62,166,533,461,72
2021,Walsall 025E,E01010408,783,215,62,153,568,502,66
2021,Walsall 027D,E01010409,610,186,60,126,424,389,35
2021,Wolverhampton 033A,E01010410,1038,264,69,195,774,686,88
2021,Wolverhampton 033B,E01010411,1000,253,65,188,747,648,99
2021,Wolverhampton 033C,E01010412,881,241,84,157,640,547,93
2021,Wolverhampton 033D,E01010413,672,200,50,150,472,410,62
2021,Wolverhampton 027A,E01010414,884,252,67,185,632,572,60
2021,Wolverhampton 027B,E01010415,658,189,66,123,469,419,50
2021,Wolverhampton 027C,E01010416,695,223,57,166,472,428,44
2021,Wolverhampton 023A,E01010417,619,183,50,133,436,387,49
2021,Wolverhampton 022A,E01010418,757,209,57,152,548,474,74
2021,Wolverhampton 023B,E01010419,694,201,67,134,493,435,58
2021,Wolverhampton 023C,E01010420,500,143,41,102,357,319,38
2021,Wolverhampton 022B,E01010421,577,163,45,118,414,358,56
2021,Wolverhampton 027D,E01010422,799,241,98,143,558,481,77
2021,Wolverhampton 022C,E01010423,586,175,36,139,411,358,53
2021,Wolverhampton 022D,E01010424,683,220,62,158,463,414,49
2021,Wolverhampton 023D,E01010425,547,158,43,115,389,345,44
2021,Wolverhampton 035A,E01010426,627,161,61,100,466,396,70
2021,Wolverhampton 030A,E01010427,706,199,76,123,507,436,71
2021,Wolverhampton 035B,E01010428,585,167,53,114,418,352,66
2021,Wolverhampton 035C,E01010429,501,155,52,103,346,314,32
2021,Wolverhampton 035D,E01010430,715,198,65,133,517,453,64
2021,Wolverhampton 030B,E01010431,739,212,56,156,527,476,51
2021,Wolverhampton 030C,E01010432,693,200,65,135,493,422,71
2021,Wolverhampton 035E,E01010433,505,141,42,99,364,303,61
2021,Wolverhampton 001A,E01010434,788,222,69,153,566,497,69
2021,Wolverhampton 001B,E01010436,704,170,50,120,534,468,66
2021,Wolverhampton 001C,E01010437,624,170,48,122,454,407,47
2021,Wolverhampton 001D,E01010438,613,152,48,104,461,404,57
2021,Wolverhampton 001E,E01010439,547,164,44,120,383,342,41
2021,Wolverhampton 001F,E01010440,613,188,49,139,425,384,41
2021,Wolverhampton 001G,E01010441,509,169,41,128,340,300,40
2021,Wolverhampton 018A,E01010442,520,165,49,116,355,307,48
2021,Wolverhampton 018B,E01010443,582,192,63,129,390,344,46
2021,Wolverhampton 018C,E01010444,542,142,42,100,400,354,46
2021,Wolverhampton 018D,E01010445,488,166,54,112,322,283,39
2021,Wolverhampton 023E,E01010446,672,190,52,138,482,419,63
2021,Wolverhampton 018E,E01010447,759,188,62,126,571,501,70
2021,Wolverhampton 018F,E01010448,648,183,48,135,465,417,48
2021,Wolverhampton 029A,E01010449,1011,273,76,197,738,653,85
2021,Wolverhampton 029B,E01010450,1164,270,71,199,894,777,117
2021,Wolverhampton 029C,E01010451,1014,245,74,171,769,677,92
2021,Wolverhampton 029D,E01010452,635,206,53,153,429,380,49
2021,Wolverhampton 035G,E01010454,672,230,72,158,442,396,46
2021,Wolverhampton 029E,E01010455,1120,311,95,216,809,712,97
2021,Wolverhampton 004A,E01010456,446,177,50,127,269,239,30
2021,Wolverhampton 004B,E01010457,735,188,51,137,547,479,68
2021,Wolverhampton 008A,E01010458,776,243,72,171,533,496,37
2021,Wolverhampton 008B,E01010459,729,207,61,146,522,463,59
2021,Wolverhampton 008C,E01010460,773,197,56,141,576,505,71
2021,Wolverhampton 008D,E01010461,758,201,59,142,557,496,61
2021,Wolverhampton 004C,E01010462,628,192,51,141,436,377,59
2021,Wolverhampton 020A,E01010463,695,217,72,145,478,406,72
2021,Wolverhampton 020B,E01010464,596,207,71,136,389,354,35
2021,Wolverhampton 020C,E01010465,626,192,52,140,434,381,53
2021,Wolverhampton 020D,E01010466,549,173,50,123,376,334,42
2021,Wolverhampton 026A,E01010467,673,197,74,123,476,429,47
2021,Wolverhampton 026B,E01010468,685,182,67,115,503,442,61
2021,Wolverhampton 026C,E01010469,734,212,70,142,522,454,68
2021,Wolverhampton 020E,E01010470,652,196,69,127,456,379,77
2021,Wolverhampton 015A,E01010471,649,186,60,126,463,417,46
2021,Wolverhampton 015B,E01010472,1064,289,87,202,775,710,65
2021,Wolverhampton 015C,E01010473,688,240,97,143,448,408,40
2021,Wolverhampton 012A,E01010474,670,201,57,144,469,421,48
2021,Wolverhampton 015D,E01010475,827,218,68,150,609,538,71
2021,Wolverhampton 015E,E01010476,727,207,62,145,520,469,51
2021,Wolverhampton 015F,E01010477,699,185,52,133,514,457,57
2021,Wolverhampton 011A,E01010478,523,166,56,110,357,301,56
2021,Wolverhampton 011B,E01010479,631,202,65,137,429,388,41
2021,Wolverhampton 011C,E01010480,650,193,50,143,457,395,62
2021,Wolverhampton 004D,E01010481,521,179,59,120,342,310,32
2021,Wolverhampton 007A,E01010482,512,216,56,160,296,278,18
2021,Wolverhampton 007B,E01010483,519,206,43,163,313,282,31
2021,Wolverhampton 007C,E01010484,461,172,62,110,289,263,26
2021,Wolverhampton 007D,E01010485,752,241,56,185,511,454,57
2021,Wolverhampton 011D,E01010486,592,206,77,129,386,348,38
2021,Wolverhampton 021A,E01010487,771,228,92,136,543,466,77
2021,Wolverhampton 021B,E01010488,593,191,60,131,402,354,48
2021,Wolverhampton 028A,E01010489,641,203,71,132,438,372,66
2021,Wolverhampton 028B,E01010490,671,216,77,139,455,399,56
2021,Wolverhampton 028C,E01010491,686,203,47,156,483,415,68
2021,Wolverhampton 028D,E01010492,630,169,53,116,461,406,55
2021,Wolverhampton 021C,E01010493,727,200,52,148,527,435,92
2021,Wolverhampton 028E,E01010494,750,210,48,162,540,465,75
2021,Wolverhampton 002A,E01010495,761,203,55,148,558,505,53
2021,Wolverhampton 003A,E01010496,642,178,56,122,464,401,63
2021,Wolverhampton 002B,E01010497,608,170,52,118,438,373,65
2021,Wolverhampton 003B,E01010498,723,187,54,133,536,477,59
2021,Wolverhampton 002C,E01010499,636,183,61,122,453,392,61
2021,Wolverhampton 002D,E01010500,550,171,37,134,379,346,33
2021,Wolverhampton 006B,E01010501,624,173,53,120,451,397,54
2021,Wolverhampton 006C,E01010502,696,166,43,123,530,469,61
2021,Wolverhampton 006D,E01010503,561,158,52,106,403,344,59
2021,Wolverhampton 021D,E01010504,684,162,55,107,522,428,94
2021,Wolverhampton 021E,E01010505,543,139,56,83,404,348,56
2021,Wolverhampton 017A,E01010506,746,205,79,126,541,477,64
2021,Wolverhampton 021F,E01010507,600,155,42,113,445,364,81
2021,Wolverhampton 017B,E01010508,684,193,61,132,491,450,41
2021,Wolverhampton 019A,E01010509,676,195,58,137,481,424,57
2021,Wolverhampton 017C,E01010510,748,194,54,140,554,482,72
2021,Wolverhampton 017D,E01010511,746,228,77,151,518,463,55
2021,Wolverhampton 017E,E01010512,619,166,47,119,453,412,41
2021,Wolverhampton 031A,E01010513,629,159,59,100,470,419,51
2021,Wolverhampton 031B,E01010514,843,243,66,177,600,526,74
2021,Wolverhampton 031C,E01010515,810,233,56,177,577,483,94
2021,Wolverhampton 026D,E01010516,714,205,64,141,509,460,49
2021,Wolverhampton 031D,E01010517,748,232,75,157,516,464,52
2021,Wolverhampton 026E,E01010518,769,214,69,145,555,473,82
2021,Wolverhampton 030D,E01010519,712,194,60,134,518,448,70
2021,Wolverhampton 030E,E01010520,784,198,73,125,586,500,86
2021,Wolverhampton 013A,E01010522,693,208,60,148,485,430,55
2021,Wolverhampton 013B,E01010523,785,217,75,142,568,507,61
2021,Wolverhampton 013C,E01010524,629,196,69,127,433,368,65
2021,Wolverhampton 013D,E01010525,827,230,71,159,597,533,64
2021,Wolverhampton 016A,E01010526,517,168,60,108,349,301,48
2021,Wolverhampton 016B,E01010527,630,227,72,155,403,348,55
2021,Wolverhampton 016C,E01010528,566,233,111,122,333,296,37
2021,Wolverhampton 016D,E01010529,673,185,66,119,488,430,58
2021,Wolverhampton 035H,E01010530,736,219,78,141,517,444,73
2021,Wolverhampton 034A,E01010531,732,202,51,151,530,457,73
2021,Wolverhampton 034B,E01010532,728,207,60,147,521,454,67
2021,Wolverhampton 032A,E01010533,742,196,49,147,546,496,50
2021,Wolverhampton 034C,E01010534,721,212,71,141,509,441,68
2021,Wolverhampton 032B,E01010535,627,203,65,138,424,374,50
2021,Wolverhampton 032C,E01010536,777,220,70,150,557,486,71
2021,Wolverhampton 032D,E01010537,647,176,43,133,471,412,59
2021,Wolverhampton 034D,E01010538,696,196,62,134,500,442,58
2021,Wolverhampton 009A,E01010539,788,233,72,161,555,498,57
2021,Wolverhampton 009B,E01010540,651,186,72,114,465,387,78
2021,Wolverhampton 003C,E01010541,539,148,41,107,391,351,40
2021,Wolverhampton 009C,E01010542,791,217,63,154,574,507,67
2021,Wolverhampton 003D,E01010543,516,182,44,138,334,296,38
2021,Wolverhampton 009D,E01010544,709,200,61,139,509,434,75
2021,Wolverhampton 009E,E01010545,834,247,77,170,587,529,58
2021,Wolverhampton 014A,E01010546,777,205,69,136,572,439,133
2021,Wolverhampton 014B,E01010547,559,167,46,121,392,337,55
2021,Wolverhampton 014C,E01010548,547,173,52,121,374,325,49
2021,Wolverhampton 014D,E01010549,711,220,66,154,491,429,62
2021,Wolverhampton 019B,E01010550,770,202,82,120,568,447,121
2021,Wolverhampton 019C,E01010551,708,204,74,130,504,429,75
2021,Wolverhampton 019D,E01010552,866,271,104,167,595,531,64
2021,Wolverhampton 014E,E01010553,735,213,84,129,522,424,98
2021,Wolverhampton 010A,E01010554,612,180,54,126,432,382,50
2021,Wolverhampton 005A,E01010555,563,186,38,148,377,339,38
2021,Wolverhampton 005B,E01010556,700,205,54,151,495,428,67
2021,Wolverhampton 005C,E01010557,646,198,55,143,448,404,44
2021,Wolverhampton 010B,E01010558,704,195,57,138,509,445,64
2021,Wolverhampton 005D,E01010559,641,181,41,140,460,415,45
2021,Wolverhampton 005E,E01010560,743,213,52,161,530,470,60
2021,Wolverhampton 012B,E01010561,709,194,56,138,515,463,52
2021,Wolverhampton 010C,E01010562,609,176,61,115,433,371,62
2021,Wolverhampton 010D,E01010563,585,169,43,126,416,369,47
2021,Wolverhampton 012C,E01010564,1161,272,78,194,889,778,111
2021,Wolverhampton 012D,E01010565,852,235,65,170,617,525,92
2021,Wolverhampton 008E,E01010566,798,243,74,169,555,479,76
2021,Wolverhampton 010E,E01010567,682,219,71,148,463,412,51
2021,Bradford 016A,E01010568,799,226,63,163,573,497,76
2021,Bradford 016B,E01010569,757,247,76,171,510,456,54
2021,Bradford 018A,E01010570,659,205,67,138,454,371,83
2021,Bradford 016C,E01010571,936,260,74,186,676,602,74
2021,Bradford 016D,E01010572,736,202,62,140,534,482,52
2021,Bradford 013A,E01010573,893,275,94,181,618,502,116
2021,Bradford 013B,E01010574,600,176,69,107,424,358,66
2021,Bradford 013C,E01010575,696,212,51,161,484,425,59
2021,Bradford 016E,E01010576,747,222,83,139,525,450,75
2021,Bradford 013D,E01010577,745,214,73,141,531,449,82
2021,Bradford 015A,E01010578,823,223,71,152,600,509,91
2021,Bradford 010A,E01010579,679,192,70,122,487,416,71
2021,Bradford 010B,E01010580,1200,348,104,244,852,708,144
2021,Bradford 015B,E01010581,829,221,62,159,608,516,92
2021,Bradford 015C,E01010582,900,243,63,180,657,589,68
2021,Bradford 018B,E01010583,508,158,44,114,350,306,44
2021,Bradford 015D,E01010584,881,239,76,163,642,583,59
2021,Bradford 015E,E01010585,909,250,63,187,659,584,75
2021,Bradford 022A,E01010586,753,220,79,141,533,447,86
2021,Bradford 022B,E01010587,1045,290,90,200,755,637,118
2021,Bradford 022C,E01010588,730,216,59,157,514,442,72
2021,Bradford 022D,E01010589,655,197,64,133,458,399,59
2021,Bradford 031A,E01010590,1105,328,115,213,777,626,151
2021,Bradford 022E,E01010591,668,214,52,162,454,412,42
2021,Bradford 031B,E01010592,731,223,68,155,508,418,90
2021,Bradford 022F,E01010593,849,254,76,178,595,499,96
2021,Bradford 031C,E01010594,826,231,69,162,595,490,105
2021,Bradford 031D,E01010595,1062,280,74,206,782,659,123
2021,Bradford 022G,E01010596,665,205,56,149,460,399,61
2021,Bradford 028A,E01010597,704,245,63,182,459,400,59
2021,Bradford 028B,E01010598,722,276,82,194,446,396,50
2021,Bradford 028C,E01010599,586,211,54,157,375,341,34
2021,Bradford 028D,E01010600,539,222,51,171,317,298,19
2021,Bradford 032A,E01010601,832,277,69,208,555,494,61
2021,Bradford 028E,E01010602,710,259,68,191,451,410,41
2021,Bradford 024A,E01010603,724,221,57,164,503,447,56
2021,Bradford 024B,E01010604,803,254,69,185,549,485,64
2021,Bradford 024C,E01010605,630,214,49,165,416,358,58
2021,Bradford 064E,E01010606,553,282,71,211,271,254,17
2021,Bradford 064C,E01010607,672,299,86,213,373,340,33
2021,Bradford 045A,E01010608,512,255,68,187,257,246,11
2021,Bradford 046A,E01010609,623,212,62,150,411,371,40
2021,Bradford 046B,E01010610,720,236,51,185,484,453,31
2021,Bradford 046C,E01010611,822,265,66,199,557,508,49
2021,Bradford 052A,E01010612,464,148,42,106,316,299,17
2021,Bradford 045B,E01010613,599,178,44,134,421,381,40
2021,Bradford 046D,E01010614,591,199,52,147,392,359,33
2021,Bradford 053A,E01010615,584,189,45,144,395,352,43
2021,Bradford 053B,E01010616,632,242,76,166,390,363,27
2021,Bradford 064B,E01010617,388,190,52,138,198,187,11
2021,Bradford 038A,E01010618,606,262,69,193,344,317,27
2021,Bradford 038B,E01010619,761,365,115,250,396,374,22
2021,Bradford 042A,E01010620,580,262,70,192,318,293,25
2021,Bradford 042B,E01010621,714,359,104,255,355,332,23
2021,Bradford 042C,E01010622,699,350,91,259,349,320,29
2021,Bradford 042D,E01010623,478,213,57,156,265,254,11
2021,Bradford 042E,E01010624,581,279,82,197,302,273,29
2021,Bradford 038C,E01010625,500,257,78,179,243,223,20
2021,Bradford 038D,E01010626,683,323,102,221,360,333,27
2021,Bradford 038E,E01010627,634,263,69,194,371,334,37
2021,Bradford 040A,E01010628,681,270,83,187,411,380,31
2021,Bradford 040B,E01010629,812,362,127,235,450,409,41
2021,Bradford 040C,E01010630,697,267,46,221,430,411,19
2021,Bradford 040D,E01010631,517,188,50,138,329,301,28
2021,Bradford 040E,E01010632,489,174,48,126,315,292,23
2021,Bradford 047A,E01010633,695,233,60,173,462,404,58
2021,Bradford 047B,E01010634,793,218,65,153,575,510,65
2021,Bradford 047C,E01010635,446,144,41,103,302,274,28
2021,Bradford 047D,E01010636,837,208,50,158,629,548,81
2021,Bradford 047E,E01010637,737,234,67,167,503,441,62
2021,Bradford 062A,E01010638,690,216,80,136,474,388,86
2021,Bradford 063C,E01010639,982,264,81,183,718,615,103
2021,Bradford 063A,E01010640,933,254,73,181,679,594,85
2021,Bradford 063B,E01010641,646,197,73,124,449,384,65
2021,Bradford 062B,E01010642,956,284,69,215,672,555,117
2021,Bradford 062E,E01010643,758,178,63,115,580,502,78
2021,Bradford 062D,E01010644,1046,268,67,201,778,687,91
2021,Bradford 062C,E01010645,940,256,74,182,684,602,82
2021,Bradford 001A,E01010646,564,203,84,119,361,286,75
2021,Bradford 001B,E01010647,419,159,53,106,260,215,45
2021,Bradford 001C,E01010648,588,212,81,131,376,315,61
2021,Bradford 027A,E01010649,715,216,47,169,499,444,55
2021,Bradford 027B,E01010650,803,246,59,187,557,505,52
2021,Bradford 032B,E01010651,781,261,65,196,520,469,51
2021,Bradford 026A,E01010652,732,206,48,158,526,454,72
2021,Bradford 026B,E01010653,786,256,65,191,530,466,64
2021,Bradford 027C,E01010654,699,242,73,169,457,406,51
2021,Bradford 026C,E01010655,546,185,53,132,361,326,35
2021,Bradford 026D,E01010656,694,236,68,168,458,400,58
2021,Bradford 026E,E01010657,682,195,32,163,487,426,61
2021,Bradford 041A,E01010658,663,303,93,210,360,333,27
2021,Bradford 049A,E01010659,542,264,63,201,278,249,29
2021,Bradford 049D,E01010662,615,240,67,173,375,341,34
2021,Bradford 050A,E01010663,601,249,61,188,352,320,32
2021,Bradford 049E,E01010664,619,266,81,185,353,317,36
2021,Bradford 050B,E01010665,722,253,78,175,469,413,56
2021,Bradford 050C,E01010666,474,191,60,131,283,256,27
2021,Bradford 050D,E01010667,598,226,69,157,372,341,31
2021,Bradford 055A,E01010668,598,216,62,154,382,347,35
2021,Bradford 030A,E01010669,767,322,73,249,445,394,51
2021,Bradford 029A,E01010670,658,283,96,187,375,336,39
2021,Bradford 029B,E01010671,631,240,65,175,391,361,30
2021,Bradford 036A,E01010672,665,202,61,141,463,400,63
2021,Bradford 029C,E01010673,637,294,103,191,343,326,17
2021,Bradford 030B,E01010674,706,308,91,217,398,368,30
2021,Bradford 029D,E01010675,759,288,87,201,471,425,46
2021,Bradford 034A,E01010676,767,365,116,249,402,366,36
2021,Bradford 036B,E01010678,544,181,55,126,363,313,50
2021,Bradford 034B,E01010679,659,289,84,205,370,328,42
2021,Bradford 019A,E01010680,610,170,33,137,440,385,55
2021,Bradford 019B,E01010681,804,202,56,146,602,503,99
2021,Bradford 019C,E01010682,600,180,55,125,420,367,53
2021,Bradford 017A,E01010683,1435,330,93,237,1105,950,155
2021,Bradford 017B,E01010684,742,230,73,157,512,463,49
2021,Bradford 017C,E01010685,852,253,73,180,599,508,91
2021,Bradford 017D,E01010686,845,247,66,181,598,523,75
2021,Bradford 019D,E01010687,994,249,74,175,745,636,109
2021,Bradford 019E,E01010688,1036,264,68,196,772,693,79
2021,Bradford 019F,E01010689,1121,263,80,183,858,753,105
2021,Bradford 019G,E01010690,909,253,71,182,656,591,65
2021,Bradford 002A,E01010691,669,223,97,126,446,345,101
2021,Bradford 001D,E01010692,807,249,114,135,558,446,112
2021,Bradford 002B,E01010693,613,201,90,111,412,315,97
2021,Bradford 002C,E01010694,594,212,89,123,382,285,97
2021,Bradford 002D,E01010695,748,238,97,141,510,406,104
2021,Bradford 002E,E01010696,753,237,88,149,516,401,115
2021,Bradford 002F,E01010697,597,198,81,117,399,298,101
2021,Bradford 002G,E01010698,945,308,97,211,637,542,95
2021,Bradford 002H,E01010699,879,317,115,202,562,476,86
2021,Bradford 008A,E01010700,543,239,77,162,304,276,28
2021,Bradford 008B,E01010701,462,223,66,157,239,225,14
2021,Bradford 008C,E01010702,671,364,121,243,307,289,18
2021,Bradford 008D,E01010703,726,264,68,196,462,413,49
2021,Bradford 008E,E01010704,630,196,43,153,434,373,61
2021,Bradford 008F,E01010705,786,254,90,164,532,459,73
2021,Bradford 006A,E01010706,777,251,104,147,526,440,86
2021,Bradford 006B,E01010707,939,284,97,187,655,555,100
2021,Bradford 006C,E01010708,740,271,75,196,469,408,61
2021,Bradford 006D,E01010709,1295,410,134,276,885,757,128
2021,Bradford 008G,E01010710,724,265,83,182,459,427,32
2021,Bradford 011A,E01010711,516,191,56,135,325,286,39
2021,Bradford 009A,E01010712,548,263,76,187,285,265,20
2021,Bradford 011B,E01010713,587,204,67,137,383,351,32
2021,Bradford 011C,E01010714,641,190,51,139,451,413,38
2021,Bradford 012A,E01010715,452,143,40,103,309,270,39
2021,Bradford 011D,E01010716,893,251,78,173,642,564,78
2021,Bradford 012B,E01010717,720,240,52,188,480,433,47
2021,Bradford 012C,E01010718,565,180,43,137,385,329,56
2021,Bradford 007A,E01010719,574,265,66,199,309,281,28
2021,Bradford 009B,E01010720,540,188,42,146,352,318,34
2021,Bradford 009C,E01010721,816,242,61,181,574,514,60
2021,Bradford 014A,E01010722,629,188,61,127,441,372,69
2021,Bradford 009D,E01010723,512,242,72,170,270,246,24
2021,Bradford 009E,E01010724,554,154,55,99,400,354,46
2021,Bradford 009F,E01010725,699,230,65,165,469,431,38
2021,Bradford 012D,E01010726,680,200,49,151,480,409,71
2021,Bradford 007B,E01010727,800,251,81,170,549,466,83
2021,Bradford 007C,E01010728,632,275,92,183,357,325,32
2021,Bradford 007D,E01010729,627,272,105,167,355,293,62
2021,Bradford 045C,E01010730,353,135,48,87,218,200,18
2021,Bradford 048A,E01010731,508,211,69,142,297,284,13
2021,Bradford 048B,E01010732,482,178,50,128,304,290,14
2021,Bradford 048C,E01010733,474,186,66,120,288,260,28
2021,Bradford 045D,E01010734,504,168,45,123,336,310,26
2021,Bradford 051A,E01010735,474,225,77,148,249,229,20
2021,Bradford 048D,E01010736,614,251,89,162,363,338,25
2021,Bradford 048E,E01010737,479,211,57,154,268,253,15
2021,Bradford 051B,E01010738,627,272,73,199,355,339,16
2021,Bradford 051C,E01010739,495,215,64,151,280,263,17
2021,Bradford 051D,E01010740,622,272,60,212,350,323,27
2021,Bradford 059A,E01010741,680,226,71,155,454,396,58
2021,Bradford 053C,E01010742,641,275,79,196,366,341,25
2021,Bradford 053D,E01010743,519,194,55,139,325,301,24
2021,Bradford 051E,E01010744,591,256,59,197,335,307,28
2021,Bradford 056A,E01010745,598,235,68,167,363,332,31
2021,Bradford 060A,E01010746,873,250,72,178,623,564,59
2021,Bradford 056B,E01010747,676,212,49,163,464,417,47
2021,Bradford 056C,E01010748,615,184,63,121,431,392,39
2021,Bradford 056D,E01010749,560,201,48,153,359,316,43
2021,Bradford 060B,E01010750,733,223,63,160,510,461,49
2021,Bradford 060C,E01010751,588,161,34,127,427,382,45
2021,Bradford 058A,E01010752,1064,281,78,203,783,698,85
2021,Bradford 058B,E01010753,585,179,45,134,406,360,46
2021,Bradford 058C,E01010754,839,234,73,161,605,512,93
2021,Bradford 055B,E01010755,849,250,62,188,599,521,78
2021,Bradford 058D,E01010756,937,233,69,164,704,621,83
2021,Bradford 058E,E01010758,691,191,45,146,500,434,66
2021,Bradford 058F,E01010759,749,215,74,141,534,455,79
2021,Bradford 058G,E01010760,1025,282,73,209,743,636,107
2021,Bradford 049G,E01010761,688,233,57,176,455,414,41
2021,Bradford 055C,E01010762,670,222,69,153,448,410,38
2021,Bradford 055D,E01010763,685,240,72,168,445,409,36
2021,Bradford 010C,E01010764,761,222,90,132,539,431,108
2021,Bradford 010D,E01010765,1092,326,109,217,766,684,82
2021,Bradford 010E,E01010766,571,163,50,113,408,359,49
2021,Bradford 003A,E01010767,636,216,79,137,420,357,63
2021,Bradford 003B,E01010768,810,252,84,168,558,460,98
2021,Bradford 003C,E01010769,792,250,77,173,542,452,90
2021,Bradford 005A,E01010770,834,295,109,186,539,413,126
2021,Bradford 003D,E01010771,545,147,48,99,398,319,79
2021,Bradford 005B,E01010772,563,187,67,120,376,319,57
2021,Bradford 005C,E01010773,784,249,75,174,535,470,65
2021,Bradford 005D,E01010774,742,221,74,147,521,429,92
2021,Bradford 024D,E01010775,860,245,67,178,615,554,61
2021,Bradford 021A,E01010776,700,213,63,150,487,437,50
2021,Bradford 021B,E01010777,618,176,46,130,442,405,37
2021,Bradford 024E,E01010778,889,317,68,249,572,509,63
2021,Bradford 021C,E01010779,699,198,41,157,501,450,51
2021,Bradford 021D,E01010781,636,184,38,146,452,414,38
2021,Bradford 020B,E01010782,990,302,102,200,688,620,68
2021,Bradford 021E,E01010783,759,195,53,142,564,494,70
2021,Bradford 018C,E01010784,843,223,75,148,620,543,77
2021,Bradford 018D,E01010785,866,222,58,164,644,567,77
2021,Bradford 018E,E01010786,632,201,71,130,431,351,80
2021,Bradford 020C,E01010787,715,222,55,167,493,443,50
2021,Bradford 020D,E01010788,681,194,67,127,487,425,62
2021,Bradford 025A,E01010789,726,279,71,208,447,399,48
2021,Bradford 018F,E01010790,724,215,58,157,509,444,65
2021,Bradford 025B,E01010791,731,303,90,213,428,392,36
2021,Bradford 025C,E01010792,699,264,80,184,435,401,34
2021,Bradford 025D,E01010793,723,290,90,200,433,381,52
2021,Bradford 043A,E01010794,777,266,50,216,511,465,46
2021,Bradford 043B,E01010795,990,300,77,223,690,596,94
2021,Bradford 043C,E01010796,672,216,54,162,456,399,57
2021,Bradford 043D,E01010797,790,241,61,180,549,456,93
2021,Bradford 043E,E01010798,681,197,62,135,484,425,59
2021,Bradford 036C,E01010799,633,225,63,162,408,371,37
2021,Bradford 036D,E01010800,564,206,45,161,358,339,19
2021,Bradford 036E,E01010801,726,288,80,208,438,403,35
2021,Bradford 036F,E01010802,810,274,58,216,536,473,63
2021,Bradford 037A,E01010803,578,260,72,188,318,306,12
2021,Bradford 033A,E01010804,818,364,119,245,454,424,30
2021,Bradford 030D,E01010805,642,286,86,200,356,303,53
2021,Bradford 033B,E01010806,620,231,83,148,389,356,33
2021,Bradford 033C,E01010807,825,324,128,196,501,468,33
2021,Bradford 033D,E01010808,672,318,76,242,354,330,24
2021,Bradford 033E,E01010809,666,312,92,220,354,334,20
2021,Bradford 037B,E01010810,762,312,81,231,450,423,27
2021,Bradford 037C,E01010811,666,319,91,228,347,318,29
2021,Bradford 041B,E01010812,596,277,82,195,319,293,26
2021,Bradford 037D,E01010813,527,248,72,176,279,253,26
2021,Bradford 057A,E01010814,700,221,55,166,479,431,48
2021,Bradford 057B,E01010815,1127,341,101,240,786,712,74
2021,Bradford 057C,E01010816,1001,268,86,182,733,603,130
2021,Bradford 057D,E01010817,1043,328,76,252,715,655,60
2021,Bradford 057E,E01010818,1018,313,86,227,705,632,73
2021,Bradford 052B,E01010819,468,151,33,118,317,302,15
2021,Bradford 052C,E01010820,405,146,36,110,259,240,19
2021,Bradford 052D,E01010821,699,191,42,149,508,462,46
2021,Bradford 052E,E01010822,442,143,38,105,299,274,25
2021,Bradford 034C,E01010824,686,240,76,164,446,392,54
2021,Bradford 032C,E01010825,684,208,57,151,476,424,52
2021,Bradford 027D,E01010826,492,226,63,163,266,242,24
2021,Bradford 032D,E01010827,596,218,61,157,378,339,39
2021,Bradford 035A,E01010828,616,209,56,153,407,364,43
2021,Bradford 035B,E01010829,530,215,52,163,315,283,32
2021,Bradford 035C,E01010830,725,336,87,249,389,371,18
2021,Bradford 035D,E01010831,736,303,73,230,433,402,31
2021,Bradford 035E,E01010832,706,311,82,229,395,358,37
2021,Bradford 041C,E01010833,569,252,100,152,317,282,35
2021,Bradford 044A,E01010834,888,459,255,204,429,398,31
2021,Bradford 044C,E01010836,655,306,105,201,349,324,25
2021,Bradford 044D,E01010837,634,287,93,194,347,331,16
2021,Bradford 044E,E01010838,619,281,73,208,338,319,19
2021,Bradford 044F,E01010839,470,218,74,144,252,235,17
2021,Bradford 034D,E01010840,483,206,55,151,277,250,27
2021,Bradford 034E,E01010841,654,350,120,230,304,287,17
2021,Bradford 065A,E01010842,627,288,62,226,339,327,12
2021,Bradford 041D,E01010843,551,248,71,177,303,283,20
2021,Bradford 059B,E01010845,777,244,58,186,533,473,60
2021,Bradford 055E,E01010846,947,278,76,202,669,601,68
2021,Bradford 054A,E01010847,749,217,52,165,532,483,49
2021,Bradford 054B,E01010848,738,242,58,184,496,446,50
2021,Bradford 059C,E01010849,659,204,54,150,455,407,48
2021,Bradford 059D,E01010850,503,163,45,118,340,317,23
2021,Bradford 059E,E01010851,681,189,42,147,492,444,48
2021,Bradford 054C,E01010852,701,279,67,212,422,387,35
2021,Bradford 054D,E01010853,568,207,43,164,361,337,24
2021,Bradford 023A,E01010854,909,299,96,203,610,505,105
2021,Bradford 023B,E01010855,788,275,92,183,513,431,82
2021,Bradford 023C,E01010856,746,239,89,150,507,427,80
2021,Bradford 023D,E01010857,755,215,75,140,540,439,101
2021,Bradford 023E,E01010858,845,248,86,162,597,511,86
2021,Bradford 012E,E01010859,854,259,59,200,595,516,79
2021,Bradford 014B,E01010860,905,264,79,185,641,546,95
2021,Bradford 023F,E01010861,885,274,90,184,611,521,90
2021,Bradford 014C,E01010862,865,242,59,183,623,549,74
2021,Bradford 014D,E01010863,714,210,68,142,504,423,81
2021,Bradford 059F,E01010864,560,154,34,120,406,365,41
2021,Bradford 060D,E01010865,771,179,44,135,592,510,82
2021,Bradford 060E,E01010866,690,156,45,111,534,477,57
2021,Bradford 059G,E01010867,838,239,58,181,599,535,64
2021,Bradford 061A,E01010868,633,202,65,137,431,384,47
2021,Bradford 061B,E01010869,745,191,58,133,554,501,53
2021,Bradford 061C,E01010870,669,167,43,124,502,450,52
2021,Bradford 061D,E01010871,910,219,58,161,691,587,104
2021,Bradford 061E,E01010872,652,199,71,128,453,402,51
2021,Bradford 061F,E01010873,557,165,44,121,392,344,48
2021,Bradford 059H,E01010874,622,186,51,135,436,380,56
2021,Calderdale 019A,E01010875,766,250,83,167,516,436,80
2021,Calderdale 019B,E01010876,791,234,76,158,557,476,81
2021,Calderdale 019C,E01010877,696,196,56,140,500,440,60
2021,Calderdale 015A,E01010878,837,233,76,157,604,515,89
2021,Calderdale 015B,E01010879,839,243,88,155,596,509,87
2021,Calderdale 019D,E01010880,529,157,39,118,372,337,35
2021,Calderdale 004A,E01010881,773,296,87,209,477,395,82
2021,Calderdale 004B,E01010882,591,227,68,159,364,323,41
2021,Calderdale 004C,E01010883,810,270,92,178,540,426,114
2021,Calderdale 022A,E01010884,700,228,88,140,472,401,71
2021,Calderdale 022B,E01010885,762,236,85,151,526,450,76
2021,Calderdale 022C,E01010886,528,170,58,112,358,304,54
2021,Calderdale 004D,E01010887,776,290,111,179,486,390,96
2021,Calderdale 004E,E01010888,742,278,101,177,464,404,60
2021,Calderdale 025A,E01010889,637,190,57,133,447,395,52
2021,Calderdale 025B,E01010890,940,225,61,164,715,634,81
2021,Calderdale 024A,E01010891,727,224,77,147,503,442,61
2021,Calderdale 024B,E01010892,1003,312,94,218,691,601,90
2021,Calderdale 025C,E01010893,666,190,61,129,476,410,66
2021,Calderdale 025D,E01010894,792,258,83,175,534,485,49
2021,Calderdale 024C,E01010895,563,167,54,113,396,352,44
2021,Calderdale 026A,E01010896,822,208,73,135,614,521,93
2021,Calderdale 026B,E01010897,865,283,102,181,582,491,91
2021,Calderdale 026C,E01010898,834,216,65,151,618,538,80
2021,Calderdale 026D,E01010899,632,172,54,118,460,405,55
2021,Calderdale 026E,E01010900,774,233,72,161,541,462,79
2021,Calderdale 025E,E01010901,907,230,77,153,677,578,99
2021,Calderdale 026F,E01010902,748,180,47,133,568,492,76
2021,Calderdale 025F,E01010903,793,252,69,183,541,461,80
2021,Calderdale 011A,E01010904,786,219,77,142,567,501,66
2021,Calderdale 015C,E01010905,1011,295,102,193,716,597,119
2021,Calderdale 011B,E01010906,658,204,72,132,454,378,76
2021,Calderdale 011C,E01010907,778,211,71,140,567,469,98
2021,Calderdale 015D,E01010908,1130,314,93,221,816,692,124
2021,Calderdale 011D,E01010909,814,248,64,184,566,488,78
2021,Calderdale 015E,E01010910,533,143,40,103,390,350,40
2021,Calderdale 001A,E01010911,870,220,58,162,650,554,96
2021,Calderdale 001B,E01010912,634,192,66,126,442,385,57
2021,Calderdale 001C,E01010913,599,175,38,137,424,369,55
2021,Calderdale 002A,E01010914,690,199,56,143,491,426,65
2021,Calderdale 001D,E01010915,767,203,61,142,564,498,66
2021,Calderdale 005A,E01010916,604,202,58,144,402,352,50
2021,Calderdale 007A,E01010917,827,284,113,171,543,468,75
2021,Calderdale 007B,E01010918,770,256,83,173,514,406,108
2021,Calderdale 007C,E01010919,657,224,76,148,433,383,50
2021,Calderdale 007D,E01010920,807,250,91,159,557,453,104
2021,Calderdale 007E,E01010921,730,218,79,139,512,440,72
2021,Calderdale 020A,E01010922,950,290,90,200,660,562,98
2021,Calderdale 004F,E01010923,812,299,102,197,513,425,88
2021,Calderdale 002B,E01010924,402,123,33,90,279,246,33
2021,Calderdale 002C,E01010925,563,179,46,133,384,328,56
2021,Calderdale 002D,E01010926,395,139,52,87,256,223,33
2021,Calderdale 009A,E01010927,1136,290,81,209,846,724,122
2021,Calderdale 009B,E01010928,554,208,54,154,346,303,43
2021,Calderdale 010A,E01010929,1017,383,92,291,634,574,60
2021,Calderdale 010B,E01010930,651,223,70,153,428,372,56
2021,Calderdale 003A,E01010931,673,213,67,146,460,400,60
2021,Calderdale 003B,E01010932,734,217,71,146,517,438,79
2021,Calderdale 003C,E01010933,873,262,88,174,611,515,96
2021,Calderdale 008A,E01010934,919,247,92,155,672,575,97
2021,Calderdale 003D,E01010935,683,204,55,149,479,425,54
2021,Calderdale 003E,E01010936,1030,306,108,198,724,611,113
2021,Calderdale 003F,E01010937,760,238,84,154,522,448,74
2021,Calderdale 006A,E01010938,509,177,55,122,332,306,26
2021,Calderdale 005B,E01010939,898,243,71,172,655,580,75
2021,Calderdale 006B,E01010940,687,196,48,148,491,435,56
2021,Calderdale 005C,E01010941,546,178,49,129,368,322,46
2021,Calderdale 005D,E01010942,822,231,45,186,591,526,65
2021,Calderdale 006C,E01010943,527,174,47,127,353,314,39
2021,Calderdale 005E,E01010944,487,166,41,125,321,286,35
2021,Calderdale 024D,E01010945,718,217,65,152,501,426,75
2021,Calderdale 023A,E01010946,525,169,53,116,356,301,55
2021,Calderdale 023B,E01010947,724,200,74,126,524,455,69
2021,Calderdale 024E,E01010948,634,181,53,128,453,378,75
2021,Calderdale 019E,E01010949,753,234,70,164,519,452,67
2021,Calderdale 023C,E01010950,673,193,48,145,480,435,45
2021,Calderdale 023D,E01010951,738,212,65,147,526,468,58
2021,Calderdale 027A,E01010952,800,255,93,162,545,439,106
2021,Calderdale 027B,E01010953,744,233,73,160,511,406,105
2021,Calderdale 027C,E01010954,1313,349,117,232,964,790,174
2021,Calderdale 027D,E01010955,705,195,61,134,510,381,129
2021,Calderdale 020B,E01010956,844,280,100,180,564,468,96
2021,Calderdale 027E,E01010957,768,225,78,147,543,449,94
2021,Calderdale 020C,E01010958,475,153,40,113,322,278,44
2021,Calderdale 020D,E01010959,718,216,56,160,502,440,62
2021,Calderdale 012A,E01010960,477,221,57,164,256,230,26
2021,Calderdale 006D,E01010961,550,162,50,112,388,358,30
2021,Calderdale 012B,E01010964,409,197,59,138,212,184,28
2021,Calderdale 012C,E01010965,396,162,71,91,234,216,18
2021,Calderdale 012D,E01010966,485,237,70,167,248,226,22
2021,Calderdale 008D,E01010967,637,177,69,108,460,409,51
2021,Calderdale 021A,E01010968,853,248,78,170,605,523,82
2021,Calderdale 016A,E01010969,840,237,76,161,603,533,70
2021,Calderdale 016B,E01010970,925,291,111,180,634,555,79
2021,Calderdale 021B,E01010971,925,293,105,188,632,524,108
2021,Calderdale 021C,E01010972,703,225,74,151,478,429,49
2021,Calderdale 021D,E01010973,759,255,104,151,504,421,83
2021,Calderdale 016C,E01010974,558,201,74,127,357,313,44
2021,Calderdale 017A,E01010975,653,196,54,142,457,399,58
2021,Calderdale 017B,E01010976,909,273,75,198,636,560,76
2021,Calderdale 016D,E01010977,1003,258,84,174,745,662,83
2021,Calderdale 017C,E01010978,717,195,60,135,522,450,72
2021,Calderdale 017D,E01010979,676,168,51,117,508,446,62
2021,Calderdale 017E,E01010980,745,225,72,153,520,461,59
2021,Calderdale 017F,E01010981,761,219,74,145,542,475,67
2021,Calderdale 013A,E01010982,637,244,79,165,393,355,38
2021,Calderdale 013B,E01010983,686,269,84,185,417,375,42
2021,Calderdale 022D,E01010984,661,230,59,171,431,380,51
2021,Calderdale 013C,E01010985,717,239,87,152,478,400,78
2021,Calderdale 013D,E01010986,803,256,76,180,547,465,82
2021,Calderdale 013E,E01010987,832,299,104,195,533,444,89
2021,Calderdale 013F,E01010988,574,212,69,143,362,316,46
2021,Calderdale 018A,E01010989,697,191,63,128,506,447,59
2021,Calderdale 018B,E01010990,796,236,71,165,560,489,71
2021,Calderdale 018C,E01010991,696,197,58,139,499,425,74
2021,Calderdale 018D,E01010992,883,236,72,164,647,561,86
2021,Calderdale 018E,E01010993,741,214,66,148,527,451,76
2021,Calderdale 012E,E01010995,455,190,62,128,265,237,28
2021,Calderdale 014A,E01010996,489,221,73,148,268,256,12
2021,Calderdale 009C,E01010997,624,188,56,132,436,383,53
2021,Calderdale 010C,E01010998,700,264,71,193,436,386,50
2021,Calderdale 009D,E01010999,708,229,64,165,479,436,43
2021,Calderdale 010D,E01011000,706,321,82,239,385,364,21
2021,Calderdale 014B,E01011001,538,272,97,175,266,250,16
2021,Calderdale 014C,E01011002,660,247,74,173,413,375,38
2021,Calderdale 014D,E01011003,502,219,63,156,283,248,35
2021,Kirklees 040A,E01011004,483,156,30,126,327,306,21
2021,Kirklees 044A,E01011005,632,181,56,125,451,392,59
2021,Kirklees 040B,E01011006,695,205,63,142,490,436,54
2021,Kirklees 042A,E01011007,753,248,90,158,505,443,62
2021,Kirklees 040C,E01011008,721,223,85,138,498,453,45
2021,Kirklees 044B,E01011009,534,167,53,114,367,311,56
2021,Kirklees 044C,E01011010,637,197,48,149,440,406,34
2021,Kirklees 044D,E01011011,659,206,62,144,453,391,62
2021,Kirklees 040D,E01011012,731,222,54,168,509,462,47
2021,Kirklees 007A,E01011013,683,203,54,149,480,414,66
2021,Kirklees 007B,E01011014,688,245,82,163,443,415,28
2021,Kirklees 010A,E01011015,494,237,57,180,257,243,14
2021,Kirklees 013A,E01011016,577,241,64,177,336,296,40
2021,Kirklees 013B,E01011017,548,257,70,187,291,280,11
2021,Kirklees 013C,E01011018,539,247,77,170,292,281,11
2021,Kirklees 013D,E01011019,607,243,69,174,364,341,23
2021,Kirklees 013E,E01011020,487,249,68,181,238,223,15
2021,Kirklees 014A,E01011021,777,243,62,181,534,486,48
2021,Kirklees 014B,E01011022,681,206,64,142,475,418,57
2021,Kirklees 007C,E01011023,768,278,79,199,490,432,58
2021,Kirklees 007D,E01011024,778,273,70,203,505,448,57
2021,Kirklees 016A,E01011025,599,215,42,173,384,339,45
2021,Kirklees 016B,E01011026,688,261,71,190,427,377,50
2021,Kirklees 006A,E01011027,608,170,57,113,438,397,41
2021,Kirklees 006B,E01011028,688,202,62,140,486,424,62
2021,Kirklees 010B,E01011029,527,205,72,133,322,302,20
2021,Kirklees 006C,E01011030,636,218,60,158,418,382,36
2021,Kirklees 006D,E01011031,876,267,66,201,609,548,61
2021,Kirklees 010C,E01011032,966,297,63,234,669,590,79
2021,Kirklees 012A,E01011033,739,264,67,197,475,428,47
2021,Kirklees 010D,E01011034,537,246,64,182,291,275,16
2021,Kirklees 012B,E01011035,622,282,61,221,340,319,21
2021,Kirklees 012C,E01011036,625,276,71,205,349,316,33
2021,Kirklees 012D,E01011037,989,345,105,240,644,594,50
2021,Kirklees 029A,E01011038,570,214,61,153,356,323,33
2021,Kirklees 027A,E01011039,684,248,58,190,436,381,55
2021,Kirklees 031A,E01011040,771,278,105,173,493,444,49
2021,Kirklees 029B,E01011041,622,226,74,152,396,364,32
2021,Kirklees 027B,E01011042,734,257,90,167,477,409,68
2021,Kirklees 031B,E01011043,1018,384,134,250,634,565,69
2021,Kirklees 031C,E01011044,669,248,74,174,421,376,45
2021,Kirklees 031D,E01011045,607,255,83,172,352,322,30
2021,Kirklees 022A,E01011046,619,217,86,131,402,318,84
2021,Kirklees 027C,E01011047,640,184,77,107,456,401,55
2021,Kirklees 002A,E01011048,758,195,55,140,563,483,80
2021,Kirklees 002B,E01011049,858,235,70,165,623,545,78
2021,Kirklees 002C,E01011050,719,182,49,133,537,464,73
2021,Kirklees 001A,E01011051,916,233,69,164,683,589,94
2021,Kirklees 002D,E01011052,820,233,68,165,587,505,82
2021,Kirklees 002E,E01011053,704,177,44,133,527,476,51
2021,Kirklees 006E,E01011054,651,180,48,132,471,389,82
2021,Kirklees 001B,E01011055,630,169,46,123,461,382,79
2021,Kirklees 001C,E01011056,801,228,73,155,573,499,74
2021,Kirklees 001D,E01011057,839,215,73,142,624,527,97
2021,Kirklees 001E,E01011058,591,182,56,126,409,356,53
2021,Kirklees 002F,E01011059,744,223,67,156,521,460,61
2021,Kirklees 005A,E01011060,692,197,48,149,495,440,55
2021,Kirklees 005B,E01011061,757,181,49,132,576,524,52
2021,Kirklees 003A,E01011062,1070,301,76,225,769,674,95
2021,Kirklees 005C,E01011063,1039,292,78,214,747,658,89
2021,Kirklees 003B,E01011064,726,233,74,159,493,412,81
2021,Kirklees 005D,E01011065,869,227,70,157,642,568,74
2021,Kirklees 005E,E01011066,734,190,54,136,544,470,74
2021,Kirklees 008A,E01011067,793,215,74,141,578,496,82
2021,Kirklees 003C,E01011068,857,234,62,172,623,543,80
2021,Kirklees 003D,E01011069,717,197,51,146,520,458,62
2021,Kirklees 052A,E01011070,839,270,90,180,569,458,111
2021,Kirklees 049A,E01011071,1031,300,112,188,731,651,80
2021,Kirklees 049B,E01011072,831,243,74,169,588,512,76
2021,Kirklees 049C,E01011073,776,213,77,136,563,503,60
2021,Kirklees 052B,E01011074,870,256,81,175,614,541,73
2021,Kirklees 052C,E01011075,687,201,68,133,486,410,76
2021,Kirklees 052D,E01011076,651,182,54,128,469,409,60
2021,Kirklees 045A,E01011077,846,240,77,163,606,538,68
2021,Kirklees 049D,E01011078,951,291,93,198,660,587,73
2021,Kirklees 047A,E01011079,774,262,79,183,512,463,49
2021,Kirklees 043A,E01011080,716,285,91,194,431,399,32
2021,Kirklees 043B,E01011081,614,248,71,177,366,323,43
2021,Kirklees 043C,E01011082,561,222,67,155,339,317,22
2021,Kirklees 047B,E01011083,803,284,64,220,519,463,56
2021,Kirklees 047C,E01011084,628,269,70,199,359,321,38
2021,Kirklees 047D,E01011085,652,238,76,162,414,365,49
2021,Kirklees 050A,E01011086,692,208,67,141,484,414,70
2021,Kirklees 050B,E01011087,640,199,59,140,441,364,77
2021,Kirklees 050C,E01011088,554,179,73,106,375,324,51
2021,Kirklees 032A,E01011089,554,165,44,121,389,325,64
2021,Kirklees 037A,E01011090,644,205,52,153,439,397,42
2021,Kirklees 032B,E01011091,674,180,52,128,494,406,88
2021,Kirklees 032C,E01011092,579,184,62,122,395,318,77
2021,Kirklees 035A,E01011093,544,219,60,159,325,287,38
2021,Kirklees 035B,E01011094,557,195,58,137,362,335,27
2021,Kirklees 037B,E01011095,632,178,48,130,454,396,58
2021,Kirklees 035C,E01011096,677,237,58,179,440,394,46
2021,Kirklees 037C,E01011097,724,223,65,158,501,452,49
2021,Kirklees 035D,E01011098,781,267,87,180,514,456,58
2021,Kirklees 037D,E01011099,625,198,57,141,427,383,44
2021,Kirklees 022B,E01011100,590,191,54,137,399,356,43
2021,Kirklees 025A,E01011101,631,229,66,163,402,359,43
2021,Kirklees 022C,E01011102,659,210,70,140,449,391,58
2021,Kirklees 025B,E01011103,554,181,51,130,373,336,37
2021,Kirklees 025C,E01011104,609,182,57,125,427,393,34
2021,Kirklees 025D,E01011105,1040,318,88,230,722,636,86
2021,Kirklees 029C,E01011106,605,209,67,142,396,367,29
2021,Kirklees 029D,E01011107,727,297,127,170,430,394,36
2021,Kirklees 022D,E01011108,669,175,60,115,494,440,54
2021,Kirklees 054A,E01011109,1012,270,102,168,742,615,127
2021,Kirklees 057A,E01011110,726,190,83,107,536,433,103
2021,Kirklees 057B,E01011111,919,247,78,169,672,561,111
2021,Kirklees 057C,E01011112,757,221,71,150,536,459,77
2021,Kirklees 054B,E01011113,688,193,56,137,495,423,72
2021,Kirklees 054C,E01011114,701,189,69,120,512,436,76
2021,Kirklees 057D,E01011115,847,244,74,170,603,496,107
2021,Kirklees 057E,E01011116,731,207,75,132,524,439,85
2021,Kirklees 057F,E01011117,853,229,91,138,624,503,121
2021,Kirklees 056A,E01011118,822,255,88,167,567,468,99
2021,Kirklees 054D,E01011119,647,189,64,125,458,384,74
2021,Kirklees 056B,E01011120,714,213,66,147,501,389,112
2021,Kirklees 018A,E01011121,815,198,46,152,617,535,82
2021,Kirklees 018B,E01011122,492,151,38,113,341,290,51
2021,Kirklees 018C,E01011123,698,254,81,173,444,397,47
2021,Kirklees 018D,E01011124,991,275,77,198,716,598,118
2021,Kirklees 018E,E01011125,985,291,74,217,694,604,90
2021,Kirklees 014C,E01011126,801,239,79,160,562,476,86
2021,Kirklees 014D,E01011127,675,185,53,132,490,429,61
2021,Kirklees 017A,E01011128,860,321,102,219,539,493,46
2021,Kirklees 018F,E01011129,597,192,67,125,405,351,54
2021,Kirklees 017B,E01011130,815,299,82,217,516,466,50
2021,Kirklees 020A,E01011132,684,210,71,139,474,401,73
2021,Kirklees 023A,E01011133,516,236,48,188,280,244,36
2021,Kirklees 023B,E01011134,688,306,85,221,382,328,54
2021,Kirklees 016C,E01011136,550,216,51,165,334,299,35
2021,Kirklees 016D,E01011137,668,217,53,164,451,389,62
2021,Kirklees 019A,E01011138,637,285,78,207,352,322,30
2021,Kirklees 019B,E01011139,639,258,81,177,381,325,56
2021,Kirklees 019C,E01011140,499,227,57,170,272,257,15
2021,Kirklees 019D,E01011141,694,315,90,225,379,330,49
2021,Kirklees 020B,E01011142,762,220,50,170,542,474,68
2021,Kirklees 023C,E01011143,560,241,56,185,319,277,42
2021,Kirklees 023D,E01011144,509,228,57,171,281,241,40
2021,Kirklees 041A,E01011145,667,192,57,135,475,426,49
2021,Kirklees 036A,E01011146,808,240,62,178,568,502,66
2021,Kirklees 041B,E01011147,832,225,65,160,607,541,66
2021,Kirklees 041C,E01011148,591,208,55,153,383,356,27
2021,Kirklees 045B,E01011149,861,249,80,169,612,535,77
2021,Kirklees 038A,E01011150,862,263,70,193,599,514,85
2021,Kirklees 036B,E01011151,772,213,72,141,559,446,113
2021,Kirklees 041D,E01011152,942,247,94,153,695,594,101
2021,Kirklees 045C,E01011153,817,214,72,142,603,523,80
2021,Kirklees 045D,E01011154,766,230,63,167,536,463,73
2021,Kirklees 038B,E01011155,1172,281,73,208,891,767,124
2021,Kirklees 015A,E01011156,663,187,55,132,476,409,67
2021,Kirklees 011A,E01011157,679,246,73,173,433,385,48
2021,Kirklees 015B,E01011158,940,280,69,211,660,590,70
2021,Kirklees 015C,E01011159,828,236,73,163,592,483,109
2021,Kirklees 015D,E01011160,695,191,65,126,504,444,60
2021,Kirklees 011B,E01011161,658,173,50,123,485,421,64
2021,Kirklees 015E,E01011162,692,201,56,145,491,427,64
2021,Kirklees 011C,E01011163,495,156,37,119,339,308,31
2021,Kirklees 011D,E01011164,811,257,59,198,554,500,54
2021,Kirklees 011E,E01011165,743,249,59,190,494,450,44
2021,Kirklees 011F,E01011166,690,236,68,168,454,414,40
2021,Kirklees 011G,E01011167,679,259,52,207,420,379,41
2021,Kirklees 055A,E01011168,788,229,75,154,559,476,83
2021,Kirklees 053A,E01011169,661,178,75,103,483,400,83
2021,Kirklees 053B,E01011170,921,280,99,181,641,522,119
2021,Kirklees 053E,E01011173,556,178,66,112,378,325,53
2021,Kirklees 055B,E01011174,844,269,97,172,575,472,103
2021,Kirklees 055C,E01011175,765,233,62,171,532,471,61
2021,Kirklees 053F,E01011176,665,203,65,138,462,380,82
2021,Kirklees 055D,E01011177,983,312,114,198,671,578,93
2021,Kirklees 055E,E01011178,850,246,83,163,604,513,91
2021,Kirklees 059A,E01011179,824,239,87,152,585,476,109
2021,Kirklees 058A,E01011180,930,287,99,188,643,550,93
2021,Kirklees 059B,E01011181,929,274,103,171,655,540,115
2021,Kirklees 058B,E01011182,858,270,101,169,588,465,123
2021,Kirklees 059C,E01011183,1179,338,112,226,841,655,186
2021,Kirklees 059D,E01011184,635,214,85,129,421,356,65
2021,Kirklees 059E,E01011185,758,215,100,115,543,458,85
2021,Kirklees 058C,E01011186,833,253,99,154,580,474,106
2021,Kirklees 059F,E01011187,786,234,86,148,552,470,82
2021,Kirklees 058D,E01011188,730,236,89,147,494,411,83
2021,Kirklees 059G,E01011189,886,252,101,151,634,509,125
2021,Kirklees 051A,E01011190,731,223,84,139,508,392,116
2021,Kirklees 046A,E01011191,767,224,53,171,543,473,70
2021,Kirklees 046B,E01011192,702,205,75,130,497,412,85
2021,Kirklees 046C,E01011193,1190,326,96,230,864,701,163
2021,Kirklees 046D,E01011194,582,172,57,115,410,350,60
2021,Kirklees 051B,E01011195,644,260,144,116,384,311,73
2021,Kirklees 051C,E01011196,928,281,83,198,647,540,107
2021,Kirklees 051D,E01011197,678,219,76,143,459,381,78
2021,Kirklees 056C,E01011198,747,223,87,136,524,433,91
2021,Kirklees 056D,E01011199,694,226,81,145,468,373,95
2021,Kirklees 032D,E01011200,1201,328,118,210,873,744,129
2021,Kirklees 030A,E01011201,734,207,64,143,527,460,67
2021,Kirklees 036C,E01011202,673,206,45,161,467,419,48
2021,Kirklees 030B,E01011203,862,234,65,169,628,539,89
2021,Kirklees 033A,E01011204,640,195,70,125,445,345,100
2021,Kirklees 036D,E01011205,850,259,84,175,591,472,119
2021,Kirklees 033B,E01011206,808,249,66,183,559,490,69
2021,Kirklees 038C,E01011207,709,198,52,146,511,432,79
2021,Kirklees 033C,E01011208,805,220,65,155,585,503,82
2021,Kirklees 027D,E01011210,1033,290,88,202,743,649,94
2021,Kirklees 030D,E01011211,903,243,77,166,660,577,83
2021,Kirklees 026A,E01011212,660,174,51,123,486,425,61
2021,Kirklees 026B,E01011213,720,229,76,153,491,426,65
2021,Kirklees 026C,E01011214,717,192,57,135,525,447,78
2021,Kirklees 026D,E01011215,1133,293,84,209,840,735,105
2021,Kirklees 021A,E01011216,693,207,66,141,486,404,82
2021,Kirklees 020C,E01011217,696,205,57,148,491,426,65
2021,Kirklees 020D,E01011218,772,218,67,151,554,483,71
2021,Kirklees 021B,E01011219,775,211,72,139,564,480,84
2021,Kirklees 021C,E01011220,747,249,71,178,498,432,66
2021,Kirklees 021D,E01011221,843,228,63,165,615,545,70
2021,Kirklees 050D,E01011222,763,211,70,141,552,496,56
2021,Kirklees 042B,E01011223,732,258,95,163,474,427,47
2021,Kirklees 048A,E01011224,680,251,86,165,429,391,38
2021,Kirklees 042C,E01011225,728,276,105,171,452,400,52
2021,Kirklees 048B,E01011226,678,230,81,149,448,386,62
2021,Kirklees 048C,E01011227,553,182,51,131,371,326,45
2021,Kirklees 048D,E01011228,623,198,72,126,425,371,54
2021,Kirklees 042D,E01011229,797,411,233,178,386,350,36
2021,Kirklees 043D,E01011230,589,273,91,182,316,283,33
2021,Kirklees 034A,E01011231,705,171,58,113,534,476,58
2021,Kirklees 039A,E01011232,572,224,83,141,348,312,36
2021,Kirklees 039B,E01011233,773,221,67,154,552,485,67
2021,Kirklees 038D,E01011234,663,210,67,143,453,396,57
2021,Kirklees 039C,E01011235,650,288,121,167,362,331,31
2021,Kirklees 034B,E01011236,759,294,140,154,465,420,45
2021,Kirklees 039D,E01011237,587,241,76,165,346,298,48
2021,Kirklees 034C,E01011238,812,272,108,164,540,473,67
2021,Kirklees 034D,E01011239,747,240,78,162,507,451,56
2021,Kirklees 033D,E01011240,821,252,85,167,569,503,66
2021,Kirklees 004A,E01011241,774,202,63,139,572,469,103
2021,Kirklees 004B,E01011242,768,221,59,162,547,469,78
2021,Kirklees 004C,E01011243,765,228,70,158,537,455,82
2021,Kirklees 004D,E01011244,1041,273,76,197,768,659,109
2021,Kirklees 009A,E01011245,657,219,68,151,438,372,66
2021,Kirklees 009B,E01011246,643,221,67,154,422,358,64
2021,Kirklees 008B,E01011247,810,224,72,152,586,500,86
2021,Kirklees 009C,E01011248,650,187,54,133,463,401,62
2021,Kirklees 008C,E01011249,798,245,93,152,553,489,64
2021,Kirklees 009D,E01011250,840,219,80,139,621,569,52
2021,Kirklees 008D,E01011251,652,208,67,141,444,381,63
2021,Kirklees 028A,E01011252,564,163,59,104,401,312,89
2021,Kirklees 028B,E01011253,488,147,47,100,341,284,57
2021,Kirklees 028C,E01011254,706,211,64,147,495,408,87
2021,Kirklees 028D,E01011255,578,205,52,153,373,337,36
2021,Kirklees 028E,E01011256,541,160,37,123,381,323,58
2021,Kirklees 024A,E01011257,746,330,93,237,416,381,35
2021,Kirklees 024B,E01011258,669,324,104,220,345,316,29
2021,Kirklees 024C,E01011259,687,304,99,205,383,346,37
2021,Kirklees 023E,E01011260,557,231,45,186,326,295,31
2021,Kirklees 024D,E01011261,500,263,73,190,237,220,17
2021,Kirklees 024E,E01011262,586,274,78,196,312,283,29
2021,Kirklees 024F,E01011263,736,271,89,182,465,413,52
2021,Leeds 011A,E01011264,578,183,59,124,395,332,63
2021,Leeds 009A,E01011265,957,219,62,157,738,644,94
2021,Leeds 008A,E01011266,1439,345,107,238,1094,883,211
2021,Leeds 009B,E01011267,762,221,73,148,541,453,88
2021,Leeds 010A,E01011268,638,202,50,152,436,392,44
2021,Leeds 011B,E01011269,767,229,67,162,538,468,70
2021,Leeds 008B,E01011270,783,240,95,145,543,429,114
2021,Leeds 009C,E01011271,1073,303,86,217,770,660,110
2021,Leeds 009D,E01011272,715,214,64,150,501,429,72
2021,Leeds 010B,E01011273,797,225,72,153,572,505,67
2021,Leeds 010C,E01011274,592,183,60,123,409,377,32
2021,Leeds 010D,E01011275,656,201,53,148,455,394,61
2021,Leeds 011C,E01011276,924,250,78,172,674,576,98
2021,Leeds 014A,E01011277,887,223,71,152,664,574,90
2021,Leeds 014B,E01011278,897,249,84,165,648,554,94
2021,Leeds 008C,E01011279,634,184,64,120,450,389,61
2021,Leeds 008D,E01011280,1084,296,101,195,788,657,131
2021,Leeds 059A,E01011281,1071,284,88,196,787,719,68
2021,Leeds 059B,E01011282,635,175,47,128,460,426,34
2021,Leeds 059C,E01011283,600,208,47,161,392,347,45
2021,Leeds 071A,E01011284,1185,271,100,171,914,836,78
2021,Leeds 059D,E01011286,685,175,55,120,510,454,56
2021,Leeds 067B,E01011287,706,178,47,131,528,469,59
2021,Leeds 071B,E01011292,741,213,83,130,528,493,35
2021,Leeds 071C,E01011293,854,277,83,194,577,532,45
2021,Leeds 071D,E01011294,451,164,57,107,287,267,20
2021,Leeds 059E,E01011295,808,235,64,171,573,519,54
2021,Leeds 030A,E01011296,675,193,50,143,482,400,82
2021,Leeds 030B,E01011297,887,222,71,151,665,524,141
2021,Leeds 088A,E01011298,730,172,51,121,558,490,68
2021,Leeds 088B,E01011299,1473,395,103,292,1078,913,165
2021,Leeds 089A,E01011300,671,185,55,130,486,432,54
2021,Leeds 089B,E01011301,609,172,46,126,437,382,55
2021,Leeds 088C,E01011302,809,226,75,151,583,520,63
2021,Leeds 088D,E01011303,540,157,51,106,383,332,51
2021,Leeds 089C,E01011304,692,197,58,139,495,440,55
2021,Leeds 089D,E01011305,810,215,67,148,595,533,62
2021,Leeds 089E,E01011306,682,184,52,132,498,439,59
2021,Leeds 103A,E01011307,713,194,46,148,519,458,61
2021,Leeds 103B,E01011308,723,204,61,143,519,467,52
2021,Leeds 030C,E01011309,724,217,79,138,507,426,81
2021,Leeds 030D,E01011310,755,228,79,149,527,417,110
2021,Leeds 022A,E01011311,599,176,91,85,423,310,113
2021,Leeds 086A,E01011312,697,269,83,186,428,395,33
2021,Leeds 091A,E01011313,790,220,70,150,570,501,69
2021,Leeds 091B,E01011314,802,225,67,158,577,523,54
2021,Leeds 090A,E01011315,750,229,71,158,521,454,67
2021,Leeds 086B,E01011316,760,311,100,211,449,400,49
2021,Leeds 090B,E01011317,703,225,67,158,478,428,50
2021,Leeds 090C,E01011318,605,209,40,169,396,364,32
2021,Leeds 091C,E01011319,688,248,83,165,440,403,37
2021,Leeds 091D,E01011320,829,254,68,186,575,516,59
2021,Leeds 090D,E01011321,698,239,82,157,459,408,51
2021,Leeds 091E,E01011322,707,210,61,149,497,437,60
2021,Leeds 051A,E01011323,596,167,46,121,429,392,37
2021,Leeds 046A,E01011324,582,229,104,125,353,324,29
2021,Leeds 046B,E01011325,842,213,64,149,629,566,63
2021,Leeds 046C,E01011326,642,172,49,123,470,442,28
2021,Leeds 052A,E01011327,618,159,45,114,459,411,48
2021,Leeds 052B,E01011328,769,228,60,168,541,483,58
2021,Leeds 051B,E01011329,840,201,63,138,639,560,79
2021,Leeds 051C,E01011330,704,216,70,146,488,417,71
2021,Leeds 058A,E01011331,733,199,55,144,534,487,47
2021,Leeds 046D,E01011332,650,175,48,127,475,429,46
2021,Leeds 051D,E01011333,607,185,50,135,422,369,53
2021,Leeds 058B,E01011334,771,183,50,133,588,523,65
2021,Leeds 052C,E01011335,920,212,46,166,708,632,76
2021,Leeds 058C,E01011336,720,208,68,140,512,468,44
2021,Leeds 058D,E01011337,665,218,63,155,447,399,48
2021,Leeds 064A,E01011338,756,239,87,152,517,460,57
2021,Leeds 060A,E01011339,851,289,93,196,562,508,54
2021,Leeds 060B,E01011340,622,206,47,159,416,376,40
2021,Leeds 061A,E01011341,1110,272,64,208,838,759,79
2021,Leeds 060C,E01011342,664,232,61,171,432,397,35
2021,Leeds 061B,E01011343,1060,249,82,167,811,730,81
2021,Leeds 065A,E01011344,702,220,71,149,482,435,47
2021,Leeds 061C,E01011345,666,173,55,118,493,443,50
2021,Leeds 060D,E01011346,756,266,86,180,490,434,56
2021,Leeds 065B,E01011347,684,259,73,186,425,385,40
2021,Leeds 065C,E01011348,662,229,64,165,433,399,34
2021,Leeds 065D,E01011349,688,251,64,187,437,406,31
2021,Leeds 034A,E01011350,859,205,69,136,654,559,95
2021,Leeds 034B,E01011351,1058,211,57,154,847,704,143
2021,Leeds 034C,E01011352,1192,212,70,142,980,868,112
2021,Leeds 034D,E01011353,1159,280,95,185,879,742,137
2021,Leeds 038A,E01011354,620,233,73,160,387,370,17
2021,Leeds 038B,E01011355,706,196,51,145,510,459,51
2021,Leeds 042A,E01011356,1137,285,92,193,852,748,104
2021,Leeds 038C,E01011357,835,329,111,218,506,471,35
2021,Leeds 042B,E01011358,670,225,57,168,445,400,45
2021,Leeds 042C,E01011359,915,287,69,218,628,556,72
2021,Leeds 042D,E01011360,817,352,118,234,465,429,36
2021,Leeds 042E,E01011361,1040,457,150,307,583,529,54
2021,Leeds 081A,E01011362,843,229,68,161,614,560,54
2021,Leeds 071E,E01011363,838,234,69,165,604,565,39
2021,Leeds 085A,E01011364,946,266,85,181,680,621,59
2021,Leeds 082A,E01011366,744,235,65,170,509,462,47
2021,Leeds 082C,E01011368,666,233,73,160,433,393,40
2021,Leeds 090E,E01011369,770,206,56,150,564,504,60
2021,Leeds 082D,E01011370,717,234,84,150,483,439,44
2021,Leeds 085B,E01011371,679,273,80,193,406,366,40
2021,Leeds 086C,E01011372,651,296,85,211,355,317,38
2021,Leeds 085C,E01011373,597,231,78,153,366,324,42
2021,Leeds 085D,E01011374,607,191,60,131,416,381,35
2021,Leeds 086D,E01011375,712,280,83,197,432,392,40
2021,Leeds 013A,E01011376,832,239,71,168,593,500,93
2021,Leeds 013B,E01011377,626,179,65,114,447,380,67
2021,Leeds 013C,E01011378,534,162,51,111,372,340,32
2021,Leeds 017A,E01011379,680,224,59,165,456,398,58
2021,Leeds 016A,E01011380,703,201,72,129,502,408,94
2021,Leeds 016B,E01011381,673,199,77,122,474,401,73
2021,Leeds 013D,E01011382,810,202,51,151,608,536,72
2021,Leeds 019A,E01011383,765,229,59,170,536,457,79
2021,Leeds 017B,E01011384,689,207,68,139,482,405,77
2021,Leeds 016C,E01011385,564,163,75,88,401,310,91
2021,Leeds 016D,E01011386,926,237,81,156,689,573,116
2021,Leeds 019B,E01011388,744,194,72,122,550,480,70
2021,Leeds 087A,E01011390,667,181,45,136,486,428,58
2021,Leeds 087B,E01011391,636,182,47,135,454,389,65
2021,Leeds 087C,E01011392,919,232,58,174,687,584,103
2021,Leeds 103C,E01011393,1178,310,80,230,868,755,113
2021,Leeds 103D,E01011394,547,179,59,120,368,307,61
2021,Leeds 103E,E01011395,635,163,44,119,472,403,69
2021,Leeds 074A,E01011396,950,269,82,187,681,589,92
2021,Leeds 077A,E01011397,726,212,59,153,514,443,71
2021,Leeds 077B,E01011398,618,151,35,116,467,406,61
2021,Leeds 074B,E01011399,741,222,68,154,519,447,72
2021,Leeds 074C,E01011400,651,165,47,118,486,414,72
2021,Leeds 077C,E01011401,896,229,62,167,667,592,75
2021,Leeds 087D,E01011402,880,256,68,188,624,530,94
2021,Leeds 074D,E01011403,608,181,68,113,427,375,52
2021,Leeds 077D,E01011404,674,174,46,128,500,427,73
2021,Leeds 077E,E01011405,573,165,48,117,408,346,62
2021,Leeds 057A,E01011406,686,162,58,104,524,457,67
2021,Leeds 057B,E01011407,716,205,54,151,511,457,54
2021,Leeds 057C,E01011408,663,179,53,126,484,415,69
2021,Leeds 057D,E01011409,731,182,59,123,549,488,61
2021,Leeds 057E,E01011410,805,210,68,142,595,516,79
2021,Leeds 073A,E01011411,941,254,85,169,687,596,91
2021,Leeds 057F,E01011412,896,224,60,164,672,587,85
2021,Leeds 069A,E01011413,798,215,63,152,583,519,64
2021,Leeds 073B,E01011414,790,194,49,145,596,529,67
2021,Leeds 069B,E01011415,824,204,57,147,620,552,68
2021,Leeds 069C,E01011416,782,217,76,141,565,505,60
2021,Leeds 069D,E01011417,702,201,55,146,501,450,51
2021,Leeds 073C,E01011418,743,187,67,120,556,495,61
2021,Leeds 073D,E01011419,511,150,45,105,361,327,34
2021,Leeds 069E,E01011420,566,153,54,99,413,356,57
2021,Leeds 040A,E01011421,615,195,54,141,420,375,45
2021,Leeds 048A,E01011422,638,256,75,181,382,344,38
2021,Leeds 047A,E01011423,680,250,81,169,430,389,41
2021,Leeds 047B,E01011424,729,274,75,199,455,415,40
2021,Leeds 040B,E01011425,732,229,69,160,503,447,56
2021,Leeds 048B,E01011426,572,270,76,194,302,284,18
2021,Leeds 047C,E01011427,642,315,91,224,327,296,31
2021,Leeds 048C,E01011428,769,331,93,238,438,408,30
2021,Leeds 048D,E01011429,677,325,99,226,352,319,33
2021,Leeds 053A,E01011430,549,244,81,163,305,274,31
2021,Leeds 047D,E01011431,820,264,67,197,556,519,37
2021,Leeds 053B,E01011432,570,248,75,173,322,284,38
2021,Leeds 053C,E01011433,625,271,100,171,354,331,23
2021,Leeds 053D,E01011434,603,229,68,161,374,350,24
2021,Leeds 044A,E01011435,826,351,197,154,475,435,40
2021,Leeds 044D,E01011440,807,346,174,172,461,411,50
2021,Leeds 044E,E01011441,855,358,175,183,497,438,59
2021,Leeds 110A,E01011442,615,306,186,120,309,293,16
2021,Leeds 110B,E01011443,776,308,180,128,468,398,70
2021,Leeds 110C,E01011444,535,312,191,121,223,202,21
2021,Leeds 054A,E01011445,449,286,190,96,163,147,16
2021,Leeds 054B,E01011446,580,319,201,118,261,234,27
2021,Leeds 054C,E01011447,419,251,142,109,168,153,15
2021,Leeds 054D,E01011448,443,259,166,93,184,169,15
2021,Leeds 054E,E01011449,585,302,158,144,283,255,28
2021,Leeds 038D,E01011450,601,161,43,118,440,398,42
2021,Leeds 110D,E01011451,627,216,111,105,411,360,51
2021,Leeds 027A,E01011452,842,229,63,166,613,518,95
2021,Leeds 028A,E01011453,789,223,70,153,566,477,89
2021,Leeds 027B,E01011454,909,215,61,154,694,597,97
2021,Leeds 021A,E01011455,583,167,46,121,416,343,73
2021,Leeds 021B,E01011456,823,264,99,165,559,473,86
2021,Leeds 027C,E01011457,794,191,74,117,603,469,134
2021,Leeds 027D,E01011458,1412,356,119,237,1056,863,193
2021,Leeds 021C,E01011459,856,221,86,135,635,564,71
2021,Leeds 028B,E01011460,758,182,54,128,576,480,96
2021,Leeds 021D,E01011461,689,209,80,129,480,399,81
2021,Leeds 028C,E01011462,814,235,68,167,579,501,78
2021,Leeds 028D,E01011463,728,239,75,164,489,439,50
2021,Leeds 028E,E01011464,1121,228,76,152,893,774,119
2021,Leeds 027E,E01011465,882,218,56,162,664,585,79
2021,Leeds 094A,E01011466,658,192,50,142,466,432,34
2021,Leeds 112A,E01011467,936,199,64,135,737,660,77
2021,Leeds 112B,E01011468,932,259,69,190,673,590,83
2021,Leeds 094B,E01011469,685,173,57,116,512,453,59
2021,Leeds 112C,E01011470,606,195,54,141,411,366,45
2021,Leeds 092A,E01011471,621,207,56,151,414,372,42
2021,Leeds 092B,E01011472,645,216,64,152,429,385,44
2021,Leeds 092C,E01011473,598,217,66,151,381,336,45
2021,Leeds 092D,E01011474,642,206,43,163,436,397,39
2021,Leeds 094C,E01011475,654,227,54,173,427,397,30
2021,Leeds 094D,E01011476,491,142,31,111,349,311,38
2021,Leeds 045A,E01011477,1006,305,119,186,701,629,72
2021,Leeds 056A,E01011478,1011,336,153,183,675,634,41
2021,Leeds 056B,E01011479,858,296,150,146,562,506,56
2021,Leeds 045B,E01011480,847,254,76,178,593,535,58
2021,Leeds 056C,E01011481,770,334,174,160,436,401,35
2021,Leeds 056D,E01011482,1122,264,93,171,858,776,82
2021,Leeds 056E,E01011483,654,271,127,144,383,348,35
2021,Leeds 033A,E01011484,613,207,61,146,406,363,43
2021,Leeds 033B,E01011485,692,203,62,141,489,426,63
2021,Leeds 045C,E01011488,903,221,66,155,682,619,63
2021,Leeds 045D,E01011489,857,227,77,150,630,564,66
2021,Leeds 101A,E01011491,570,200,54,146,370,351,19
2021,Leeds 101B,E01011492,663,190,50,140,473,431,42
2021,Leeds 101C,E01011493,669,209,53,156,460,414,46
2021,Leeds 101D,E01011494,708,206,65,141,502,443,59
2021,Leeds 100A,E01011496,889,197,53,144,692,595,97
2021,Leeds 101E,E01011497,652,216,53,163,436,398,38
2021,Leeds 105D,E01011500,754,217,59,158,537,468,69
2021,Leeds 099C,E01011502,617,169,55,114,448,399,49
2021,Leeds 032A,E01011504,657,197,78,119,460,432,28
2021,Leeds 025A,E01011505,761,217,65,152,544,480,64
2021,Leeds 025B,E01011506,725,196,62,134,529,459,70
2021,Leeds 025C,E01011507,884,236,62,174,648,574,74
2021,Leeds 024A,E01011508,724,221,74,147,503,437,66
2021,Leeds 023A,E01011509,638,183,56,127,455,391,64
2021,Leeds 025D,E01011510,510,171,54,117,339,300,39
2021,Leeds 023B,E01011511,686,221,76,145,465,390,75
2021,Leeds 023C,E01011512,882,249,78,171,633,520,113
2021,Leeds 031A,E01011513,1233,307,91,216,926,803,123
2021,Leeds 025E,E01011514,911,261,98,163,650,568,82
2021,Leeds 023D,E01011515,796,200,63,137,596,508,88
2021,Leeds 023E,E01011516,923,252,61,191,671,591,80
2021,Leeds 024B,E01011517,869,226,78,148,643,559,84
2021,Leeds 093A,E01011518,1296,289,80,209,1007,888,119
2021,Leeds 095A,E01011519,717,198,63,135,519,467,52
2021,Leeds 096A,E01011520,713,194,59,135,519,450,69
2021,Leeds 096B,E01011521,1127,311,96,215,816,673,143
2021,Leeds 095B,E01011522,681,184,55,129,497,429,68
2021,Leeds 096C,E01011523,902,252,80,172,650,560,90
2021,Leeds 093B,E01011524,660,169,51,118,491,435,56
2021,Leeds 095C,E01011525,794,201,65,136,593,528,65
2021,Leeds 093C,E01011526,720,188,52,136,532,462,70
2021,Leeds 096D,E01011527,840,238,87,151,602,514,88
2021,Leeds 095D,E01011528,875,223,61,162,652,562,90
2021,Leeds 096E,E01011529,628,181,60,121,447,384,63
2021,Leeds 106A,E01011530,701,176,63,113,525,449,76
2021,Leeds 093D,E01011531,716,188,52,136,528,473,55
2021,Leeds 095E,E01011532,759,222,51,171,537,481,56
2021,Leeds 104A,E01011533,742,180,47,133,562,500,62
2021,Leeds 106B,E01011534,1339,292,87,205,1047,923,124
2021,Leeds 108A,E01011535,821,233,73,160,588,497,91
2021,Leeds 108B,E01011536,843,225,64,161,618,525,93
2021,Leeds 107A,E01011537,965,246,60,186,719,624,95
2021,Leeds 107B,E01011538,729,191,58,133,538,469,69
2021,Leeds 102B,E01011540,956,248,77,171,708,620,88
2021,Leeds 104B,E01011541,1024,229,65,164,795,718,77
2021,Leeds 104C,E01011545,723,162,54,108,561,491,70
2021,Leeds 106C,E01011546,839,197,59,138,642,561,81
2021,Leeds 104D,E01011547,1048,257,72,185,791,681,110
2021,Leeds 106D,E01011548,702,207,60,147,495,429,66
2021,Leeds 108C,E01011549,816,237,69,168,579,491,88
2021,Leeds 106E,E01011550,730,191,48,143,539,452,87
2021,Leeds 107C,E01011551,1009,235,69,166,774,668,106
2021,Leeds 107D,E01011552,647,192,68,124,455,394,61
2021,Leeds 108D,E01011553,722,198,54,144,524,453,71
2021,Leeds 012A,E01011554,664,194,60,134,470,381,89
2021,Leeds 018A,E01011555,630,184,61,123,446,376,70
2021,Leeds 015A,E01011556,831,230,90,140,601,528,73
2021,Leeds 015B,E01011557,672,198,84,114,474,400,74
2021,Leeds 018B,E01011558,668,244,70,174,424,381,43
2021,Leeds 018C,E01011559,563,210,70,140,353,308,45
2021,Leeds 018D,E01011560,718,302,89,213,416,376,40
2021,Leeds 006A,E01011561,603,157,60,97,446,339,107
2021,Leeds 012B,E01011562,707,227,98,129,480,376,104
2021,Leeds 012C,E01011563,620,182,80,102,438,342,96
2021,Leeds 012D,E01011564,742,214,68,146,528,447,81
2021,Leeds 015C,E01011565,709,227,88,139,482,413,69
2021,Leeds 015D,E01011566,626,175,62,113,451,385,66
2021,Leeds 012E,E01011567,705,211,63,148,494,429,65
2021,Leeds 015E,E01011568,875,252,66,186,623,535,88
2021,Leeds 004A,E01011569,844,256,100,156,588,498,90
2021,Leeds 007A,E01011570,1111,352,145,207,759,604,155
2021,Leeds 004B,E01011571,784,260,100,160,524,436,88
2021,Leeds 004C,E01011572,922,286,75,211,636,555,81
2021,Leeds 004D,E01011573,634,205,68,137,429,367,62
2021,Leeds 004E,E01011574,574,171,51,120,403,349,54
2021,Leeds 007C,E01011576,701,203,70,133,498,384,114
2021,Leeds 011D,E01011578,601,188,55,133,413,368,45
2021,Leeds 014C,E01011579,689,197,61,136,492,431,61
2021,Leeds 014D,E01011580,658,193,65,128,465,397,68
2021,Leeds 003A,E01011581,742,218,73,145,524,446,78
2021,Leeds 003B,E01011582,707,256,76,180,451,386,65
2021,Leeds 003C,E01011583,755,248,88,160,507,433,74
2021,Leeds 003D,E01011584,797,250,99,151,547,478,69
2021,Leeds 062A,E01011585,689,190,57,133,499,447,52
2021,Leeds 066A,E01011586,852,255,65,190,597,539,58
2021,Leeds 062B,E01011587,984,235,54,181,749,664,85
2021,Leeds 039A,E01011588,954,254,64,190,700,578,122
2021,Leeds 039B,E01011589,889,231,79,152,658,556,102
2021,Leeds 039C,E01011590,796,214,74,140,582,504,78
2021,Leeds 052D,E01011591,1025,186,65,121,839,730,109
2021,Leeds 039D,E01011592,870,180,56,124,690,605,85
2021,Leeds 039E,E01011593,1075,262,73,189,813,699,114
2021,Leeds 062C,E01011594,731,216,69,147,515,465,50
2021,Leeds 066B,E01011595,1037,277,101,176,760,656,104
2021,Leeds 062D,E01011596,914,230,60,170,684,596,88
2021,Leeds 066C,E01011597,721,224,57,167,497,463,34
2021,Leeds 062E,E01011598,937,214,73,141,723,647,76
2021,Leeds 066D,E01011599,874,231,60,171,643,569,74
2021,Leeds 079A,E01011600,779,162,59,103,617,546,71
2021,Leeds 079B,E01011601,807,200,48,152,607,531,76
2021,Leeds 076A,E01011602,903,237,65,172,666,576,90
2021,Leeds 076B,E01011603,789,213,63,150,576,505,71
2021,Leeds 079C,E01011604,735,179,51,128,556,472,84
2021,Leeds 076C,E01011605,874,241,67,174,633,553,80
2021,Leeds 076D,E01011606,931,267,80,187,664,581,83
2021,Leeds 079D,E01011607,847,224,71,153,623,540,83
2021,Leeds 068A,E01011608,634,182,50,132,452,403,49
2021,Leeds 068B,E01011609,647,196,46,150,451,397,54
2021,Leeds 068C,E01011610,810,206,58,148,604,536,68
2021,Leeds 068D,E01011611,614,192,52,140,422,382,40
2021,Leeds 079E,E01011612,621,175,56,119,446,381,65
2021,Leeds 076E,E01011613,836,219,51,168,617,542,75
2021,Leeds 068E,E01011614,1017,239,66,173,778,676,102
2021,Leeds 070A,E01011615,732,201,62,139,531,475,56
2021,Leeds 072A,E01011616,664,206,51,155,458,401,57
2021,Leeds 070B,E01011617,681,235,80,155,446,400,46
2021,Leeds 070C,E01011618,729,228,70,158,501,470,31
2021,Leeds 072B,E01011620,521,199,63,136,322,280,42
2021,Leeds 070D,E01011621,587,204,58,146,383,330,53
2021,Leeds 072C,E01011622,682,234,58,176,448,403,45
2021,Leeds 075B,E01011623,604,248,64,184,356,327,29
2021,Leeds 072D,E01011624,706,210,66,144,496,450,46
2021,Leeds 075C,E01011625,681,234,63,171,447,402,45
2021,Leeds 075D,E01011626,1172,283,88,195,889,785,104
2021,Leeds 098A,E01011627,542,176,39,137,366,329,37
2021,Leeds 098B,E01011628,585,138,37,101,447,391,56
2021,Leeds 098C,E01011629,633,162,43,119,471,421,50
2021,Leeds 100B,E01011630,1109,256,64,192,853,745,108
2021,Leeds 098D,E01011632,583,163,53,110,420,369,51
2021,Leeds 098E,E01011633,710,201,66,135,509,435,74
2021,Leeds 100C,E01011634,704,200,58,142,504,434,70
2021,Leeds 097B,E01011635,878,199,74,125,679,570,109
2021,Leeds 100D,E01011636,907,234,76,158,673,575,98
2021,Leeds 097C,E01011637,884,229,64,165,655,576,79
2021,Leeds 097D,E01011638,704,190,65,125,514,453,61
2021,Leeds 100E,E01011639,647,174,52,122,473,409,64
2021,Leeds 032B,E01011641,810,210,69,141,600,488,112
2021,Leeds 032C,E01011642,671,208,60,148,463,413,50
2021,Leeds 037A,E01011643,653,166,63,103,487,392,95
2021,Leeds 037B,E01011644,596,187,74,113,409,326,83
2021,Leeds 032D,E01011645,779,220,67,153,559,463,96
2021,Leeds 037C,E01011646,855,256,62,194,599,535,64
2021,Leeds 037D,E01011647,752,282,78,204,470,427,43
2021,Leeds 037E,E01011648,827,290,102,188,537,477,60
2021,Leeds 022B,E01011649,716,225,84,141,491,409,82
2021,Leeds 020A,E01011650,725,222,88,134,503,405,98
2021,Leeds 020B,E01011651,757,192,63,129,565,476,89
2021,Leeds 024C,E01011652,734,200,59,141,534,450,84
2021,Leeds 020C,E01011653,769,173,61,112,596,508,88
2021,Leeds 024D,E01011654,725,236,67,169,489,396,93
2021,Leeds 020D,E01011655,712,190,76,114,522,401,121
2021,Leeds 035A,E01011656,643,195,47,148,448,402,46
2021,Leeds 035B,E01011657,498,174,40,134,324,291,33
2021,Leeds 040C,E01011658,660,193,54,139,467,426,41
2021,Leeds 035C,E01011659,582,171,48,123,411,361,50
2021,Leeds 040D,E01011660,852,247,75,172,605,548,57
2021,Leeds 035D,E01011661,556,179,45,134,377,329,48
2021,Leeds 040E,E01011662,493,190,65,125,303,270,33
2021,Leeds 050A,E01011663,693,223,63,160,470,422,48
2021,Leeds 050B,E01011664,584,161,56,105,423,397,26
2021,Leeds 050C,E01011665,620,187,40,147,433,378,55
2021,Leeds 061D,E01011666,743,182,47,135,561,508,53
2021,Leeds 050D,E01011667,523,219,68,151,304,271,33
2021,Leeds 110E,E01011668,650,343,190,153,307,284,23
2021,Leeds 110F,E01011669,613,249,109,140,364,332,32
2021,Leeds 055A,E01011670,700,346,168,178,354,321,33
2021,Leeds 055B,E01011671,537,217,69,148,320,294,26
2021,Leeds 064B,E01011673,672,263,73,190,409,369,40
2021,Leeds 064D,E01011677,582,202,62,140,380,351,29
2021,Leeds 063B,E01011678,1026,547,350,197,479,441,38
2021,Leeds 063D,E01011681,512,233,114,119,279,257,22
2021,Leeds 019C,E01011684,752,228,67,161,524,455,69
2021,Leeds 109A,E01011685,1123,298,129,169,825,716,109
2021,Leeds 033E,E01011686,630,187,55,132,443,399,44
2021,Leeds 109B,E01011687,719,211,76,135,508,420,88
2021,Leeds 031B,E01011688,805,181,55,126,624,554,70
2021,Leeds 031C,E01011689,890,222,66,156,668,583,85
2021,Leeds 109C,E01011690,697,192,75,117,505,422,83
2021,Leeds 031D,E01011691,752,234,78,156,518,486,32
2021,Leeds 109D,E01011692,856,200,63,137,656,569,87
2021,Leeds 109E,E01011693,1029,252,100,152,777,694,83
2021,Leeds 109F,E01011694,956,295,134,161,661,585,76
2021,Leeds 019D,E01011695,652,220,52,168,432,379,53
2021,Leeds 006B,E01011696,692,235,79,156,457,360,97
2021,Leeds 002A,E01011697,835,258,98,160,577,430,147
2021,Leeds 001A,E01011698,695,230,75,155,465,397,68
2021,Leeds 001B,E01011699,598,178,52,126,420,367,53
2021,Leeds 002B,E01011700,567,154,48,106,413,356,57
2021,Leeds 001C,E01011701,622,198,56,142,424,358,66
2021,Leeds 001D,E01011702,718,208,80,128,510,369,141
2021,Leeds 001E,E01011703,406,140,49,91,266,219,47
2021,Leeds 002C,E01011704,950,236,100,136,714,601,113
2021,Leeds 002D,E01011705,624,176,52,124,448,390,58
2021,Leeds 006C,E01011706,663,210,91,119,453,353,100
2021,Leeds 005A,E01011707,569,187,65,122,382,308,74
2021,Leeds 006D,E01011708,701,226,76,150,475,366,109
2021,Leeds 005B,E01011709,861,240,83,157,621,485,136
2021,Leeds 005C,E01011710,681,216,84,132,465,377,88
2021,Leeds 005D,E01011711,644,189,74,115,455,374,81
2021,Leeds 005E,E01011712,715,216,75,141,499,388,111
2021,Leeds 006E,E01011713,836,271,98,173,565,440,125
2021,Leeds 029A,E01011714,938,244,61,183,694,604,90
2021,Leeds 022C,E01011715,693,178,62,116,515,426,89
2021,Leeds 029B,E01011716,739,193,62,131,546,480,66
2021,Leeds 029C,E01011717,754,218,55,163,536,484,52
2021,Leeds 029D,E01011718,973,237,50,187,736,657,79
2021,Leeds 022D,E01011719,632,176,56,120,456,388,68
2021,Leeds 029E,E01011720,649,192,42,150,457,404,53
2021,Leeds 041A,E01011721,672,194,34,160,478,436,42
2021,Leeds 041B,E01011722,1006,280,87,193,726,658,68
2021,Leeds 041C,E01011723,663,220,51,169,443,399,44
2021,Leeds 041D,E01011724,845,270,67,203,575,511,64
2021,Leeds 078A,E01011725,590,215,78,137,375,332,43
2021,Leeds 080A,E01011726,647,194,44,150,453,396,57
2021,Leeds 080B,E01011727,811,226,74,152,585,510,75
2021,Leeds 080C,E01011728,690,186,58,128,504,442,62
2021,Leeds 078B,E01011729,730,197,54,143,533,501,32
2021,Leeds 078C,E01011730,677,186,44,142,491,450,41
2021,Leeds 081B,E01011731,700,187,54,133,513,460,53
2021,Leeds 081C,E01011732,1012,234,67,167,778,705,73
2021,Leeds 081D,E01011733,787,204,69,135,583,516,67
2021,Leeds 083A,E01011734,1659,345,80,265,1314,1182,132
2021,Leeds 078D,E01011735,676,200,59,141,476,424,52
2021,Leeds 083B,E01011736,719,186,61,125,533,474,59
2021,Leeds 083C,E01011737,691,167,48,119,524,466,58
2021,Leeds 083D,E01011738,734,179,60,119,555,475,80
2021,Leeds 080D,E01011739,681,208,62,146,473,422,51
2021,Wakefield 001A,E01011740,626,204,60,144,422,381,41
2021,Wakefield 001B,E01011741,624,182,58,124,442,386,56
2021,Wakefield 001C,E01011742,676,215,66,149,461,415,46
2021,Wakefield 003A,E01011743,666,195,64,131,471,396,75
2021,Wakefield 003B,E01011744,832,251,76,175,581,493,88
2021,Wakefield 001D,E01011745,618,176,40,136,442,397,45
2021,Wakefield 001E,E01011746,1075,273,80,193,802,702,100
2021,Wakefield 003C,E01011747,660,179,47,132,481,408,73
2021,Wakefield 005A,E01011748,746,218,63,155,528,461,67
2021,Wakefield 003D,E01011750,589,169,39,130,420,361,59
2021,Wakefield 005C,E01011751,702,205,61,144,497,438,59
2021,Wakefield 002A,E01011752,823,210,60,150,613,538,75
2021,Wakefield 002B,E01011753,651,200,56,144,451,402,49
2021,Wakefield 003E,E01011754,631,205,61,144,426,369,57
2021,Wakefield 005D,E01011755,801,229,66,163,572,494,78
2021,Wakefield 002C,E01011756,520,144,37,107,376,339,37
2021,Wakefield 004A,E01011757,1217,296,72,224,921,804,117
2021,Wakefield 013A,E01011758,1360,280,73,207,1080,941,139
2021,Wakefield 004B,E01011759,904,240,76,164,664,568,96
2021,Wakefield 004C,E01011761,1075,246,74,172,829,737,92
2021,Wakefield 002E,E01011762,730,173,53,120,557,506,51
2021,Wakefield 004D,E01011763,598,184,41,143,414,366,48
2021,Wakefield 004E,E01011764,782,199,41,158,583,512,71
2021,Wakefield 032A,E01011765,972,259,81,178,713,620,93
2021,Wakefield 032B,E01011766,820,222,60,162,598,510,88
2021,Wakefield 034A,E01011767,829,249,79,170,580,449,131
2021,Wakefield 034B,E01011768,651,204,75,129,447,375,72
2021,Wakefield 034D,E01011770,816,250,71,179,566,497,69
2021,Wakefield 040A,E01011771,496,130,37,93,366,317,49
2021,Wakefield 040B,E01011772,766,251,72,179,515,438,77
2021,Wakefield 032C,E01011773,633,189,55,134,444,380,64
2021,Wakefield 032D,E01011774,728,215,58,157,513,443,70
2021,Wakefield 024B,E01011776,737,191,52,139,546,459,87
2021,Wakefield 024C,E01011777,637,173,49,124,464,392,72
2021,Wakefield 024D,E01011778,740,183,45,138,557,493,64
2021,Wakefield 027A,E01011779,640,206,73,133,434,371,63
2021,Wakefield 027B,E01011780,678,192,43,149,486,437,49
2021,Wakefield 027C,E01011781,1146,287,75,212,859,750,109
2021,Wakefield 027D,E01011782,745,210,53,157,535,446,89
2021,Wakefield 027E,E01011783,911,224,64,160,687,603,84
2021,Wakefield 040C,E01011784,742,210,55,155,532,432,100
2021,Wakefield 039A,E01011785,1148,294,78,216,854,752,102
2021,Wakefield 040D,E01011786,737,214,52,162,523,451,72
2021,Wakefield 042A,E01011787,729,222,66,156,507,444,63
2021,Wakefield 042B,E01011788,747,203,69,134,544,456,88
2021,Wakefield 039B,E01011789,561,174,36,138,387,332,55
2021,Wakefield 042C,E01011790,673,212,51,161,461,410,51
2021,Wakefield 039C,E01011791,633,192,51,141,441,368,73
2021,Wakefield 039D,E01011792,513,166,43,123,347,309,38
2021,Wakefield 029A,E01011793,722,201,60,141,521,444,77
2021,Wakefield 029B,E01011794,643,216,72,144,427,384,43
2021,Wakefield 029C,E01011795,545,168,48,120,377,317,60
2021,Wakefield 029D,E01011796,847,231,61,170,616,529,87
2021,Wakefield 031A,E01011797,942,261,77,184,681,585,96
2021,Wakefield 031B,E01011798,700,183,76,107,517,428,89
2021,Wakefield 029E,E01011799,601,165,37,128,436,368,68
2021,Wakefield 029F,E01011800,838,221,68,153,617,543,74
2021,Wakefield 031C,E01011801,717,209,62,147,508,443,65
2021,Wakefield 031D,E01011802,617,193,71,122,424,358,66
2021,Wakefield 011A,E01011803,986,245,69,176,741,638,103
2021,Wakefield 011B,E01011804,675,188,57,131,487,415,72
2021,Wakefield 010A,E01011805,577,170,47,123,407,345,62
2021,Wakefield 011C,E01011806,671,183,68,115,488,402,86
2021,Wakefield 010B,E01011807,682,177,37,140,505,431,74
2021,Wakefield 010C,E01011808,904,243,70,173,661,565,96
2021,Wakefield 011D,E01011809,662,198,63,135,464,401,63
2021,Wakefield 010D,E01011810,630,173,47,126,457,397,60
2021,Wakefield 011E,E01011811,579,177,57,120,402,354,48
2021,Wakefield 013B,E01011812,1345,321,81,240,1024,889,135
2021,Wakefield 016A,E01011813,752,216,48,168,536,470,66
2021,Wakefield 016B,E01011814,896,215,64,151,681,604,77
2021,Wakefield 016C,E01011815,646,195,66,129,451,382,69
2021,Wakefield 016D,E01011816,617,154,58,96,463,408,55
2021,Wakefield 024E,E01011817,726,195,60,135,531,467,64
2021,Wakefield 024F,E01011818,619,164,48,116,455,360,95
2021,Wakefield 016E,E01011819,910,230,71,159,680,605,75
2021,Wakefield 013C,E01011820,775,184,53,131,591,533,58
2021,Wakefield 013D,E01011821,612,178,55,123,434,371,63
2021,Wakefield 016F,E01011822,758,186,56,130,572,497,75
2021,Wakefield 021A,E01011823,650,170,58,112,480,410,70
2021,Wakefield 021B,E01011824,744,206,69,137,538,475,63
2021,Wakefield 021C,E01011825,945,239,68,171,706,603,103
2021,Wakefield 021D,E01011826,731,181,54,127,550,476,74
2021,Wakefield 021E,E01011827,534,146,45,101,388,332,56
2021,Wakefield 021F,E01011828,735,195,61,134,540,484,56
2021,Wakefield 025A,E01011829,706,176,53,123,530,457,73
2021,Wakefield 025B,E01011830,602,157,51,106,445,379,66
2021,Wakefield 025C,E01011831,824,230,64,166,594,511,83
2021,Wakefield 025D,E01011832,643,221,67,154,422,366,56
2021,Wakefield 025E,E01011833,687,217,62,155,470,393,77
2021,Wakefield 015A,E01011834,1006,260,89,171,746,634,112
2021,Wakefield 012A,E01011835,1159,268,76,192,891,772,119
2021,Wakefield 012B,E01011836,737,173,57,116,564,497,67
2021,Wakefield 015B,E01011837,822,187,58,129,635,547,88
2021,Wakefield 015C,E01011838,947,220,54,166,727,634,93
2021,Wakefield 012C,E01011839,1226,311,83,228,915,777,138
2021,Wakefield 018A,E01011840,834,226,64,162,608,543,65
2021,Wakefield 015D,E01011841,1154,245,71,174,909,778,131
2021,Wakefield 015E,E01011842,491,154,49,105,337,291,46
2021,Wakefield 012D,E01011843,816,215,50,165,601,536,65
2021,Wakefield 012E,E01011844,1073,265,61,204,808,707,101
2021,Wakefield 023A,E01011845,799,250,66,184,549,456,93
2021,Wakefield 023B,E01011846,695,185,57,128,510,441,69
2021,Wakefield 023C,E01011847,679,184,60,124,495,434,61
2021,Wakefield 023D,E01011848,611,186,70,116,425,342,83
2021,Wakefield 034E,E01011849,673,208,84,124,465,392,73
2021,Wakefield 018B,E01011850,639,199,50,149,440,396,44
2021,Wakefield 023E,E01011851,618,177,44,133,441,381,60
2021,Wakefield 018C,E01011852,670,199,52,147,471,397,74
2021,Wakefield 018D,E01011853,572,185,63,122,387,346,41
2021,Wakefield 041A,E01011854,774,231,48,183,543,481,62
2021,Wakefield 041B,E01011855,737,195,55,140,542,475,67
2021,Wakefield 041C,E01011856,632,171,36,135,461,407,54
2021,Wakefield 034F,E01011857,731,198,67,131,533,409,124
2021,Wakefield 041D,E01011858,896,241,45,196,655,547,108
2021,Wakefield 043A,E01011859,525,161,44,117,364,314,50
2021,Wakefield 044A,E01011860,757,214,57,157,543,476,67
2021,Wakefield 044B,E01011861,988,248,64,184,740,637,103
2021,Wakefield 044C,E01011862,1121,288,62,226,833,745,88
2021,Wakefield 044D,E01011863,577,161,29,132,416,369,47
2021,Wakefield 045A,E01011864,676,213,37,176,463,399,64
2021,Wakefield 042D,E01011865,638,191,42,149,447,390,57
2021,Wakefield 045B,E01011866,692,210,56,154,482,415,67
2021,Wakefield 042E,E01011867,700,219,55,164,481,411,70
2021,Wakefield 045C,E01011868,1032,292,88,204,740,645,95
2021,Wakefield 043B,E01011869,658,165,31,134,493,440,53
2021,Wakefield 043C,E01011870,554,175,49,126,379,318,61
2021,Wakefield 043D,E01011871,654,179,39,140,475,412,63
2021,Wakefield 045D,E01011872,644,182,55,127,462,398,64
2021,Wakefield 006A,E01011873,1194,298,68,230,896,785,111
2021,Wakefield 009A,E01011874,717,184,52,132,533,453,80
2021,Wakefield 007A,E01011875,685,173,46,127,512,436,76
2021,Wakefield 007B,E01011876,1296,271,70,201,1025,907,118
2021,Wakefield 006B,E01011877,643,185,51,134,458,399,59
2021,Wakefield 007C,E01011878,771,201,41,160,570,514,56
2021,Wakefield 009B,E01011879,763,213,62,151,550,464,86
2021,Wakefield 007D,E01011880,851,219,56,163,632,545,87
2021,Wakefield 008A,E01011881,661,183,45,138,478,406,72
2021,Wakefield 009C,E01011882,626,169,54,115,457,404,53
2021,Wakefield 009D,E01011883,743,201,63,138,542,463,79
2021,Wakefield 017A,E01011884,1533,350,111,239,1183,1022,161
2021,Wakefield 014A,E01011885,768,203,70,133,565,482,83
2021,Wakefield 014B,E01011886,1019,260,72,188,759,669,90
2021,Wakefield 008B,E01011887,1433,340,93,247,1093,967,126
2021,Wakefield 014C,E01011888,642,157,37,120,485,415,70
2021,Wakefield 022A,E01011889,906,219,55,164,687,600,87
2021,Wakefield 014D,E01011890,734,209,59,150,525,460,65
2021,Wakefield 014E,E01011891,676,202,62,140,474,408,66
2021,Wakefield 022B,E01011892,959,288,79,209,671,580,91
2021,Wakefield 008C,E01011893,708,190,59,131,518,447,71
2021,Wakefield 006C,E01011894,660,197,68,129,463,395,68
2021,Wakefield 006D,E01011895,730,207,55,152,523,465,58
2021,Wakefield 008D,E01011896,706,212,57,155,494,429,65
2021,Wakefield 008E,E01011897,635,214,62,152,421,383,38
2021,Wakefield 030A,E01011898,799,200,56,144,599,519,80
2021,Wakefield 026A,E01011899,662,213,56,157,449,389,60
2021,Wakefield 026B,E01011900,622,185,56,129,437,380,57
2021,Wakefield 026C,E01011901,628,219,49,170,409,366,43
2021,Wakefield 028A,E01011902,640,173,45,128,467,398,69
2021,Wakefield 028B,E01011903,512,141,38,103,371,323,48
2021,Wakefield 026D,E01011904,641,208,54,154,433,376,57
2021,Wakefield 028C,E01011905,767,222,69,153,545,468,77
2021,Wakefield 030B,E01011906,663,201,58,143,462,403,59
2021,Wakefield 028D,E01011907,897,242,71,171,655,581,74
2021,Wakefield 030C,E01011908,1203,331,105,226,872,781,91
2021,Wakefield 020A,E01011909,586,169,47,122,417,369,48
2021,Wakefield 020B,E01011910,585,189,60,129,396,351,45
2021,Wakefield 020C,E01011911,640,212,68,144,428,377,51
2021,Wakefield 017B,E01011912,843,232,65,167,611,542,69
2021,Wakefield 017C,E01011913,750,271,83,188,479,435,44
2021,Wakefield 020D,E01011914,638,199,63,136,439,392,47
2021,Wakefield 020E,E01011915,716,233,76,157,483,444,39
2021,Wakefield 030D,E01011917,756,252,77,175,504,466,38
2021,Wakefield 026E,E01011918,1135,305,84,221,830,743,87
2021,Wakefield 022C,E01011919,928,265,77,188,663,599,64
2021,Wakefield 019A,E01011920,1267,337,107,230,930,812,118
2021,Wakefield 022D,E01011921,722,211,65,146,511,450,61
2021,Wakefield 026F,E01011922,555,166,45,121,389,339,50
2021,Wakefield 019B,E01011923,890,214,73,141,676,574,102
2021,Wakefield 019C,E01011924,856,231,67,164,625,539,86
2021,Wakefield 019D,E01011925,724,209,65,144,515,457,58
2021,Wakefield 022E,E01011926,675,230,75,155,445,401,44
2021,Wakefield 022F,E01011927,602,176,39,137,426,387,39
2021,Wakefield 035A,E01011928,588,178,65,113,410,361,49
2021,Wakefield 036A,E01011929,1078,285,75,210,793,680,113
2021,Wakefield 036B,E01011930,863,261,79,182,602,521,81
2021,Wakefield 035B,E01011931,655,198,47,151,457,384,73
2021,Wakefield 035C,E01011932,717,189,60,129,528,440,88
2021,Wakefield 036C,E01011933,727,200,54,146,527,447,80
2021,Wakefield 037A,E01011934,826,221,70,151,605,494,111
2021,Wakefield 038A,E01011935,1103,286,101,185,817,645,172
2021,Wakefield 037B,E01011936,664,222,65,157,442,380,62
2021,Wakefield 036D,E01011937,623,182,54,128,441,372,69
2021,Wakefield 035D,E01011938,770,247,90,157,523,427,96
2021,Wakefield 033A,E01011939,631,170,60,110,461,387,74
2021,Wakefield 037C,E01011940,767,227,65,162,540,467,73
2021,Wakefield 038B,E01011941,594,185,65,120,409,346,63
2021,Wakefield 038C,E01011942,543,152,54,98,391,304,87
2021,Wakefield 037D,E01011943,947,277,75,202,670,585,85
2021,Wakefield 030E,E01011944,690,214,55,159,476,424,52
2021,Wakefield 033B,E01011945,632,189,64,125,443,368,75
2021,Wakefield 038D,E01011946,647,196,61,135,451,376,75
2021,Wakefield 033C,E01011947,592,171,53,118,421,342,79
2021,Wakefield 033D,E01011948,745,229,86,143,516,400,116
2021,Hartlepool 009A,E01011949,716,242,66,176,474,424,50
2021,Hartlepool 008A,E01011950,343,106,21,85,237,204,33
2021,Hartlepool 007A,E01011951,494,172,46,126,322,282,40
2021,Hartlepool 002A,E01011952,527,208,54,154,319,258,61
2021,Hartlepool 002B,E01011953,594,225,70,155,369,325,44
2021,Hartlepool 001A,E01011954,952,331,80,251,621,551,70
2021,Hartlepool 003A,E01011955,450,171,53,118,279,242,37
2021,Hartlepool 003C,E01011957,456,153,36,117,303,278,25
2021,Hartlepool 014A,E01011959,1438,377,152,225,1061,802,259
2021,Hartlepool 014B,E01011960,532,173,44,129,359,302,57
2021,Hartlepool 012A,E01011961,574,207,72,135,367,312,55
2021,Hartlepool 012B,E01011962,500,203,58,145,297,264,33
2021,Hartlepool 014C,E01011963,595,191,52,139,404,339,65
2021,Hartlepool 007B,E01011964,501,180,65,115,321,274,47
2021,Hartlepool 015G,E01011965,746,225,83,142,521,439,82
2021,Hartlepool 015E,E01011966,607,188,52,136,419,359,60
2021,Hartlepool 007C,E01011967,647,197,56,141,450,400,50
2021,Hartlepool 014D,E01011968,861,270,89,181,591,504,87
2021,Hartlepool 001B,E01011969,556,146,42,104,410,360,50
2021,Hartlepool 001C,E01011970,521,144,35,109,377,319,58
2021,Hartlepool 001D,E01011971,759,209,55,154,550,476,74
2021,Hartlepool 015B,E01011974,668,186,53,133,482,411,71
2021,Hartlepool 015D,E01011975,460,155,39,116,305,280,25
2021,Hartlepool 012C,E01011977,590,238,58,180,352,304,48
2021,Hartlepool 012D,E01011978,507,167,40,127,340,292,48
2021,Hartlepool 012E,E01011979,515,215,62,153,300,268,32
2021,Hartlepool 009B,E01011980,590,183,62,121,407,352,55
2021,Hartlepool 009C,E01011981,549,238,59,179,311,281,30
2021,Hartlepool 014E,E01011982,806,240,82,158,566,448,118
2021,Hartlepool 015F,E01011983,801,219,85,134,582,477,105
2021,Hartlepool 009D,E01011984,538,161,36,125,377,329,48
2021,Hartlepool 010A,E01011985,548,179,41,138,369,319,50
2021,Hartlepool 008B,E01011986,538,177,43,134,361,320,41
2021,Hartlepool 008C,E01011987,549,172,43,129,377,337,40
2021,Hartlepool 010B,E01011988,758,257,67,190,501,443,58
2021,Hartlepool 010C,E01011989,691,245,67,178,446,391,55
2021,Hartlepool 010D,E01011990,821,282,73,209,539,476,63
2021,Hartlepool 002C,E01011991,670,203,69,134,467,392,75
2021,Hartlepool 002D,E01011992,786,222,69,153,564,495,69
2021,Hartlepool 002E,E01011993,625,219,61,158,406,364,42
2021,Hartlepool 002F,E01011994,441,136,31,105,305,272,33
2021,Hartlepool 011A,E01011995,549,169,53,116,380,332,48
2021,Hartlepool 011B,E01011996,566,165,48,117,401,343,58
2021,Hartlepool 011C,E01011997,962,267,74,193,695,608,87
2021,Hartlepool 011D,E01011998,1022,261,77,184,761,645,116
2021,Hartlepool 007D,E01011999,516,203,66,137,313,266,47
2021,Hartlepool 007E,E01012000,351,113,45,68,238,213,25
2021,Hartlepool 008D,E01012001,730,244,64,180,486,430,56
2021,Hartlepool 015A,E01012002,635,198,57,141,437,380,57
2021,Hartlepool 014F,E01012003,744,193,58,135,551,456,95
2021,Hartlepool 014G,E01012005,1027,267,81,186,760,652,108
2021,Middlesbrough 012A,E01012007,621,173,44,129,448,378,70
2021,Middlesbrough 012B,E01012008,692,216,68,148,476,422,54
2021,Middlesbrough 012C,E01012009,987,265,69,196,722,618,104
2021,Middlesbrough 012D,E01012010,659,202,59,143,457,385,72
2021,Middlesbrough 008A,E01012011,710,279,79,200,431,392,39
2021,Middlesbrough 008B,E01012012,814,262,71,191,552,492,60
2021,Middlesbrough 008C,E01012013,602,195,52,143,407,357,50
2021,Middlesbrough 008D,E01012014,566,211,75,136,355,314,41
2021,Middlesbrough 007A,E01012015,524,191,48,143,333,297,36
2021,Middlesbrough 007B,E01012016,590,218,58,160,372,321,51
2021,Middlesbrough 007C,E01012017,608,204,68,136,404,353,51
2021,Middlesbrough 011A,E01012018,541,153,53,100,388,333,55
2021,Middlesbrough 011B,E01012019,331,133,44,89,198,183,15
2021,Middlesbrough 011C,E01012020,577,234,62,172,343,300,43
2021,Middlesbrough 011D,E01012021,471,161,38,123,310,286,24
2021,Middlesbrough 015A,E01012022,1570,360,105,255,1210,1012,198
2021,Middlesbrough 015B,E01012023,535,176,60,116,359,307,52
2021,Middlesbrough 015C,E01012024,708,198,60,138,510,456,54
2021,Middlesbrough 015D,E01012025,534,185,60,125,349,299,50
2021,Middlesbrough 006A,E01012026,912,279,73,206,633,562,71
2021,Middlesbrough 006B,E01012027,719,253,60,193,466,410,56
2021,Middlesbrough 019A,E01012030,645,185,56,129,460,393,67
2021,Middlesbrough 019B,E01012031,579,192,53,139,387,338,49
2021,Middlesbrough 019C,E01012032,830,253,89,164,577,504,73
2021,Middlesbrough 019D,E01012033,422,136,37,99,286,252,34
2021,Middlesbrough 019E,E01012034,632,205,54,151,427,361,66
2021,Middlesbrough 019F,E01012035,498,160,50,110,338,298,40
2021,Middlesbrough 003A,E01012036,535,222,85,137,313,274,39
2021,Middlesbrough 003B,E01012037,461,198,75,123,263,228,35
2021,Middlesbrough 003C,E01012038,477,227,69,158,250,235,15
2021,Middlesbrough 003D,E01012039,447,233,78,155,214,198,16
2021,Middlesbrough 003E,E01012040,424,197,80,117,227,196,31
2021,Middlesbrough 003F,E01012041,272,94,18,76,178,160,18
2021,Middlesbrough 018A,E01012042,565,193,61,132,372,319,53
2021,Middlesbrough 018B,E01012043,508,177,43,134,331,285,46
2021,Middlesbrough 018C,E01012044,478,181,54,127,297,257,40
2021,Middlesbrough 018D,E01012045,403,174,43,131,229,198,31
2021,Middlesbrough 013A,E01012046,861,247,62,185,614,538,76
2021,Middlesbrough 013B,E01012047,748,246,71,175,502,427,75
2021,Middlesbrough 013C,E01012048,803,239,78,161,564,483,81
2021,Middlesbrough 014A,E01012049,582,175,50,125,407,339,68
2021,Middlesbrough 014B,E01012050,516,178,33,145,338,311,27
2021,Middlesbrough 014C,E01012051,501,174,48,126,327,298,29
2021,Middlesbrough 014D,E01012052,491,173,40,133,318,273,45
2021,Middlesbrough 009A,E01012053,768,252,68,184,516,443,73
2021,Middlesbrough 009B,E01012054,750,272,90,182,478,412,66
2021,Middlesbrough 009C,E01012055,838,257,75,182,581,481,100
2021,Middlesbrough 009D,E01012056,1039,328,105,223,711,643,68
2021,Middlesbrough 009E,E01012057,843,250,67,183,593,530,63
2021,Middlesbrough 002A,E01012058,503,165,53,112,338,285,53
2021,Middlesbrough 002B,E01012059,533,184,53,131,349,307,42
2021,Middlesbrough 002C,E01012060,539,228,74,154,311,283,28
2021,Middlesbrough 002D,E01012061,467,161,29,132,306,273,33
2021,Middlesbrough 020A,E01012062,866,229,66,163,637,542,95
2021,Middlesbrough 020B,E01012063,575,164,47,117,411,349,62
2021,Middlesbrough 017A,E01012065,816,223,74,149,593,495,98
2021,Middlesbrough 017B,E01012066,1038,265,72,193,773,646,127
2021,Middlesbrough 017C,E01012067,605,199,64,135,406,345,61
2021,Middlesbrough 001A,E01012068,511,290,145,145,221,200,21
2021,Middlesbrough 020D,E01012071,553,176,62,114,377,313,64
2021,Middlesbrough 020E,E01012073,621,191,57,134,430,361,69
2021,Middlesbrough 004A,E01012074,618,240,59,181,378,351,27
2021,Middlesbrough 004B,E01012075,565,204,69,135,361,318,43
2021,Middlesbrough 004C,E01012076,375,158,40,118,217,196,21
2021,Middlesbrough 004D,E01012077,460,169,47,122,291,259,32
2021,Middlesbrough 005A,E01012078,535,213,69,144,322,288,34
2021,Middlesbrough 005B,E01012079,655,199,62,137,456,394,62
2021,Middlesbrough 005C,E01012080,492,165,46,119,327,294,33
2021,Middlesbrough 005D,E01012081,666,216,71,145,450,380,70
2021,Middlesbrough 010A,E01012082,608,224,61,163,384,348,36
2021,Middlesbrough 010B,E01012083,579,225,54,171,354,324,30
2021,Middlesbrough 010C,E01012084,534,201,55,146,333,299,34
2021,Middlesbrough 010D,E01012085,553,237,67,170,316,277,39
2021,Middlesbrough 004E,E01012088,715,225,50,175,490,449,41
2021,Middlesbrough 007D,E01012089,440,177,47,130,263,227,36
2021,Middlesbrough 007E,E01012090,490,188,55,133,302,263,39
2021,Middlesbrough 007F,E01012091,654,238,69,169,416,378,38
2021,Middlesbrough 001D,E01012092,446,252,88,164,194,172,22
2021,Middlesbrough 001E,E01012093,618,333,111,222,285,253,32
2021,Redcar and Cleveland 010A,E01012095,542,179,61,118,363,312,51
2021,Redcar and Cleveland 013A,E01012096,549,204,62,142,345,297,48
2021,Redcar and Cleveland 010B,E01012097,403,147,49,98,256,226,30
2021,Redcar and Cleveland 010C,E01012098,675,179,58,121,496,416,80
2021,Redcar and Cleveland 010D,E01012099,520,178,45,133,342,293,49
2021,Redcar and Cleveland 001A,E01012100,498,176,52,124,322,277,45
2021,Redcar and Cleveland 001B,E01012101,554,166,53,113,388,325,63
2021,Redcar and Cleveland 001C,E01012102,910,327,92,235,583,508,75
2021,Redcar and Cleveland 002A,E01012105,642,187,45,142,455,395,60
2021,Redcar and Cleveland 003C,E01012106,572,195,53,142,377,325,52
2021,Redcar and Cleveland 003D,E01012107,471,181,57,124,290,243,47
2021,Redcar and Cleveland 011A,E01012108,562,201,49,152,361,312,49
2021,Redcar and Cleveland 011B,E01012109,602,170,51,119,432,363,69
2021,Redcar and Cleveland 011C,E01012110,631,184,48,136,447,377,70
2021,Redcar and Cleveland 011D,E01012111,479,166,48,118,313,276,37
2021,Redcar and Cleveland 015A,E01012112,395,167,30,137,228,198,30
2021,Redcar and Cleveland 009A,E01012113,442,172,30,142,270,238,32
2021,Redcar and Cleveland 009B,E01012114,371,126,27,99,245,211,34
2021,Redcar and Cleveland 018A,E01012117,814,230,86,144,584,490,94
2021,Redcar and Cleveland 018B,E01012118,562,186,60,126,376,324,52
2021,Redcar and Cleveland 018C,E01012119,899,283,97,186,616,499,117
2021,Redcar and Cleveland 020A,E01012120,469,148,45,103,321,279,42
2021,Redcar and Cleveland 018D,E01012121,482,186,57,129,296,258,38
2021,Redcar and Cleveland 020B,E01012124,628,176,56,120,452,360,92
2021,Redcar and Cleveland 005A,E01012127,296,124,29,95,172,156,16
2021,Redcar and Cleveland 005B,E01012128,463,178,53,125,285,251,34
2021,Redcar and Cleveland 005C,E01012129,995,300,72,228,695,578,117
2021,Redcar and Cleveland 005D,E01012130,499,149,42,107,350,305,45
2021,Redcar and Cleveland 005E,E01012131,378,141,48,93,237,205,32
2021,Redcar and Cleveland 016A,E01012132,694,227,77,150,467,381,86
2021,Redcar and Cleveland 016B,E01012134,498,191,67,124,307,247,60
2021,Redcar and Cleveland 013D,E01012136,565,198,54,144,367,321,46
2021,Redcar and Cleveland 016C,E01012137,551,166,48,118,385,310,75
2021,Redcar and Cleveland 006A,E01012138,1504,423,119,304,1081,881,200
2021,Redcar and Cleveland 006B,E01012139,760,213,69,144,547,469,78
2021,Redcar and Cleveland 006C,E01012140,502,158,36,122,344,278,66
2021,Redcar and Cleveland 006D,E01012141,431,125,35,90,306,276,30
2021,Redcar and Cleveland 002B,E01012142,704,244,74,170,460,399,61
2021,Redcar and Cleveland 002C,E01012143,585,189,44,145,396,347,49
2021,Redcar and Cleveland 002D,E01012144,598,185,49,136,413,348,65
2021,Redcar and Cleveland 015B,E01012145,669,186,63,123,483,414,69
2021,Redcar and Cleveland 022A,E01012146,485,143,47,96,342,281,61
2021,Redcar and Cleveland 015C,E01012147,835,250,73,177,585,482,103
2021,Redcar and Cleveland 021A,E01012148,502,190,49,141,312,277,35
2021,Redcar and Cleveland 015D,E01012149,494,139,41,98,355,294,61
2021,Redcar and Cleveland 021B,E01012150,569,226,52,174,343,289,54
2021,Redcar and Cleveland 021C,E01012151,641,199,52,147,442,376,66
2021,Redcar and Cleveland 021D,E01012152,842,228,73,155,614,506,108
2021,Redcar and Cleveland 006E,E01012154,398,122,31,91,276,239,37
2021,Redcar and Cleveland 006F,E01012155,728,214,62,152,514,443,71
2021,Redcar and Cleveland 006G,E01012156,658,206,69,137,452,388,64
2021,Redcar and Cleveland 006H,E01012157,654,224,73,151,430,360,70
2021,Redcar and Cleveland 007A,E01012158,523,186,55,131,337,281,56
2021,Redcar and Cleveland 007B,E01012159,567,185,77,108,382,310,72
2021,Redcar and Cleveland 007C,E01012160,587,240,72,168,347,294,53
2021,Redcar and Cleveland 007D,E01012161,617,196,62,134,421,339,82
2021,Redcar and Cleveland 012A,E01012162,599,207,57,150,392,336,56
2021,Redcar and Cleveland 012B,E01012163,1143,332,107,225,811,684,127
2021,Redcar and Cleveland 012C,E01012164,655,242,75,167,413,335,78
2021,Redcar and Cleveland 012D,E01012165,913,313,99,214,600,522,78
2021,Redcar and Cleveland 022B,E01012167,1056,290,71,219,766,677,89
2021,Redcar and Cleveland 022C,E01012168,867,257,59,198,610,531,79
2021,Redcar and Cleveland 022D,E01012170,346,140,41,99,206,179,27
2021,Redcar and Cleveland 011E,E01012171,522,211,51,160,311,264,47
2021,Redcar and Cleveland 011F,E01012172,550,167,52,115,383,336,47
2021,Redcar and Cleveland 022E,E01012173,486,128,34,94,358,313,45
2021,Redcar and Cleveland 022F,E01012174,496,180,51,129,316,267,49
2021,Redcar and Cleveland 009E,E01012175,465,183,38,145,282,241,41
2021,Redcar and Cleveland 004A,E01012176,622,176,55,121,446,377,69
2021,Redcar and Cleveland 004B,E01012177,632,206,55,151,426,360,66
2021,Redcar and Cleveland 004C,E01012178,634,181,63,118,453,398,55
2021,Redcar and Cleveland 004D,E01012179,1087,291,84,207,796,684,112
2021,Redcar and Cleveland 004E,E01012180,858,244,66,178,614,524,90
2021,Redcar and Cleveland 016D,E01012181,684,227,65,162,457,388,69
2021,Redcar and Cleveland 020C,E01012182,485,142,48,94,343,288,55
2021,Redcar and Cleveland 020D,E01012183,712,218,67,151,494,421,73
2021,Redcar and Cleveland 001D,E01012184,629,237,69,168,392,335,57
2021,Redcar and Cleveland 004F,E01012185,591,192,44,148,399,343,56
2021,Redcar and Cleveland 004G,E01012186,680,232,74,158,448,377,71
2021,Stockton-on-Tees 011A,E01012187,610,203,59,144,407,352,55
2021,Stockton-on-Tees 011B,E01012188,530,156,41,115,374,327,47
2021,Stockton-on-Tees 011C,E01012189,586,179,59,120,407,349,58
2021,Stockton-on-Tees 015A,E01012190,700,205,59,146,495,428,67
2021,Stockton-on-Tees 015B,E01012191,631,225,60,165,406,359,47
2021,Stockton-on-Tees 007A,E01012192,653,207,55,152,446,386,60
2021,Stockton-on-Tees 007B,E01012193,620,210,51,159,410,371,39
2021,Stockton-on-Tees 010A,E01012194,640,200,46,154,440,393,47
2021,Stockton-on-Tees 010B,E01012195,568,221,54,167,347,295,52
2021,Stockton-on-Tees 003A,E01012196,694,228,57,171,466,419,47
2021,Stockton-on-Tees 002A,E01012197,784,250,66,184,534,459,75
2021,Stockton-on-Tees 003B,E01012198,536,191,54,137,345,293,52
2021,Stockton-on-Tees 021A,E01012199,528,169,49,120,359,293,66
2021,Stockton-on-Tees 021B,E01012200,896,253,86,167,643,514,129
2021,Stockton-on-Tees 021C,E01012201,978,268,78,190,710,602,108
2021,Stockton-on-Tees 021D,E01012202,626,182,64,118,444,356,88
2021,Stockton-on-Tees 021E,E01012203,951,249,81,168,702,585,117
2021,Stockton-on-Tees 013A,E01012204,491,161,59,102,330,288,42
2021,Stockton-on-Tees 011D,E01012205,606,176,60,116,430,379,51
2021,Stockton-on-Tees 013B,E01012206,466,146,44,102,320,285,35
2021,Stockton-on-Tees 013C,E01012207,796,234,78,156,562,489,73
2021,Stockton-on-Tees 013D,E01012208,785,228,77,151,557,498,59
2021,Stockton-on-Tees 016A,E01012209,764,232,62,170,532,466,66
2021,Stockton-on-Tees 006A,E01012210,684,232,77,155,452,396,56
2021,Stockton-on-Tees 006B,E01012211,950,235,59,176,715,597,118
2021,Stockton-on-Tees 006C,E01012212,650,177,56,121,473,392,81
2021,Stockton-on-Tees 006D,E01012213,436,133,34,99,303,262,41
2021,Stockton-on-Tees 003C,E01012214,662,205,46,159,457,398,59
2021,Stockton-on-Tees 003D,E01012215,444,150,40,110,294,258,36
2021,Stockton-on-Tees 003E,E01012216,485,157,46,111,328,287,41
2021,Stockton-on-Tees 016B,E01012217,549,195,53,142,354,307,47
2021,Stockton-on-Tees 016C,E01012218,655,176,54,122,479,402,77
2021,Stockton-on-Tees 012A,E01012219,827,269,70,199,558,469,89
2021,Stockton-on-Tees 016D,E01012223,688,200,81,119,488,423,65
2021,Stockton-on-Tees 015C,E01012224,748,209,66,143,539,463,76
2021,Stockton-on-Tees 015D,E01012225,642,192,46,146,450,380,70
2021,Stockton-on-Tees 015E,E01012226,579,174,55,119,405,359,46
2021,Stockton-on-Tees 027D,E01012227,814,229,60,169,585,486,99
2021,Stockton-on-Tees 022A,E01012228,670,188,59,129,482,416,66
2021,Stockton-on-Tees 022B,E01012230,875,218,59,159,657,540,117
2021,Stockton-on-Tees 028C,E01012231,1077,264,81,183,813,692,121
2021,Stockton-on-Tees 028D,E01012232,755,203,72,131,552,491,61
2021,Stockton-on-Tees 022C,E01012233,819,205,75,130,614,485,129
2021,Stockton-on-Tees 028E,E01012234,852,239,92,147,613,526,87
2021,Stockton-on-Tees 024A,E01012235,1182,276,96,180,906,733,173
2021,Stockton-on-Tees 022D,E01012236,587,170,54,116,417,368,49
2021,Stockton-on-Tees 022E,E01012237,606,186,60,126,420,339,81
2021,Stockton-on-Tees 018A,E01012238,571,207,53,154,364,324,40
2021,Stockton-on-Tees 018B,E01012239,1114,315,84,231,799,709,90
2021,Stockton-on-Tees 018C,E01012240,764,218,51,167,546,473,73
2021,Stockton-on-Tees 018D,E01012241,699,230,61,169,469,417,52
2021,Stockton-on-Tees 001A,E01012242,636,183,68,115,453,387,66
2021,Stockton-on-Tees 001B,E01012243,741,194,48,146,547,469,78
2021,Stockton-on-Tees 001C,E01012244,695,198,57,141,497,433,64
2021,Stockton-on-Tees 003F,E01012245,524,214,69,145,310,273,37
2021,Stockton-on-Tees 001D,E01012246,649,186,51,135,463,399,64
2021,Stockton-on-Tees 008A,E01012247,513,176,37,139,337,291,46
2021,Stockton-on-Tees 009D,E01012248,500,169,49,120,331,292,39
2021,Stockton-on-Tees 008B,E01012249,612,217,52,165,395,355,40
2021,Stockton-on-Tees 009E,E01012250,766,232,52,180,534,464,70
2021,Stockton-on-Tees 012B,E01012251,667,247,80,167,420,369,51
2021,Stockton-on-Tees 012C,E01012252,494,169,46,123,325,294,31
2021,Stockton-on-Tees 012D,E01012253,515,181,65,116,334,277,57
2021,Stockton-on-Tees 012E,E01012254,437,147,41,106,290,252,38
2021,Stockton-on-Tees 005A,E01012255,465,149,49,100,316,265,51
2021,Stockton-on-Tees 002B,E01012256,449,130,39,91,319,278,41
2021,Stockton-on-Tees 002C,E01012257,646,197,59,138,449,391,58
2021,Stockton-on-Tees 010C,E01012258,517,224,88,136,293,247,46
2021,Stockton-on-Tees 010D,E01012259,769,238,66,172,531,464,67
2021,Stockton-on-Tees 007C,E01012260,735,218,65,153,517,453,64
2021,Stockton-on-Tees 007D,E01012261,713,206,45,161,507,449,58
2021,Stockton-on-Tees 026B,E01012262,846,313,76,237,533,464,69
2021,Stockton-on-Tees 025C,E01012267,500,208,80,128,292,264,28
2021,Stockton-on-Tees 010E,E01012268,1050,267,78,189,783,701,82
2021,Stockton-on-Tees 005B,E01012269,745,215,83,132,530,419,111
2021,Stockton-on-Tees 021F,E01012270,593,189,51,138,404,327,77
2021,Stockton-on-Tees 008C,E01012271,514,175,45,130,339,292,47
2021,Stockton-on-Tees 008D,E01012272,432,125,35,90,307,265,42
2021,Stockton-on-Tees 008E,E01012273,518,217,56,161,301,271,30
2021,Stockton-on-Tees 008F,E01012274,502,160,36,124,342,302,40
2021,Stockton-on-Tees 002D,E01012275,664,208,49,159,456,421,35
2021,Stockton-on-Tees 002E,E01012276,734,215,64,151,519,450,69
2021,Stockton-on-Tees 002F,E01012277,724,269,74,195,455,401,54
2021,Stockton-on-Tees 004A,E01012278,509,175,52,123,334,277,57
2021,Stockton-on-Tees 004B,E01012279,798,249,72,177,549,491,58
2021,Stockton-on-Tees 004C,E01012280,638,161,43,118,477,413,64
2021,Stockton-on-Tees 004D,E01012281,506,181,53,128,325,284,41
2021,Stockton-on-Tees 020A,E01012282,443,147,51,96,296,265,31
2021,Stockton-on-Tees 020B,E01012283,453,153,39,114,300,274,26
2021,Stockton-on-Tees 020C,E01012284,397,147,41,106,250,209,41
2021,Stockton-on-Tees 020D,E01012285,539,162,43,119,377,328,49
2021,Stockton-on-Tees 017A,E01012286,335,134,38,96,201,178,23
2021,Stockton-on-Tees 017B,E01012287,858,241,74,167,617,545,72
2021,Stockton-on-Tees 017C,E01012288,383,137,34,103,246,231,15
2021,Stockton-on-Tees 017D,E01012289,498,168,57,111,330,289,41
2021,Stockton-on-Tees 019A,E01012290,805,244,68,176,561,486,75
2021,Stockton-on-Tees 019B,E01012291,732,219,68,151,513,448,65
2021,Stockton-on-Tees 019C,E01012292,924,274,67,207,650,568,82
2021,Stockton-on-Tees 005D,E01012294,648,170,71,99,478,385,93
2021,Stockton-on-Tees 005E,E01012295,599,181,61,120,418,360,58
2021,Stockton-on-Tees 001E,E01012296,524,136,43,93,388,333,55
2021,Stockton-on-Tees 001F,E01012297,1286,317,90,227,969,825,144
2021,Stockton-on-Tees 024B,E01012298,552,178,64,114,374,292,82
2021,Stockton-on-Tees 024C,E01012299,651,147,60,87,504,391,113
2021,Stockton-on-Tees 024D,E01012300,553,182,68,114,371,321,50
2021,Stockton-on-Tees 024E,E01012301,566,152,53,99,414,340,74
2021,Stockton-on-Tees 024F,E01012302,536,139,42,97,397,332,65
2021,Stockton-on-Tees 024G,E01012303,1066,282,83,199,784,666,118
2021,Darlington 012A,E01012304,406,113,35,78,293,256,37
2021,Darlington 012B,E01012305,515,126,36,90,389,349,40
2021,Darlington 012C,E01012306,619,180,52,128,439,382,57
2021,Darlington 009A,E01012307,989,308,92,216,681,604,77
2021,Darlington 006A,E01012309,1067,289,80,209,778,688,90
2021,Darlington 006B,E01012310,1063,314,78,236,749,657,92
2021,Darlington 006C,E01012311,675,198,50,148,477,424,53
2021,Darlington 006D,E01012312,497,145,42,103,352,305,47
2021,Darlington 006E,E01012313,597,195,39,156,402,370,32
2021,Darlington 006F,E01012314,485,181,54,127,304,262,42
2021,Darlington 010A,E01012315,712,202,55,147,510,452,58
2021,Darlington 013A,E01012317,609,191,58,133,418,356,62
2021,Darlington 013B,E01012318,946,289,79,210,657,563,94
2021,Darlington 013C,E01012319,1290,359,103,256,931,824,107
2021,Darlington 002C,E01012323,748,217,56,161,531,469,62
2021,Darlington 002D,E01012324,662,175,47,128,487,422,65
2021,Darlington 005A,E01012325,638,181,64,117,457,383,74
2021,Darlington 005B,E01012326,486,151,41,110,335,286,49
2021,Darlington 009B,E01012327,540,195,43,152,345,304,41
2021,Darlington 003A,E01012328,643,187,53,134,456,418,38
2021,Darlington 003B,E01012329,716,223,74,149,493,412,81
2021,Darlington 003C,E01012330,512,133,37,96,379,329,50
2021,Darlington 003D,E01012331,563,155,35,120,408,367,41
2021,Darlington 005C,E01012332,546,188,54,134,358,316,42
2021,Darlington 005D,E01012333,726,211,58,153,515,456,59
2021,Darlington 001B,E01012334,1398,366,121,245,1032,825,207
2021,Darlington 001C,E01012335,710,203,84,119,507,406,101
2021,Darlington 011A,E01012336,587,176,65,111,411,335,76
2021,Darlington 011B,E01012337,789,213,73,140,576,503,73
2021,Darlington 015A,E01012338,927,280,91,189,647,547,100
2021,Darlington 015B,E01012339,864,246,74,172,618,496,122
2021,Darlington 012D,E01012340,1093,276,60,216,817,709,108
2021,Darlington 012E,E01012341,616,204,63,141,412,372,40
2021,Darlington 009C,E01012342,1219,339,86,253,880,774,106
2021,Darlington 015C,E01012344,706,222,78,144,484,417,67
2021,Darlington 015D,E01012345,628,186,71,115,442,364,78
2021,Darlington 015E,E01012346,1291,311,99,212,980,804,176
2021,Darlington 011C,E01012347,784,243,69,174,541,469,72
2021,Darlington 011D,E01012348,873,234,72,162,639,556,83
2021,Darlington 004A,E01012349,547,185,55,130,362,319,43
2021,Darlington 004B,E01012350,636,181,62,119,455,408,47
2021,Darlington 004C,E01012351,681,212,55,157,469,422,47
2021,Darlington 004D,E01012352,623,175,53,122,448,399,49
2021,Darlington 016E,E01012353,710,199,56,143,511,461,50
2021,Darlington 016F,E01012354,626,188,60,128,438,388,50
2021,Darlington 016G,E01012355,658,179,60,119,479,399,80
2021,Darlington 014A,E01012356,863,194,71,123,669,584,85
2021,Darlington 014B,E01012357,604,184,49,135,420,365,55
2021,Darlington 014C,E01012358,689,210,55,155,479,416,63
2021,Darlington 014D,E01012359,583,191,54,137,392,348,44
2021,Darlington 010C,E01012360,693,187,52,135,506,418,88
2021,Darlington 011E,E01012361,849,251,85,166,598,476,122
2021,Darlington 016A,E01012362,595,147,46,101,448,408,40
2021,Darlington 016B,E01012363,680,172,45,127,508,471,37
2021,Darlington 016D,E01012364,721,172,47,125,549,494,55
2021,Darlington 016C,E01012365,559,170,63,107,389,352,37
2021,Darlington 001D,E01012366,949,266,94,172,683,515,168
2021,Halton 007A,E01012367,847,254,71,183,593,518,75
2021,Halton 003A,E01012368,940,237,78,159,703,619,84
2021,Halton 005A,E01012369,850,236,61,175,614,543,71
2021,Halton 007B,E01012370,885,235,57,178,650,584,66
2021,Halton 016A,E01012371,620,158,54,104,462,404,58
2021,Halton 016B,E01012372,524,139,47,92,385,332,53
2021,Halton 016C,E01012373,542,146,43,103,396,354,42
2021,Halton 002A,E01012374,1438,358,123,235,1080,938,142
2021,Halton 002B,E01012375,730,213,83,130,517,430,87
2021,Halton 002C,E01012376,1592,391,122,269,1201,1040,161
2021,Halton 004A,E01012377,725,197,50,147,528,473,55
2021,Halton 006A,E01012378,711,196,58,138,515,458,57
2021,Halton 006B,E01012379,757,202,58,144,555,506,49
2021,Halton 006C,E01012380,521,192,46,146,329,290,39
2021,Halton 010A,E01012381,616,151,40,111,465,416,49
2021,Halton 010B,E01012382,522,138,48,90,384,348,36
2021,Halton 013A,E01012383,647,179,51,128,468,406,62
2021,Halton 010C,E01012384,659,200,60,140,459,418,41
2021,Halton 009A,E01012385,1087,257,89,168,830,693,137
2021,Halton 009B,E01012386,1617,326,111,215,1291,1105,186
2021,Halton 009C,E01012387,490,139,41,98,351,288,63
2021,Halton 006D,E01012388,807,240,63,177,567,486,81
2021,Halton 008A,E01012389,754,205,65,140,549,478,71
2021,Halton 004B,E01012390,684,184,58,126,500,436,64
2021,Halton 008B,E01012391,995,296,79,217,699,608,91
2021,Halton 001A,E01012392,1674,377,104,273,1297,1145,152
2021,Halton 001B,E01012393,1480,324,94,230,1156,981,175
2021,Halton 005B,E01012394,961,273,79,194,688,607,81
2021,Halton 001C,E01012395,713,193,61,132,520,446,74
2021,Halton 013B,E01012396,510,139,46,93,371,332,39
2021,Halton 013C,E01012397,592,174,38,136,418,378,40
2021,Halton 011A,E01012398,538,135,47,88,403,359,44
2021,Halton 013D,E01012399,564,144,41,103,420,377,43
2021,Halton 011B,E01012400,588,135,38,97,453,407,46
2021,Halton 008C,E01012401,771,241,74,167,530,451,79
2021,Halton 011C,E01012402,614,180,58,122,434,375,59
2021,Halton 013E,E01012403,754,251,65,186,503,462,41
2021,Halton 011D,E01012404,666,142,34,108,524,467,57
2021,Halton 011E,E01012405,978,259,77,182,719,632,87
2021,Halton 015A,E01012406,595,176,48,128,419,374,45
2021,Halton 015B,E01012407,718,198,64,134,520,460,60
2021,Halton 013F,E01012408,660,205,76,129,455,403,52
2021,Halton 015C,E01012409,526,189,41,148,337,294,43
2021,Halton 003B,E01012410,527,145,28,117,382,337,45
2021,Halton 001D,E01012411,631,173,44,129,458,417,41
2021,Halton 003C,E01012412,849,225,67,158,624,557,67
2021,Halton 003D,E01012413,598,165,48,117,433,389,44
2021,Halton 003E,E01012414,557,145,46,99,412,371,41
2021,Halton 016D,E01012415,623,156,45,111,467,424,43
2021,Halton 012A,E01012416,879,214,65,149,665,566,99
2021,Halton 012B,E01012417,602,148,47,101,454,401,53
2021,Halton 016E,E01012418,630,169,53,116,461,414,47
2021,Halton 004C,E01012419,436,153,46,107,283,263,20
2021,Halton 004D,E01012420,486,154,40,114,332,301,31
2021,Halton 002D,E01012421,606,157,51,106,449,389,60
2021,Halton 004E,E01012422,577,182,65,117,395,342,53
2021,Halton 002E,E01012423,592,139,43,96,453,404,49
2021,Halton 007C,E01012424,715,250,62,188,465,415,50
2021,Halton 005C,E01012425,674,199,58,141,475,418,57
2021,Halton 005D,E01012426,643,147,49,98,496,430,66
2021,Halton 005E,E01012427,884,254,62,192,630,544,86
2021,Halton 012D,E01012429,606,176,44,132,430,386,44
2021,Halton 012E,E01012430,801,196,69,127,605,532,73
2021,Halton 012F,E01012431,1149,235,68,167,914,815,99
2021,Halton 014A,E01012432,662,160,49,111,502,446,56
2021,Halton 014B,E01012433,652,156,57,99,496,431,65
2021,Halton 009D,E01012434,755,186,58,128,569,499,70
2021,Halton 009E,E01012435,1102,248,79,169,854,703,151
2021,Halton 014C,E01012436,433,115,33,82,318,286,32
2021,Halton 015D,E01012437,472,156,46,110,316,292,24
2021,Halton 014D,E01012438,401,101,22,79,300,267,33
2021,Halton 015E,E01012439,533,172,46,126,361,320,41
2021,Halton 014E,E01012440,581,161,49,112,420,381,39
2021,Halton 007D,E01012441,996,272,81,191,724,646,78
2021,Halton 006E,E01012442,550,194,51,143,356,319,37
2021,Halton 008D,E01012443,736,192,61,131,544,487,57
2021,Halton 010D,E01012444,600,165,46,119,435,386,49
2021,Halton 010E,E01012445,377,93,20,73,284,261,23
2021,Warrington 025A,E01012446,550,172,71,101,378,301,77
2021,Warrington 025B,E01012447,691,219,97,122,472,372,100
2021,Warrington 024A,E01012448,742,214,82,132,528,452,76
2021,Warrington 025C,E01012449,538,150,69,81,388,324,64
2021,Warrington 023A,E01012450,608,181,77,104,427,363,64
2021,Warrington 023B,E01012451,709,209,70,139,500,452,48
2021,Warrington 025D,E01012452,758,215,86,129,543,430,113
2021,Warrington 013A,E01012453,736,255,76,179,481,435,46
2021,Warrington 013B,E01012454,1376,341,89,252,1035,923,112
2021,Warrington 013C,E01012455,867,281,72,209,586,526,60
2021,Warrington 013D,E01012457,886,245,88,157,641,586,55
2021,Warrington 018B,E01012458,1447,373,127,246,1074,984,90
2021,Warrington 005A,E01012459,745,219,76,143,526,476,50
2021,Warrington 004A,E01012460,697,209,63,146,488,437,51
2021,Warrington 005B,E01012461,627,178,65,113,449,394,55
2021,Warrington 004B,E01012462,664,168,61,107,496,429,67
2021,Warrington 004C,E01012463,406,112,48,64,294,258,36
2021,Warrington 004D,E01012464,576,143,50,93,433,388,45
2021,Warrington 005C,E01012465,637,154,46,108,483,427,56
2021,Warrington 005D,E01012466,708,214,81,133,494,442,52
2021,Warrington 003A,E01012467,465,123,29,94,342,312,30
2021,Warrington 003B,E01012468,1181,322,114,208,859,705,154
2021,Warrington 003C,E01012469,696,210,64,146,486,433,53
2021,Warrington 003D,E01012470,510,151,35,116,359,311,48
2021,Warrington 001A,E01012471,683,227,74,153,456,371,85
2021,Warrington 001B,E01012472,880,251,92,159,629,514,115
2021,Warrington 002A,E01012473,620,169,59,110,451,380,71
2021,Warrington 002B,E01012474,609,166,51,115,443,383,60
2021,Warrington 002C,E01012475,776,206,63,143,570,514,56
2021,Warrington 001C,E01012476,773,208,71,137,565,456,109
2021,Warrington 001D,E01012477,828,234,94,140,594,475,119
2021,Warrington 012A,E01012478,1165,308,82,226,857,764,93
2021,Warrington 017A,E01012479,802,206,73,133,596,544,52
2021,Warrington 017B,E01012480,1180,258,86,172,922,841,81
2021,Warrington 011A,E01012481,841,233,70,163,608,546,62
2021,Warrington 011B,E01012482,731,193,59,134,538,486,52
2021,Warrington 018C,E01012483,668,190,60,130,478,433,45
2021,Warrington 022A,E01012485,766,215,70,145,551,480,71
2021,Warrington 022B,E01012486,774,192,60,132,582,513,69
2021,Warrington 022C,E01012487,773,212,68,144,561,479,82
2021,Warrington 024B,E01012488,840,241,118,123,599,496,103
2021,Warrington 022D,E01012489,880,227,77,150,653,521,132
2021,Warrington 022E,E01012490,677,217,67,150,460,403,57
2021,Warrington 015A,E01012491,639,195,55,140,444,394,50
2021,Warrington 015B,E01012492,629,182,60,122,447,395,52
2021,Warrington 015C,E01012493,853,194,59,135,659,588,71
2021,Warrington 015D,E01012494,1093,258,84,174,835,737,98
2021,Warrington 016A,E01012495,925,209,66,143,716,622,94
2021,Warrington 016B,E01012496,681,192,49,143,489,435,54
2021,Warrington 016C,E01012497,556,190,60,130,366,316,50
2021,Warrington 016D,E01012498,653,186,59,127,467,416,51
2021,Warrington 016E,E01012499,969,245,87,158,724,637,87
2021,Warrington 015E,E01012500,653,193,60,133,460,404,56
2021,Warrington 016F,E01012501,726,163,42,121,563,507,56
2021,Warrington 024C,E01012502,801,199,82,117,602,489,113
2021,Warrington 024D,E01012503,1011,234,84,150,777,624,153
2021,Warrington 020B,E01012505,708,216,74,142,492,445,47
2021,Warrington 020C,E01012506,758,221,83,138,537,462,75
2021,Warrington 020D,E01012507,982,259,80,179,723,629,94
2021,Warrington 020E,E01012508,742,222,67,155,520,468,52
2021,Warrington 018D,E01012509,1130,286,101,185,844,742,102
2021,Warrington 017D,E01012510,1167,322,119,203,845,754,91
2021,Warrington 017E,E01012511,889,229,71,158,660,587,73
2021,Warrington 018E,E01012512,746,176,52,124,570,503,67
2021,Warrington 021A,E01012513,956,284,101,183,672,531,141
2021,Warrington 021B,E01012514,861,282,107,175,579,464,115
2021,Warrington 021C,E01012515,673,188,55,133,485,411,74
2021,Warrington 021D,E01012516,577,160,58,102,417,335,82
2021,Warrington 021E,E01012517,1170,347,106,241,823,682,141
2021,Warrington 021F,E01012518,1041,306,106,200,735,597,138
2021,Warrington 021G,E01012519,685,200,68,132,485,403,82
2021,Warrington 011C,E01012520,674,209,61,148,465,407,58
2021,Warrington 008A,E01012521,668,180,60,120,488,436,52
2021,Warrington 008B,E01012522,647,173,52,121,474,423,51
2021,Warrington 011D,E01012523,801,205,67,138,596,540,56
2021,Warrington 011E,E01012524,790,228,63,165,562,509,53
2021,Warrington 011F,E01012525,789,224,66,158,565,514,51
2021,Warrington 006A,E01012526,733,218,54,164,515,446,69
2021,Warrington 019A,E01012527,768,227,69,158,541,476,65
2021,Warrington 019B,E01012528,490,143,42,101,347,306,41
2021,Warrington 019C,E01012529,646,158,54,104,488,424,64
2021,Warrington 019D,E01012530,673,192,63,129,481,417,64
2021,Warrington 019E,E01012531,683,193,61,132,490,422,68
2021,Warrington 019F,E01012532,572,146,59,87,426,386,40
2021,Warrington 008C,E01012533,614,190,61,129,424,384,40
2021,Warrington 006B,E01012534,691,213,65,148,478,431,47
2021,Warrington 006C,E01012535,826,243,59,184,583,524,59
2021,Warrington 008D,E01012536,774,223,64,159,551,513,38
2021,Warrington 006D,E01012537,673,191,55,136,482,431,51
2021,Warrington 007A,E01012538,731,194,59,135,537,475,62
2021,Warrington 006E,E01012539,720,216,66,150,504,429,75
2021,Warrington 007B,E01012540,670,178,60,118,492,432,60
2021,Warrington 007C,E01012541,601,160,48,112,441,395,46
2021,Warrington 007D,E01012542,542,152,50,102,390,346,44
2021,Warrington 007E,E01012543,602,169,58,111,433,392,41
2021,Warrington 007F,E01012544,607,186,67,119,421,372,49
2021,Warrington 008E,E01012545,619,207,73,134,412,372,40
2021,Warrington 008F,E01012546,642,215,72,143,427,381,46
2021,Warrington 012B,E01012547,847,240,80,160,607,551,56
2021,Warrington 012C,E01012548,915,223,65,158,692,604,88
2021,Warrington 012D,E01012549,871,234,76,158,637,564,73
2021,Warrington 012E,E01012550,800,220,58,162,580,499,81
2021,Warrington 014A,E01012551,797,240,67,173,557,469,88
2021,Warrington 014B,E01012552,630,187,61,126,443,392,51
2021,Warrington 014C,E01012553,646,183,60,123,463,414,49
2021,Warrington 002D,E01012554,1023,294,103,191,729,607,122
2021,Warrington 014D,E01012555,631,176,55,121,455,400,55
2021,Warrington 014E,E01012556,628,177,60,117,451,399,52
2021,Warrington 023C,E01012557,837,210,63,147,627,549,78
2021,Warrington 023D,E01012558,952,233,90,143,719,590,129
2021,Warrington 023E,E01012559,739,184,68,116,555,457,98
2021,Warrington 023F,E01012560,663,192,73,119,471,400,71
2021,Warrington 009A,E01012561,788,205,50,155,583,508,75
2021,Warrington 009B,E01012562,1274,314,106,208,960,828,132
2021,Warrington 010A,E01012563,843,212,81,131,631,544,87
2021,Warrington 010B,E01012564,692,179,50,129,513,449,64
2021,Warrington 010D,E01012566,1131,275,76,199,856,723,133
2021,Warrington 010E,E01012569,907,265,89,176,642,559,83
2021,Warrington 010F,E01012570,472,172,55,117,300,267,33
2021,Blackburn with Darwen 007A,E01012571,569,265,68,197,304,289,15
2021,Blackburn with Darwen 007B,E01012572,457,199,57,142,258,244,14
2021,Blackburn with Darwen 007C,E01012573,614,290,71,219,324,309,15
2021,Blackburn with Darwen 003A,E01012574,513,206,58,148,307,282,25
2021,Blackburn with Darwen 007D,E01012575,400,183,52,131,217,208,9
2021,Blackburn with Darwen 008A,E01012576,547,211,53,158,336,315,21
2021,Blackburn with Darwen 003B,E01012577,649,294,72,222,355,329,26
2021,Blackburn with Darwen 003C,E01012578,672,313,108,205,359,331,28
2021,Blackburn with Darwen 004A,E01012579,579,253,92,161,326,307,19
2021,Blackburn with Darwen 004B,E01012580,705,310,88,222,395,375,20
2021,Blackburn with Darwen 002A,E01012581,536,168,49,119,368,330,38
2021,Blackburn with Darwen 002B,E01012582,700,266,81,185,434,370,64
2021,Blackburn with Darwen 002C,E01012583,886,290,93,197,596,541,55
2021,Blackburn with Darwen 010A,E01012584,698,260,111,149,438,368,70
2021,Blackburn with Darwen 005A,E01012585,634,271,78,193,363,331,32
2021,Blackburn with Darwen 005B,E01012586,576,226,66,160,350,318,32
2021,Blackburn with Darwen 002D,E01012587,923,367,97,270,556,502,54
2021,Blackburn with Darwen 002E,E01012588,844,370,121,249,474,439,35
2021,Blackburn with Darwen 014A,E01012589,602,155,37,118,447,391,56
2021,Blackburn with Darwen 014B,E01012590,583,154,39,115,429,380,49
2021,Blackburn with Darwen 014C,E01012591,623,183,47,136,440,389,51
2021,Blackburn with Darwen 018A,E01012592,947,218,69,149,729,616,113
2021,Blackburn with Darwen 013A,E01012593,805,191,57,134,614,573,41
2021,Blackburn with Darwen 012A,E01012594,498,146,29,117,352,315,37
2021,Blackburn with Darwen 009A,E01012595,913,270,60,210,643,593,50
2021,Blackburn with Darwen 009B,E01012596,862,276,70,206,586,540,46
2021,Blackburn with Darwen 013B,E01012597,895,224,68,156,671,591,80
2021,Blackburn with Darwen 013C,E01012598,1702,354,96,258,1348,1200,148
2021,Blackburn with Darwen 013D,E01012599,685,169,40,129,516,459,57
2021,Blackburn with Darwen 011A,E01012600,491,143,34,109,348,321,27
2021,Blackburn with Darwen 011B,E01012601,506,185,61,124,321,301,20
2021,Blackburn with Darwen 011C,E01012602,916,189,49,140,727,643,84
2021,Blackburn with Darwen 011D,E01012603,692,220,66,154,472,420,52
2021,Blackburn with Darwen 011E,E01012604,793,192,47,145,601,543,58
2021,Blackburn with Darwen 003D,E01012605,802,388,96,292,414,390,24
2021,Blackburn with Darwen 003E,E01012606,622,304,113,191,318,299,19
2021,Blackburn with Darwen 001A,E01012607,630,257,70,187,373,350,23
2021,Blackburn with Darwen 001B,E01012608,795,298,61,237,497,471,26
2021,Blackburn with Darwen 010B,E01012609,744,205,65,140,539,477,62
2021,Blackburn with Darwen 010C,E01012610,621,174,45,129,447,388,59
2021,Blackburn with Darwen 010D,E01012611,544,140,45,95,404,365,39
2021,Blackburn with Darwen 010E,E01012612,598,144,28,116,454,412,42
2021,Blackburn with Darwen 010F,E01012613,943,179,52,127,764,677,87
2021,Blackburn with Darwen 017A,E01012614,850,201,52,149,649,587,62
2021,Blackburn with Darwen 017B,E01012615,551,149,39,110,402,354,48
2021,Blackburn with Darwen 017C,E01012616,1050,260,79,181,790,699,91
2021,Blackburn with Darwen 015A,E01012617,652,190,52,138,462,418,44
2021,Blackburn with Darwen 012B,E01012618,744,178,51,127,566,503,63
2021,Blackburn with Darwen 012C,E01012619,515,163,34,129,352,325,27
2021,Blackburn with Darwen 012D,E01012620,622,187,51,136,435,383,52
2021,Blackburn with Darwen 012E,E01012621,656,181,47,134,475,435,40
2021,Blackburn with Darwen 009C,E01012622,494,156,40,116,338,314,24
2021,Blackburn with Darwen 009D,E01012623,645,208,43,165,437,396,41
2021,Blackburn with Darwen 009E,E01012624,594,170,40,130,424,384,40
2021,Blackburn with Darwen 009F,E01012625,833,253,69,184,580,529,51
2021,Blackburn with Darwen 018D,E01012628,609,164,69,95,445,342,103
2021,Blackburn with Darwen 006A,E01012629,546,177,42,135,369,341,28
2021,Blackburn with Darwen 007E,E01012630,794,381,107,274,413,380,33
2021,Blackburn with Darwen 006B,E01012631,425,174,47,127,251,227,24
2021,Blackburn with Darwen 011F,E01012632,972,315,96,219,657,591,66
2021,Blackburn with Darwen 001C,E01012633,746,245,78,167,501,459,42
2021,Blackburn with Darwen 001D,E01012634,703,240,60,180,463,428,35
2021,Blackburn with Darwen 001E,E01012635,799,309,99,210,490,443,47
2021,Blackburn with Darwen 001F,E01012636,776,201,53,148,575,495,80
2021,Blackburn with Darwen 008B,E01012637,599,210,49,161,389,367,22
2021,Blackburn with Darwen 008C,E01012638,652,204,55,149,448,410,38
2021,Blackburn with Darwen 008D,E01012639,679,251,93,158,428,391,37
2021,Blackburn with Darwen 008E,E01012640,797,273,86,187,524,474,50
2021,Blackburn with Darwen 008F,E01012641,579,240,55,185,339,319,20
2021,Blackburn with Darwen 004C,E01012642,639,272,75,197,367,338,29
2021,Blackburn with Darwen 006C,E01012643,558,209,50,159,349,325,24
2021,Blackburn with Darwen 006D,E01012644,938,399,129,270,539,500,39
2021,Blackburn with Darwen 004D,E01012645,872,353,123,230,519,480,39
2021,Blackburn with Darwen 015B,E01012646,651,172,53,119,479,430,49
2021,Blackburn with Darwen 015C,E01012647,634,164,49,115,470,420,50
2021,Blackburn with Darwen 014D,E01012648,579,145,40,105,434,390,44
2021,Blackburn with Darwen 016A,E01012649,554,153,44,109,401,354,47
2021,Blackburn with Darwen 015D,E01012650,582,199,45,154,383,350,33
2021,Blackburn with Darwen 016B,E01012651,793,204,57,147,589,533,56
2021,Blackburn with Darwen 014E,E01012652,700,189,60,129,511,457,54
2021,Blackburn with Darwen 016C,E01012653,746,198,54,144,548,491,57
2021,Blackburn with Darwen 016D,E01012654,756,194,53,141,562,507,55
2021,Blackburn with Darwen 006E,E01012655,532,183,52,131,349,323,26
2021,Blackburn with Darwen 005C,E01012656,628,232,76,156,396,376,20
2021,Blackburn with Darwen 005D,E01012657,686,271,76,195,415,388,27
2021,Blackburn with Darwen 005E,E01012658,790,278,74,204,512,474,38
2021,Blackburn with Darwen 017D,E01012659,705,179,54,125,526,461,65
2021,Blackburn with Darwen 017E,E01012660,582,133,42,91,449,376,73
2021,Blackburn with Darwen 017F,E01012661,773,180,46,134,593,527,66
2021,Blackpool 002A,E01012662,465,176,50,126,289,254,35
2021,Blackpool 001A,E01012663,619,211,70,141,408,371,37
2021,Blackpool 001B,E01012664,719,261,80,181,458,407,51
2021,Blackpool 001C,E01012665,589,209,65,144,380,328,52
2021,Blackpool 003A,E01012666,563,183,60,123,380,333,47
2021,Blackpool 003B,E01012667,717,205,62,143,512,451,61
2021,Blackpool 003C,E01012668,654,204,73,131,450,401,49
2021,Blackpool 003D,E01012669,752,242,84,158,510,448,62
2021,Blackpool 011A,E01012670,423,163,47,116,260,227,33
2021,Blackpool 013A,E01012671,525,215,96,119,310,211,99
2021,Blackpool 013B,E01012672,638,230,90,140,408,323,85
2021,Blackpool 010A,E01012673,342,146,44,102,196,167,29
2021,Blackpool 013C,E01012674,693,229,71,158,464,416,48
2021,Blackpool 010B,E01012675,547,220,81,139,327,293,34
2021,Blackpool 009A,E01012676,660,217,68,149,443,413,30
2021,Blackpool 009B,E01012677,688,197,54,143,491,421,70
2021,Blackpool 008A,E01012678,387,146,34,112,241,208,33
2021,Blackpool 008B,E01012679,420,137,40,97,283,253,30
2021,Blackpool 008C,E01012680,697,219,70,149,478,404,74
2021,Blackpool 006A,E01012681,647,210,97,113,437,316,121
2021,Blackpool 008D,E01012682,480,168,54,114,312,278,34
2021,Blackpool 006B,E01012683,422,171,57,114,251,213,38
2021,Blackpool 008E,E01012684,535,206,53,153,329,300,29
2021,Blackpool 016A,E01012685,643,199,56,143,444,390,54
2021,Blackpool 014A,E01012686,491,176,54,122,315,287,28
2021,Blackpool 014B,E01012687,481,177,55,122,304,272,32
2021,Blackpool 014C,E01012688,409,149,49,100,260,229,31
2021,Blackpool 014D,E01012689,626,210,57,153,416,358,58
2021,Blackpool 004A,E01012690,814,256,62,194,558,499,59
2021,Blackpool 004B,E01012691,838,309,100,209,529,471,58
2021,Blackpool 004C,E01012692,714,217,60,157,497,450,47
2021,Blackpool 005A,E01012693,743,227,62,165,516,456,60
2021,Blackpool 016B,E01012694,584,211,58,153,373,327,46
2021,Blackpool 015A,E01012695,628,214,64,150,414,385,29
2021,Blackpool 016C,E01012696,680,230,68,162,450,400,50
2021,Blackpool 016D,E01012697,481,174,56,118,307,276,31
2021,Blackpool 016E,E01012698,604,205,62,143,399,357,42
2021,Blackpool 019A,E01012699,765,242,68,174,523,469,54
2021,Blackpool 019B,E01012700,813,277,80,197,536,477,59
2021,Blackpool 018A,E01012701,670,206,69,137,464,426,38
2021,Blackpool 019C,E01012702,456,153,51,102,303,267,36
2021,Blackpool 002B,E01012703,613,194,46,148,419,364,55
2021,Blackpool 002C,E01012704,670,203,71,132,467,412,55
2021,Blackpool 004D,E01012705,633,233,59,174,400,349,51
2021,Blackpool 002D,E01012706,799,253,80,173,546,486,60
2021,Blackpool 007A,E01012707,525,156,48,108,369,340,29
2021,Blackpool 009C,E01012708,636,200,60,140,436,390,46
2021,Blackpool 009D,E01012709,633,221,54,167,412,374,38
2021,Blackpool 009E,E01012710,594,162,56,106,432,381,51
2021,Blackpool 005B,E01012711,628,186,47,139,442,391,51
2021,Blackpool 012A,E01012712,845,268,93,175,577,512,65
2021,Blackpool 012B,E01012713,939,275,71,204,664,597,67
2021,Blackpool 014E,E01012714,895,223,73,150,672,591,81
2021,Blackpool 012C,E01012715,721,219,63,156,502,443,59
2021,Blackpool 001D,E01012716,629,198,74,124,431,371,60
2021,Blackpool 002E,E01012717,718,224,71,153,494,433,61
2021,Blackpool 003E,E01012718,635,229,75,154,406,353,53
2021,Blackpool 001E,E01012719,613,192,49,143,421,360,61
2021,Blackpool 007B,E01012720,581,203,46,157,378,339,39
2021,Blackpool 007C,E01012721,549,217,56,161,332,295,37
2021,Blackpool 009F,E01012722,644,147,58,89,497,435,62
2021,Blackpool 004E,E01012723,681,228,66,162,453,395,58
2021,Blackpool 007D,E01012724,472,196,57,139,276,257,19
2021,Blackpool 019D,E01012725,619,207,58,149,412,366,46
2021,Blackpool 017A,E01012726,750,248,68,180,502,437,65
2021,Blackpool 019E,E01012727,782,237,79,158,545,471,74
2021,Blackpool 017B,E01012728,640,214,49,165,426,372,54
2021,Blackpool 018B,E01012729,668,205,61,144,463,411,52
2021,Blackpool 018C,E01012730,967,279,114,165,688,584,104
2021,Blackpool 018D,E01012731,695,232,68,164,463,406,57
2021,Blackpool 018E,E01012732,717,246,81,165,471,402,69
2021,Blackpool 011B,E01012733,446,145,57,88,301,278,23
2021,Blackpool 011C,E01012734,676,210,72,138,466,417,49
2021,Blackpool 010C,E01012735,501,161,52,109,340,293,47
2021,Blackpool 010D,E01012736,710,244,134,110,466,290,176
2021,Blackpool 010E,E01012737,450,167,72,95,283,229,54
2021,Blackpool 011D,E01012738,487,196,58,138,291,262,29
2021,Blackpool 011E,E01012739,579,215,65,150,364,322,42
2021,Blackpool 012D,E01012740,639,207,75,132,432,373,59
2021,Blackpool 012E,E01012741,646,209,51,158,437,394,43
2021,Blackpool 011F,E01012742,546,179,56,123,367,315,52
2021,Blackpool 015B,E01012743,700,258,85,173,442,402,40
2021,Blackpool 015C,E01012744,639,229,57,172,410,356,54
2021,Blackpool 015D,E01012745,671,212,52,160,459,407,52
2021,Blackpool 015E,E01012746,710,241,74,167,469,414,55
2021,Blackpool 005C,E01012747,745,185,54,131,560,490,70
2021,Blackpool 006C,E01012748,703,228,99,129,475,380,95
2021,Blackpool 006D,E01012749,643,213,67,146,430,333,97
2021,Blackpool 005D,E01012750,811,260,88,172,551,502,49
2021,Blackpool 013D,E01012751,621,227,92,135,394,296,98
2021,Blackpool 017C,E01012752,553,179,56,123,374,333,41
2021,Blackpool 017D,E01012753,580,190,74,116,390,335,55
2021,Blackpool 017E,E01012754,497,166,69,97,331,263,68
2021,Blackpool 017F,E01012755,683,228,80,148,455,402,53
2021,Kingston upon Hull 025A,E01012756,751,241,74,167,510,446,64
2021,Kingston upon Hull 025B,E01012757,777,206,76,130,571,507,64
2021,Kingston upon Hull 018A,E01012758,763,237,72,165,526,440,86
2021,Kingston upon Hull 025C,E01012759,805,245,62,183,560,528,32
2021,Kingston upon Hull 025D,E01012760,811,215,73,142,596,533,63
2021,Kingston upon Hull 015A,E01012761,806,187,52,135,619,563,56
2021,Kingston upon Hull 018B,E01012762,721,219,80,139,502,445,57
2021,Kingston upon Hull 018C,E01012763,903,246,88,158,657,568,89
2021,Kingston upon Hull 005A,E01012764,462,133,41,92,329,293,36
2021,Kingston upon Hull 005B,E01012765,749,224,66,158,525,463,62
2021,Kingston upon Hull 012A,E01012766,729,211,55,156,518,450,68
2021,Kingston upon Hull 012B,E01012767,643,231,89,142,412,368,44
2021,Kingston upon Hull 005C,E01012768,602,169,39,130,433,382,51
2021,Kingston upon Hull 005D,E01012769,541,170,42,128,371,327,44
2021,Kingston upon Hull 028A,E01012770,796,262,75,187,534,472,62
2021,Kingston upon Hull 028B,E01012771,762,237,68,169,525,456,69
2021,Kingston upon Hull 028C,E01012772,814,243,68,175,571,497,74
2021,Kingston upon Hull 027A,E01012773,878,252,73,179,626,566,60
2021,Kingston upon Hull 019A,E01012774,738,204,53,151,534,467,67
2021,Kingston upon Hull 028D,E01012775,748,206,47,159,542,473,69
2021,Kingston upon Hull 027B,E01012776,793,221,48,173,572,508,64
2021,Kingston upon Hull 028E,E01012777,593,188,45,143,405,345,60
2021,Kingston upon Hull 004A,E01012778,491,174,37,137,317,281,36
2021,Kingston upon Hull 034A,E01012779,493,165,28,137,328,279,49
2021,Kingston upon Hull 034D,E01012780,671,240,75,165,431,389,42
2021,Kingston upon Hull 034B,E01012781,408,134,32,102,274,246,28
2021,Kingston upon Hull 002A,E01012782,472,158,47,111,314,290,24
2021,Kingston upon Hull 004B,E01012783,390,122,25,97,268,227,41
2021,Kingston upon Hull 004C,E01012784,955,278,70,208,677,579,98
2021,Kingston upon Hull 002B,E01012785,422,155,39,116,267,232,35
2021,Kingston upon Hull 002C,E01012786,455,130,29,101,325,293,32
2021,Kingston upon Hull 002D,E01012787,501,179,40,139,322,285,37
2021,Kingston upon Hull 002E,E01012788,510,187,52,135,323,297,26
2021,Kingston upon Hull 002F,E01012789,455,152,30,122,303,275,28
2021,Kingston upon Hull 004D,E01012790,492,165,43,122,327,288,39
2021,Kingston upon Hull 014A,E01012791,780,252,89,163,528,459,69
2021,Kingston upon Hull 014B,E01012792,762,241,70,171,521,468,53
2021,Kingston upon Hull 014C,E01012793,614,201,59,142,413,357,56
2021,Kingston upon Hull 014D,E01012794,774,242,76,166,532,484,48
2021,Kingston upon Hull 019B,E01012795,855,253,61,192,602,538,64
2021,Kingston upon Hull 023A,E01012796,611,180,50,130,431,375,56
2021,Kingston upon Hull 019C,E01012797,625,185,40,145,440,400,40
2021,Kingston upon Hull 019D,E01012798,617,222,61,161,395,360,35
2021,Kingston upon Hull 023B,E01012799,699,196,60,136,503,441,62
2021,Kingston upon Hull 023C,E01012800,754,194,47,147,560,504,56
2021,Kingston upon Hull 019E,E01012801,655,191,50,141,464,413,51
2021,Kingston upon Hull 023D,E01012802,676,177,41,136,499,442,57
2021,Kingston upon Hull 023E,E01012803,707,208,68,140,499,442,57
2021,Kingston upon Hull 016A,E01012804,943,225,67,158,718,625,93
2021,Kingston upon Hull 026A,E01012805,567,190,36,154,377,328,49
2021,Kingston upon Hull 016B,E01012806,643,182,35,147,461,413,48
2021,Kingston upon Hull 016C,E01012807,621,169,46,123,452,402,50
2021,Kingston upon Hull 026B,E01012808,608,172,48,124,436,390,46
2021,Kingston upon Hull 026C,E01012809,799,238,50,188,561,474,87
2021,Kingston upon Hull 026D,E01012810,971,233,66,167,738,633,105
2021,Kingston upon Hull 026E,E01012811,963,192,66,126,771,653,118
2021,Kingston upon Hull 013A,E01012812,668,209,68,141,459,394,65
2021,Kingston upon Hull 013B,E01012813,809,260,60,200,549,485,64
2021,Kingston upon Hull 013C,E01012814,762,237,55,182,525,459,66
2021,Kingston upon Hull 013D,E01012815,823,233,56,177,590,532,58
2021,Kingston upon Hull 020A,E01012816,679,202,61,141,477,420,57
2021,Kingston upon Hull 016D,E01012817,771,246,53,193,525,454,71
2021,Kingston upon Hull 013E,E01012818,609,173,38,135,436,391,45
2021,Kingston upon Hull 016E,E01012819,701,203,61,142,498,439,59
2021,Kingston upon Hull 022A,E01012820,689,194,51,143,495,441,54
2021,Kingston upon Hull 011A,E01012821,776,233,52,181,543,478,65
2021,Kingston upon Hull 007A,E01012822,750,226,58,168,524,459,65
2021,Kingston upon Hull 010A,E01012824,978,292,67,225,686,585,101
2021,Kingston upon Hull 010B,E01012825,674,201,56,145,473,405,68
2021,Kingston upon Hull 011D,E01012827,674,185,45,140,489,439,50
2021,Kingston upon Hull 011E,E01012828,699,195,53,142,504,437,67
2021,Kingston upon Hull 006A,E01012829,922,268,74,194,654,585,69
2021,Kingston upon Hull 006B,E01012830,636,188,53,135,448,387,61
2021,Kingston upon Hull 034E,E01012832,989,241,68,173,748,644,104
2021,Kingston upon Hull 009A,E01012833,585,203,46,157,382,335,47
2021,Kingston upon Hull 010C,E01012834,579,209,56,153,370,328,42
2021,Kingston upon Hull 009B,E01012835,473,138,30,108,335,299,36
2021,Kingston upon Hull 009C,E01012836,569,181,36,145,388,335,53
2021,Kingston upon Hull 010D,E01012837,608,202,54,148,406,375,31
2021,Kingston upon Hull 010E,E01012838,596,220,48,172,376,326,50
2021,Kingston upon Hull 009D,E01012839,561,190,37,153,371,316,55
2021,Kingston upon Hull 009E,E01012840,579,189,41,148,390,347,43
2021,Kingston upon Hull 017A,E01012841,529,207,60,147,322,280,42
2021,Kingston upon Hull 021A,E01012842,532,163,44,119,369,320,49
2021,Kingston upon Hull 021B,E01012843,534,165,45,120,369,333,36
2021,Kingston upon Hull 017B,E01012844,424,151,43,108,273,253,20
2021,Kingston upon Hull 021C,E01012845,570,182,55,127,388,343,45
2021,Kingston upon Hull 021D,E01012846,527,164,43,121,363,330,33
2021,Kingston upon Hull 021E,E01012847,434,149,30,119,285,250,35
2021,Kingston upon Hull 020B,E01012848,701,217,60,157,484,412,72
2021,Kingston upon Hull 017C,E01012849,634,210,41,169,424,372,52
2021,Kingston upon Hull 024A,E01012850,713,181,53,128,532,484,48
2021,Kingston upon Hull 024B,E01012852,662,221,68,153,441,385,56
2021,Kingston upon Hull 029C,E01012854,861,250,85,165,611,534,77
2021,Kingston upon Hull 029D,E01012855,698,228,61,167,470,407,63
2021,Kingston upon Hull 024C,E01012856,557,181,55,126,376,336,40
2021,Kingston upon Hull 024D,E01012857,649,182,54,128,467,408,59
2021,Kingston upon Hull 031A,E01012858,862,233,62,171,629,565,64
2021,Kingston upon Hull 030A,E01012859,687,210,48,162,477,423,54
2021,Kingston upon Hull 031B,E01012860,1298,310,73,237,988,858,130
2021,Kingston upon Hull 025E,E01012862,502,149,39,110,353,315,38
2021,Kingston upon Hull 027C,E01012863,1250,327,101,226,923,825,98
2021,Kingston upon Hull 027D,E01012864,849,225,68,157,624,539,85
2021,Kingston upon Hull 027E,E01012865,676,183,50,133,493,411,82
2021,Kingston upon Hull 018D,E01012866,885,192,54,138,693,626,67
2021,Kingston upon Hull 024E,E01012867,750,150,28,122,600,536,64
2021,Kingston upon Hull 015B,E01012868,760,236,94,142,524,450,74
2021,Kingston upon Hull 015C,E01012869,798,256,118,138,542,493,49
2021,Kingston upon Hull 018E,E01012870,815,259,111,148,556,509,47
2021,Kingston upon Hull 015D,E01012871,850,184,56,128,666,586,80
2021,Kingston upon Hull 015E,E01012872,754,173,71,102,581,518,63
2021,Kingston upon Hull 008A,E01012873,579,231,60,171,348,307,41
2021,Kingston upon Hull 008B,E01012874,530,191,36,155,339,306,33
2021,Kingston upon Hull 003A,E01012875,531,148,32,116,383,346,37
2021,Kingston upon Hull 003B,E01012876,572,189,60,129,383,344,39
2021,Kingston upon Hull 003C,E01012877,455,156,27,129,299,260,39
2021,Kingston upon Hull 003D,E01012878,640,219,42,177,421,378,43
2021,Kingston upon Hull 003E,E01012879,423,154,27,127,269,235,34
2021,Kingston upon Hull 008C,E01012880,634,213,61,152,421,360,61
2021,Kingston upon Hull 008D,E01012881,579,177,50,127,402,356,46
2021,Kingston upon Hull 033A,E01012882,793,239,64,175,554,485,69
2021,Kingston upon Hull 033B,E01012883,554,156,39,117,398,340,58
2021,Kingston upon Hull 033C,E01012884,772,244,50,194,528,470,58
2021,Kingston upon Hull 031D,E01012886,657,207,63,144,450,387,63
2021,Kingston upon Hull 033D,E01012887,562,173,36,137,389,346,43
2021,Kingston upon Hull 031E,E01012888,654,179,39,140,475,430,45
2021,Kingston upon Hull 030B,E01012889,629,203,54,149,426,361,65
2021,Kingston upon Hull 030C,E01012891,993,266,87,179,727,671,56
2021,Kingston upon Hull 030D,E01012892,916,234,47,187,682,619,63
2021,Kingston upon Hull 030E,E01012893,606,204,52,152,402,360,42
2021,Kingston upon Hull 020C,E01012894,963,283,82,201,680,604,76
2021,Kingston upon Hull 020D,E01012896,1014,299,84,215,715,620,95
2021,Kingston upon Hull 017F,E01012898,547,184,43,141,363,314,49
2021,Kingston upon Hull 022B,E01012899,703,191,44,147,512,447,65
2021,Kingston upon Hull 022C,E01012900,640,164,49,115,476,430,46
2021,Kingston upon Hull 020E,E01012901,722,228,48,180,494,432,62
2021,Kingston upon Hull 022D,E01012902,806,258,51,207,548,501,47
2021,Kingston upon Hull 022E,E01012903,742,196,40,156,546,466,80
2021,Kingston upon Hull 007B,E01012904,575,168,49,119,407,341,66
2021,Kingston upon Hull 006C,E01012905,515,158,37,121,357,310,47
2021,Kingston upon Hull 004E,E01012906,623,187,46,141,436,398,38
2021,Kingston upon Hull 007C,E01012907,617,175,49,126,442,387,55
2021,Kingston upon Hull 004F,E01012908,407,110,21,89,297,256,41
2021,Kingston upon Hull 007D,E01012909,660,170,41,129,490,430,60
2021,Kingston upon Hull 006D,E01012910,620,175,53,122,445,392,53
2021,Kingston upon Hull 007E,E01012911,560,153,29,124,407,355,52
2021,Kingston upon Hull 006E,E01012912,765,224,61,163,541,488,53
2021,Kingston upon Hull 014E,E01012913,941,297,79,218,644,554,90
2021,Kingston upon Hull 012C,E01012914,733,427,299,128,306,277,29
2021,Kingston upon Hull 008E,E01012915,579,191,65,126,388,344,44
2021,Kingston upon Hull 012D,E01012916,728,258,94,164,470,396,74
2021,Kingston upon Hull 008F,E01012917,645,219,55,164,426,371,55
2021,Kingston upon Hull 008G,E01012918,674,222,57,165,452,411,41
2021,East Riding of Yorkshire 020A,E01012919,634,247,124,123,387,296,91
2021,East Riding of Yorkshire 020B,E01012921,541,153,45,108,388,327,61
2021,East Riding of Yorkshire 013A,E01012922,725,223,95,128,502,376,126
2021,East Riding of Yorkshire 013B,E01012923,1109,249,98,151,860,596,264
2021,East Riding of Yorkshire 014A,E01012924,803,270,81,189,533,436,97
2021,East Riding of Yorkshire 013C,E01012925,639,193,62,131,446,351,95
2021,East Riding of Yorkshire 014B,E01012926,1045,317,96,221,728,594,134
2021,East Riding of Yorkshire 013D,E01012927,680,214,76,138,466,392,74
2021,East Riding of Yorkshire 003A,E01012928,519,200,55,145,319,272,47
2021,East Riding of Yorkshire 002A,E01012929,841,293,67,226,548,461,87
2021,East Riding of Yorkshire 002B,E01012930,551,207,72,135,344,303,41
2021,East Riding of Yorkshire 003B,E01012931,453,162,46,116,291,240,51
2021,East Riding of Yorkshire 003C,E01012932,561,177,60,117,384,321,63
2021,East Riding of Yorkshire 001A,E01012933,359,142,61,81,217,173,44
2021,East Riding of Yorkshire 001B,E01012934,729,244,68,176,485,408,77
2021,East Riding of Yorkshire 002C,E01012935,452,167,62,105,285,236,49
2021,East Riding of Yorkshire 004A,E01012936,340,135,49,86,205,168,37
2021,East Riding of Yorkshire 002D,E01012937,725,270,95,175,455,358,97
2021,East Riding of Yorkshire 001D,E01012939,651,219,70,149,432,349,83
2021,East Riding of Yorkshire 001E,E01012940,552,188,58,130,364,301,63
2021,East Riding of Yorkshire 001F,E01012941,408,145,45,100,263,225,38
2021,East Riding of Yorkshire 002E,E01012942,368,156,53,103,212,171,41
2021,East Riding of Yorkshire 004B,E01012943,713,257,70,187,456,398,58
2021,East Riding of Yorkshire 005A,E01012944,527,191,58,133,336,278,58
2021,East Riding of Yorkshire 004C,E01012945,618,235,87,148,383,323,60
2021,East Riding of Yorkshire 003D,E01012946,467,174,52,122,293,240,53
2021,East Riding of Yorkshire 005B,E01012947,602,222,69,153,380,315,65
2021,East Riding of Yorkshire 005C,E01012948,500,211,78,133,289,229,60
2021,East Riding of Yorkshire 003E,E01012949,434,150,36,114,284,240,44
2021,East Riding of Yorkshire 006A,E01012950,516,178,63,115,338,268,70
2021,East Riding of Yorkshire 005D,E01012951,401,151,59,92,250,199,51
2021,East Riding of Yorkshire 004D,E01012952,577,226,74,152,351,272,79
2021,East Riding of Yorkshire 023A,E01012953,655,218,72,146,437,360,77
2021,East Riding of Yorkshire 022A,E01012954,644,183,43,140,461,387,74
2021,East Riding of Yorkshire 023B,E01012955,784,237,76,161,547,468,79
2021,East Riding of Yorkshire 022B,E01012956,544,168,53,115,376,333,43
2021,East Riding of Yorkshire 025A,E01012957,616,200,72,128,416,355,61
2021,East Riding of Yorkshire 022C,E01012958,406,130,54,76,276,237,39
2021,East Riding of Yorkshire 023C,E01012959,716,214,64,150,502,425,77
2021,East Riding of Yorkshire 025B,E01012960,661,203,71,132,458,374,84
2021,East Riding of Yorkshire 022D,E01012961,928,248,60,188,680,570,110
2021,East Riding of Yorkshire 023D,E01012962,557,172,57,115,385,332,53
2021,East Riding of Yorkshire 025C,E01012963,527,180,53,127,347,284,63
2021,East Riding of Yorkshire 023E,E01012964,772,239,57,182,533,469,64
2021,East Riding of Yorkshire 022E,E01012966,549,181,66,115,368,292,76
2021,East Riding of Yorkshire 024C,E01012967,745,201,66,135,544,446,98
2021,East Riding of Yorkshire 024D,E01012968,772,252,97,155,520,417,103
2021,East Riding of Yorkshire 024E,E01012969,553,173,64,109,380,296,84
2021,East Riding of Yorkshire 032A,E01012970,887,265,93,172,622,510,112
2021,East Riding of Yorkshire 032C,E01012972,742,215,82,133,527,441,86
2021,East Riding of Yorkshire 032E,E01012974,728,201,54,147,527,451,76
2021,East Riding of Yorkshire 044A,E01012975,724,229,83,146,495,422,73
2021,East Riding of Yorkshire 045A,E01012976,529,185,50,135,344,280,64
2021,East Riding of Yorkshire 008A,E01012978,732,235,71,164,497,410,87
2021,East Riding of Yorkshire 045B,E01012979,837,256,86,170,581,487,94
2021,East Riding of Yorkshire 045C,E01012980,698,202,60,142,496,418,78
2021,East Riding of Yorkshire 008B,E01012981,639,211,89,122,428,317,111
2021,East Riding of Yorkshire 045D,E01012982,722,229,78,151,493,398,95
2021,East Riding of Yorkshire 008C,E01012983,838,250,63,187,588,479,109
2021,East Riding of Yorkshire 044C,E01012984,868,268,85,183,600,467,133
2021,East Riding of Yorkshire 044D,E01012985,777,249,89,160,528,412,116
2021,East Riding of Yorkshire 010A,E01012986,579,194,65,129,385,293,92
2021,East Riding of Yorkshire 010B,E01012987,809,228,89,139,581,429,152
2021,East Riding of Yorkshire 010C,E01012988,794,233,80,153,561,414,147
2021,East Riding of Yorkshire 008D,E01012989,779,253,91,162,526,425,101
2021,East Riding of Yorkshire 006B,E01012990,689,230,78,152,459,333,126
2021,East Riding of Yorkshire 006C,E01012991,739,243,76,167,496,373,123
2021,East Riding of Yorkshire 006D,E01012992,616,212,87,125,404,284,120
2021,East Riding of Yorkshire 040A,E01012993,605,192,53,139,413,343,70
2021,East Riding of Yorkshire 041A,E01012994,849,273,73,200,576,509,67
2021,East Riding of Yorkshire 041B,E01012995,877,268,64,204,609,523,86
2021,East Riding of Yorkshire 037A,E01012996,848,243,71,172,605,486,119
2021,East Riding of Yorkshire 040B,E01012997,1042,229,59,170,813,703,110
2021,East Riding of Yorkshire 037B,E01012998,1186,355,102,253,831,701,130
2021,East Riding of Yorkshire 040C,E01012999,897,172,53,119,725,632,93
2021,East Riding of Yorkshire 041C,E01013000,1048,248,65,183,800,664,136
2021,East Riding of Yorkshire 040D,E01013001,831,269,95,174,562,494,68
2021,East Riding of Yorkshire 041D,E01013002,795,231,65,166,564,460,104
2021,East Riding of Yorkshire 038A,E01013003,579,173,46,127,406,337,69
2021,East Riding of Yorkshire 041E,E01013004,878,267,92,175,611,518,93
2021,East Riding of Yorkshire 036A,E01013005,932,246,88,158,686,539,147
2021,East Riding of Yorkshire 043A,E01013006,818,235,72,163,583,489,94
2021,East Riding of Yorkshire 036B,E01013007,712,224,73,151,488,408,80
2021,East Riding of Yorkshire 034A,E01013008,761,219,69,150,542,473,69
2021,East Riding of Yorkshire 034B,E01013009,726,225,82,143,501,420,81
2021,East Riding of Yorkshire 043B,E01013010,723,187,44,143,536,477,59
2021,East Riding of Yorkshire 036C,E01013011,775,228,76,152,547,473,74
2021,East Riding of Yorkshire 036D,E01013012,933,245,82,163,688,551,137
2021,East Riding of Yorkshire 034C,E01013013,800,224,63,161,576,494,82
2021,East Riding of Yorkshire 034D,E01013014,728,230,75,155,498,424,74
2021,East Riding of Yorkshire 037C,E01013015,924,240,87,153,684,564,120
2021,East Riding of Yorkshire 037D,E01013016,887,248,98,150,639,506,133
2021,East Riding of Yorkshire 038B,E01013017,936,261,70,191,675,557,118
2021,East Riding of Yorkshire 026A,E01013018,918,239,67,172,679,561,118
2021,East Riding of Yorkshire 026B,E01013019,658,196,77,119,462,342,120
2021,East Riding of Yorkshire 038C,E01013020,992,294,106,188,698,532,166
2021,East Riding of Yorkshire 026C,E01013021,669,167,56,111,502,412,90
2021,East Riding of Yorkshire 018A,E01013022,1007,321,137,184,686,505,181
2021,East Riding of Yorkshire 018B,E01013023,897,270,103,167,627,432,195
2021,East Riding of Yorkshire 018C,E01013024,879,230,81,149,649,524,125
2021,East Riding of Yorkshire 026D,E01013025,645,176,50,126,469,346,123
2021,East Riding of Yorkshire 026E,E01013026,845,256,89,167,589,476,113
2021,East Riding of Yorkshire 014C,E01013027,752,216,66,150,536,440,96
2021,East Riding of Yorkshire 031A,E01013028,788,232,72,160,556,428,128
2021,East Riding of Yorkshire 021A,E01013029,582,198,73,125,384,284,100
2021,East Riding of Yorkshire 021B,E01013030,602,181,64,117,421,341,80
2021,East Riding of Yorkshire 021C,E01013031,596,197,54,143,399,327,72
2021,East Riding of Yorkshire 021D,E01013032,702,227,72,155,475,412,63
2021,East Riding of Yorkshire 033A,E01013033,753,223,56,167,530,431,99
2021,East Riding of Yorkshire 014D,E01013034,869,274,97,177,595,454,141
2021,East Riding of Yorkshire 021E,E01013035,683,192,59,133,491,401,90
2021,East Riding of Yorkshire 019A,E01013036,693,229,79,150,464,388,76
2021,East Riding of Yorkshire 019B,E01013037,778,195,69,126,583,485,98
2021,East Riding of Yorkshire 017A,E01013038,609,257,68,189,352,286,66
2021,East Riding of Yorkshire 020C,E01013039,976,282,99,183,694,555,139
2021,East Riding of Yorkshire 019C,E01013040,1221,336,105,231,885,743,142
2021,East Riding of Yorkshire 019D,E01013041,653,217,71,146,436,369,67
2021,East Riding of Yorkshire 020D,E01013042,742,245,92,153,497,431,66
2021,East Riding of Yorkshire 020E,E01013043,626,200,69,131,426,364,62
2021,East Riding of Yorkshire 020F,E01013044,959,294,102,192,665,559,106
2021,East Riding of Yorkshire 017B,E01013045,654,217,57,160,437,378,59
2021,East Riding of Yorkshire 012A,E01013046,520,191,68,123,329,260,69
2021,East Riding of Yorkshire 012B,E01013047,536,206,67,139,330,263,67
2021,East Riding of Yorkshire 010D,E01013048,1020,327,122,205,693,518,175
2021,East Riding of Yorkshire 012C,E01013049,611,231,80,151,380,318,62
2021,East Riding of Yorkshire 012D,E01013050,649,238,79,159,411,332,79
2021,East Riding of Yorkshire 012E,E01013051,673,251,68,183,422,351,71
2021,East Riding of Yorkshire 011B,E01013053,715,226,82,144,489,392,97
2021,East Riding of Yorkshire 011C,E01013054,1007,290,89,201,717,590,127
2021,East Riding of Yorkshire 011D,E01013055,888,240,90,150,648,554,94
2021,East Riding of Yorkshire 011E,E01013056,824,226,86,140,598,489,109
2021,East Riding of Yorkshire 009A,E01013057,834,244,84,160,590,460,130
2021,East Riding of Yorkshire 011F,E01013058,628,188,68,120,440,345,95
2021,East Riding of Yorkshire 009B,E01013059,766,241,80,161,525,424,101
2021,East Riding of Yorkshire 009C,E01013060,1155,356,118,238,799,663,136
2021,East Riding of Yorkshire 009D,E01013061,731,236,82,154,495,417,78
2021,East Riding of Yorkshire 019E,E01013062,728,237,91,146,491,403,88
2021,East Riding of Yorkshire 019F,E01013063,598,209,78,131,389,314,75
2021,East Riding of Yorkshire 016A,E01013064,713,235,82,153,478,391,87
2021,East Riding of Yorkshire 016B,E01013065,761,241,83,158,520,462,58
2021,East Riding of Yorkshire 016C,E01013066,702,240,87,153,462,381,81
2021,East Riding of Yorkshire 016D,E01013067,801,227,87,140,574,489,85
2021,East Riding of Yorkshire 016E,E01013068,1002,314,117,197,688,546,142
2021,East Riding of Yorkshire 017C,E01013069,783,251,77,174,532,455,77
2021,East Riding of Yorkshire 016F,E01013070,621,190,77,113,431,325,106
2021,East Riding of Yorkshire 017D,E01013071,618,193,64,129,425,369,56
2021,East Riding of Yorkshire 042A,E01013072,803,212,58,154,591,485,106
2021,East Riding of Yorkshire 042B,E01013073,885,220,73,147,665,538,127
2021,East Riding of Yorkshire 040E,E01013074,771,215,72,143,556,417,139
2021,East Riding of Yorkshire 042C,E01013075,672,195,66,129,477,364,113
2021,East Riding of Yorkshire 038D,E01013076,743,210,71,139,533,405,128
2021,East Riding of Yorkshire 042D,E01013077,959,258,91,167,701,567,134
2021,East Riding of Yorkshire 031B,E01013078,643,212,73,139,431,329,102
2021,East Riding of Yorkshire 039A,E01013079,605,195,68,127,410,327,83
2021,East Riding of Yorkshire 039B,E01013080,475,216,56,160,259,210,49
2021,East Riding of Yorkshire 031C,E01013081,717,221,75,146,496,387,109
2021,East Riding of Yorkshire 031D,E01013082,625,206,64,142,419,343,76
2021,East Riding of Yorkshire 039C,E01013083,476,191,62,129,285,236,49
2021,East Riding of Yorkshire 039D,E01013084,335,114,26,88,221,191,30
2021,East Riding of Yorkshire 031E,E01013085,785,186,44,142,599,482,117
2021,East Riding of Yorkshire 039E,E01013086,581,189,59,130,392,324,68
2021,East Riding of Yorkshire 039F,E01013087,570,198,85,113,372,280,92
2021,East Riding of Yorkshire 035A,E01013088,835,261,99,162,574,414,160
2021,East Riding of Yorkshire 035B,E01013089,776,236,94,142,540,436,104
2021,East Riding of Yorkshire 035C,E01013090,723,216,72,144,507,411,96
2021,East Riding of Yorkshire 035D,E01013091,683,215,79,136,468,395,73
2021,East Riding of Yorkshire 032F,E01013092,1386,351,126,225,1035,823,212
2021,East Riding of Yorkshire 035E,E01013093,701,242,89,153,459,355,104
2021,East Riding of Yorkshire 029A,E01013094,550,155,55,100,395,327,68
2021,East Riding of Yorkshire 029B,E01013095,609,190,70,120,419,358,61
2021,East Riding of Yorkshire 029C,E01013096,874,263,88,175,611,518,93
2021,East Riding of Yorkshire 029D,E01013097,585,166,47,119,419,361,58
2021,East Riding of Yorkshire 033B,E01013098,1047,299,85,214,748,604,144
2021,East Riding of Yorkshire 033C,E01013099,579,210,53,157,369,310,59
2021,East Riding of Yorkshire 033D,E01013100,780,221,68,153,559,442,117
2021,East Riding of Yorkshire 033E,E01013101,748,212,60,152,536,428,108
2021,East Riding of Yorkshire 029E,E01013102,629,185,50,135,444,360,84
2021,East Riding of Yorkshire 043C,E01013103,628,215,59,156,413,365,48
2021,East Riding of Yorkshire 043D,E01013104,525,160,46,114,365,322,43
2021,East Riding of Yorkshire 027A,E01013105,653,206,64,142,447,375,72
2021,East Riding of Yorkshire 043E,E01013106,572,186,49,137,386,341,45
2021,East Riding of Yorkshire 034E,E01013107,1041,304,81,223,737,630,107
2021,East Riding of Yorkshire 028A,E01013108,744,220,70,150,524,426,98
2021,East Riding of Yorkshire 027B,E01013110,736,217,69,148,519,422,97
2021,East Riding of Yorkshire 027C,E01013111,683,212,69,143,471,404,67
2021,East Riding of Yorkshire 025D,E01013112,550,186,62,124,364,307,57
2021,East Riding of Yorkshire 028B,E01013113,625,202,58,144,423,341,82
2021,East Riding of Yorkshire 028C,E01013114,654,227,89,138,427,343,84
2021,East Riding of Yorkshire 027D,E01013115,732,227,66,161,505,446,59
2021,East Riding of Yorkshire 028D,E01013116,875,293,105,188,582,475,107
2021,East Riding of Yorkshire 027E,E01013117,681,207,73,134,474,380,94
2021,East Riding of Yorkshire 028E,E01013118,662,203,87,116,459,377,82
2021,East Riding of Yorkshire 011G,E01013119,773,234,98,136,539,370,169
2021,East Riding of Yorkshire 015A,E01013120,952,287,102,185,665,501,164
2021,East Riding of Yorkshire 015B,E01013121,1186,311,111,200,875,685,190
2021,East Riding of Yorkshire 018D,E01013122,754,249,87,162,505,346,159
2021,East Riding of Yorkshire 015C,E01013123,1053,319,95,224,734,610,124
2021,East Riding of Yorkshire 015D,E01013124,1000,302,87,215,698,561,137
2021,East Riding of Yorkshire 008E,E01013125,828,264,103,161,564,427,137
2021,East Riding of Yorkshire 009E,E01013126,1178,410,152,258,768,620,148
2021,East Riding of Yorkshire 018E,E01013127,761,222,85,137,539,397,142
2021,North East Lincolnshire 024E,E01013128,576,184,58,126,392,324,68
2021,North East Lincolnshire 024D,E01013129,593,187,60,127,406,326,80
2021,North East Lincolnshire 018A,E01013130,545,176,56,120,369,310,59
2021,North East Lincolnshire 014A,E01013131,614,187,44,143,427,356,71
2021,North East Lincolnshire 014B,E01013132,671,209,64,145,462,401,61
2021,North East Lincolnshire 014C,E01013133,711,253,77,176,458,383,75
2021,North East Lincolnshire 014D,E01013134,574,189,54,135,385,333,52
2021,North East Lincolnshire 018B,E01013135,511,172,49,123,339,289,50
2021,North East Lincolnshire 002A,E01013136,313,93,22,71,220,185,35
2021,North East Lincolnshire 006A,E01013138,440,150,46,104,290,248,42
2021,North East Lincolnshire 006B,E01013140,530,159,64,95,371,306,65
2021,North East Lincolnshire 006C,E01013141,664,253,74,179,411,347,64
2021,North East Lincolnshire 002D,E01013142,622,173,50,123,449,382,67
2021,North East Lincolnshire 006D,E01013143,644,239,66,173,405,345,60
2021,North East Lincolnshire 004A,E01013144,456,165,48,117,291,241,50
2021,North East Lincolnshire 004B,E01013145,558,179,62,117,379,312,67
2021,North East Lincolnshire 004C,E01013146,825,268,84,184,557,443,114
2021,North East Lincolnshire 009A,E01013147,558,196,51,145,362,289,73
2021,North East Lincolnshire 004D,E01013148,640,196,64,132,444,368,76
2021,North East Lincolnshire 013A,E01013149,532,165,51,114,367,291,76
2021,North East Lincolnshire 013B,E01013150,585,183,54,129,402,336,66
2021,North East Lincolnshire 024G,E01013151,544,185,59,126,359,302,57
2021,North East Lincolnshire 024F,E01013152,655,221,63,158,434,346,88
2021,North East Lincolnshire 020A,E01013153,454,150,47,103,304,248,56
2021,North East Lincolnshire 018C,E01013154,520,174,59,115,346,303,43
2021,North East Lincolnshire 024H,E01013155,532,168,54,114,364,286,78
2021,North East Lincolnshire 018D,E01013156,393,135,40,95,258,202,56
2021,North East Lincolnshire 020B,E01013157,882,266,109,157,616,496,120
2021,North East Lincolnshire 012A,E01013158,618,202,59,143,416,355,61
2021,North East Lincolnshire 011A,E01013159,615,199,65,134,416,337,79
2021,North East Lincolnshire 012B,E01013160,738,239,62,177,499,420,79
2021,North East Lincolnshire 011B,E01013161,559,187,56,131,372,314,58
2021,North East Lincolnshire 011C,E01013162,662,202,54,148,460,403,57
2021,North East Lincolnshire 012C,E01013163,574,177,58,119,397,325,72
2021,North East Lincolnshire 012D,E01013164,837,281,87,194,556,477,79
2021,North East Lincolnshire 011D,E01013165,534,180,59,121,354,302,52
2021,North East Lincolnshire 020D,E01013167,765,238,80,158,527,429,98
2021,North East Lincolnshire 022B,E01013170,692,237,93,144,455,368,87
2021,North East Lincolnshire 022C,E01013171,987,277,85,192,710,586,124
2021,North East Lincolnshire 022D,E01013172,649,199,70,129,450,372,78
2021,North East Lincolnshire 007A,E01013173,588,166,52,114,422,342,80
2021,North East Lincolnshire 001A,E01013174,577,194,64,130,383,298,85
2021,North East Lincolnshire 001B,E01013175,941,225,60,165,716,575,141
2021,North East Lincolnshire 001C,E01013176,626,168,60,108,458,362,96
2021,North East Lincolnshire 001D,E01013177,495,169,43,126,326,270,56
2021,North East Lincolnshire 001E,E01013178,572,153,34,119,419,344,75
2021,North East Lincolnshire 001F,E01013179,691,200,66,134,491,401,90
2021,North East Lincolnshire 001G,E01013180,636,174,53,121,462,370,92
2021,North East Lincolnshire 016A,E01013181,619,188,53,135,431,379,52
2021,North East Lincolnshire 016B,E01013182,597,183,56,127,414,324,90
2021,North East Lincolnshire 016C,E01013183,734,261,78,183,473,398,75
2021,North East Lincolnshire 016D,E01013184,677,192,58,134,485,389,96
2021,North East Lincolnshire 016E,E01013185,736,198,63,135,538,461,77
2021,North East Lincolnshire 016F,E01013186,823,265,87,178,558,455,103
2021,North East Lincolnshire 008A,E01013187,542,168,67,101,374,308,66
2021,North East Lincolnshire 008B,E01013188,799,240,70,170,559,479,80
2021,North East Lincolnshire 021A,E01013189,701,231,68,163,470,377,93
2021,North East Lincolnshire 021C,E01013191,670,201,66,135,469,387,82
2021,North East Lincolnshire 021D,E01013192,629,224,51,173,405,329,76
2021,North East Lincolnshire 022E,E01013193,676,195,67,128,481,387,94
2021,North East Lincolnshire 021E,E01013194,634,192,51,141,442,368,74
2021,North East Lincolnshire 005A,E01013195,611,201,45,156,410,351,59
2021,North East Lincolnshire 005B,E01013196,512,164,43,121,348,287,61
2021,North East Lincolnshire 012E,E01013197,608,214,54,160,394,318,76
2021,North East Lincolnshire 024A,E01013198,651,216,56,160,435,374,61
2021,North East Lincolnshire 024B,E01013199,491,153,53,100,338,279,59
2021,North East Lincolnshire 024C,E01013200,625,206,70,136,419,357,62
2021,North East Lincolnshire 005C,E01013201,566,200,62,138,366,314,52
2021,North East Lincolnshire 005D,E01013202,648,226,82,144,422,346,76
2021,North East Lincolnshire 005E,E01013203,526,194,53,141,332,281,51
2021,North East Lincolnshire 019A,E01013204,573,212,58,154,361,314,47
2021,North East Lincolnshire 019B,E01013205,443,165,40,125,278,242,36
2021,North East Lincolnshire 015A,E01013206,535,175,49,126,360,313,47
2021,North East Lincolnshire 015B,E01013207,583,200,49,151,383,330,53
2021,North East Lincolnshire 019C,E01013208,390,148,39,109,242,198,44
2021,North East Lincolnshire 019D,E01013209,462,161,38,123,301,253,48
2021,North East Lincolnshire 019E,E01013210,495,177,44,133,318,277,41
2021,North East Lincolnshire 015C,E01013211,701,221,55,166,480,422,58
2021,North East Lincolnshire 015D,E01013212,422,134,25,109,288,248,40
2021,North East Lincolnshire 023A,E01013213,413,122,20,102,291,243,48
2021,North East Lincolnshire 023B,E01013214,631,202,72,130,429,334,95
2021,North East Lincolnshire 023C,E01013215,736,237,79,158,499,375,124
2021,North East Lincolnshire 023D,E01013216,617,209,60,149,408,336,72
2021,North East Lincolnshire 023E,E01013217,626,183,64,119,443,370,73
2021,North East Lincolnshire 003A,E01013218,580,151,47,104,429,362,67
2021,North East Lincolnshire 003B,E01013219,663,210,51,159,453,377,76
2021,North East Lincolnshire 003C,E01013220,680,216,66,150,464,379,85
2021,North East Lincolnshire 003D,E01013221,647,192,49,143,455,390,65
2021,North East Lincolnshire 003E,E01013222,672,215,69,146,457,381,76
2021,North East Lincolnshire 007C,E01013224,958,297,97,200,661,535,126
2021,North East Lincolnshire 023F,E01013225,515,169,63,106,346,271,75
2021,North East Lincolnshire 007D,E01013226,707,242,91,151,465,375,90
2021,North East Lincolnshire 013C,E01013227,670,221,76,145,449,376,73
2021,North East Lincolnshire 013D,E01013228,765,224,68,156,541,439,102
2021,North East Lincolnshire 013E,E01013229,639,221,54,167,418,357,61
2021,North East Lincolnshire 008C,E01013231,721,238,71,167,483,417,66
2021,North East Lincolnshire 008D,E01013233,680,210,60,150,470,389,81
2021,North East Lincolnshire 009D,E01013234,677,208,48,160,469,388,81
2021,North Lincolnshire 017A,E01013236,695,218,58,160,477,407,70
2021,North Lincolnshire 018B,E01013237,675,230,78,152,445,395,50
2021,North Lincolnshire 015A,E01013238,730,201,73,128,529,466,63
2021,North Lincolnshire 017B,E01013239,619,184,64,120,435,385,50
2021,North Lincolnshire 020A,E01013241,606,193,62,131,413,332,81
2021,North Lincolnshire 020B,E01013242,897,269,98,171,628,487,141
2021,North Lincolnshire 020C,E01013243,1078,307,126,181,771,609,162
2021,North Lincolnshire 020D,E01013244,819,249,92,157,570,469,101
2021,North Lincolnshire 006A,E01013245,614,185,58,127,429,349,80
2021,North Lincolnshire 006B,E01013246,703,206,73,133,497,392,105
2021,North Lincolnshire 006C,E01013247,854,242,88,154,612,486,126
2021,North Lincolnshire 006D,E01013248,794,233,81,152,561,439,122
2021,North Lincolnshire 006E,E01013249,821,237,75,162,584,479,105
2021,North Lincolnshire 023A,E01013250,721,236,83,153,485,372,113
2021,North Lincolnshire 023B,E01013251,824,242,92,150,582,443,139
2021,North Lincolnshire 023C,E01013252,763,204,61,143,559,443,116
2021,North Lincolnshire 023D,E01013253,874,257,95,162,617,468,149
2021,North Lincolnshire 001A,E01013254,713,205,64,141,508,437,71
2021,North Lincolnshire 001B,E01013255,1026,255,80,175,771,638,133
2021,North Lincolnshire 001C,E01013256,1306,358,123,235,948,790,158
2021,North Lincolnshire 001D,E01013257,873,250,69,181,623,499,124
2021,North Lincolnshire 001E,E01013258,753,218,61,157,535,443,92
2021,North Lincolnshire 001F,E01013259,825,242,87,155,583,497,86
2021,North Lincolnshire 019A,E01013260,648,188,62,126,460,394,66
2021,North Lincolnshire 018C,E01013261,572,202,66,136,370,319,51
2021,North Lincolnshire 018D,E01013262,509,171,62,109,338,282,56
2021,North Lincolnshire 018E,E01013263,599,177,45,132,422,361,61
2021,North Lincolnshire 019B,E01013264,952,263,80,183,689,585,104
2021,North Lincolnshire 019C,E01013265,695,229,68,161,466,394,72
2021,North Lincolnshire 019D,E01013266,846,261,70,191,585,481,104
2021,North Lincolnshire 011A,E01013267,555,171,67,104,384,291,93
2021,North Lincolnshire 011B,E01013268,593,189,67,122,404,309,95
2021,North Lincolnshire 011C,E01013269,788,282,109,173,506,399,107
2021,North Lincolnshire 004A,E01013270,908,273,100,173,635,498,137
2021,North Lincolnshire 011D,E01013271,908,281,93,188,627,539,88
2021,North Lincolnshire 011E,E01013272,672,208,59,149,464,387,77
2021,North Lincolnshire 011F,E01013273,692,200,63,137,492,417,75
2021,North Lincolnshire 013A,E01013274,960,247,74,173,713,562,151
2021,North Lincolnshire 013B,E01013275,721,207,73,134,514,452,62
2021,North Lincolnshire 013C,E01013276,692,220,67,153,472,404,68
2021,North Lincolnshire 013D,E01013277,649,195,48,147,454,376,78
2021,North Lincolnshire 016A,E01013278,551,184,56,128,367,329,38
2021,North Lincolnshire 012A,E01013279,501,149,42,107,352,301,51
2021,North Lincolnshire 016B,E01013280,649,194,58,136,455,386,69
2021,North Lincolnshire 016C,E01013281,561,168,55,113,393,332,61
2021,North Lincolnshire 017C,E01013282,712,209,63,146,503,428,75
2021,North Lincolnshire 016D,E01013283,565,188,55,133,377,323,54
2021,North Lincolnshire 017D,E01013284,591,178,47,131,413,348,65
2021,North Lincolnshire 012B,E01013285,500,150,44,106,350,302,48
2021,North Lincolnshire 005A,E01013286,827,228,56,172,599,521,78
2021,North Lincolnshire 005B,E01013287,646,212,74,138,434,352,82
2021,North Lincolnshire 003A,E01013288,687,199,55,144,488,403,85
2021,North Lincolnshire 005C,E01013289,776,224,62,162,552,460,92
2021,North Lincolnshire 005D,E01013290,786,239,76,163,547,445,102
2021,North Lincolnshire 003B,E01013291,594,193,66,127,401,343,58
2021,North Lincolnshire 003C,E01013292,754,209,60,149,545,465,80
2021,North Lincolnshire 005E,E01013293,619,190,59,131,429,355,74
2021,North Lincolnshire 003D,E01013294,692,216,72,144,476,385,91
2021,North Lincolnshire 009A,E01013295,566,172,46,126,394,352,42
2021,North Lincolnshire 008A,E01013296,912,177,68,109,735,670,65
2021,North Lincolnshire 007A,E01013297,1250,332,96,236,918,802,116
2021,North Lincolnshire 008B,E01013298,726,209,63,146,517,472,45
2021,North Lincolnshire 008C,E01013299,642,191,64,127,451,414,37
2021,North Lincolnshire 007B,E01013300,803,182,52,130,621,571,50
2021,North Lincolnshire 009B,E01013301,754,229,69,160,525,464,61
2021,North Lincolnshire 007C,E01013302,674,197,72,125,477,420,57
2021,North Lincolnshire 002A,E01013303,588,159,54,105,429,335,94
2021,North Lincolnshire 002B,E01013304,758,213,66,147,545,419,126
2021,North Lincolnshire 002C,E01013305,790,229,73,156,561,444,117
2021,North Lincolnshire 004B,E01013306,741,197,64,133,544,424,120
2021,North Lincolnshire 002D,E01013307,802,226,62,164,576,472,104
2021,North Lincolnshire 004C,E01013308,804,227,65,162,577,443,134
2021,North Lincolnshire 004D,E01013309,747,212,81,131,535,424,111
2021,North Lincolnshire 010A,E01013310,659,234,75,159,425,363,62
2021,North Lincolnshire 015C,E01013311,698,216,66,150,482,427,55
2021,North Lincolnshire 010B,E01013312,841,257,93,164,584,520,64
2021,North Lincolnshire 010C,E01013313,743,219,68,151,524,464,60
2021,North Lincolnshire 010D,E01013314,757,216,65,151,541,458,83
2021,North Lincolnshire 014A,E01013315,573,175,52,123,398,346,52
2021,North Lincolnshire 012C,E01013316,664,210,69,141,454,385,69
2021,North Lincolnshire 014B,E01013317,603,174,58,116,429,361,68
2021,North Lincolnshire 014C,E01013318,693,217,70,147,476,408,68
2021,North Lincolnshire 014D,E01013319,930,283,84,199,647,556,91
2021,North Lincolnshire 015D,E01013320,600,183,55,128,417,366,51
2021,North Lincolnshire 012D,E01013321,784,216,51,165,568,485,83
2021,North Lincolnshire 022A,E01013322,1013,302,100,202,711,586,125
2021,North Lincolnshire 022B,E01013323,736,234,71,163,502,397,105
2021,North Lincolnshire 021A,E01013324,712,223,70,153,489,368,121
2021,North Lincolnshire 022C,E01013325,629,166,67,99,463,353,110
2021,North Lincolnshire 021B,E01013326,670,204,81,123,466,397,69
2021,North Lincolnshire 021C,E01013327,544,171,52,119,373,314,59
2021,North Lincolnshire 021D,E01013328,595,164,54,110,431,369,62
2021,North Lincolnshire 022D,E01013329,875,253,75,178,622,501,121
2021,North Lincolnshire 008D,E01013330,926,182,66,116,744,675,69
2021,North Lincolnshire 007D,E01013331,757,183,52,131,574,511,63
2021,North Lincolnshire 008E,E01013332,873,241,71,170,632,571,61
2021,North Lincolnshire 009C,E01013333,792,249,82,167,543,476,67
2021,North Lincolnshire 009D,E01013334,843,234,78,156,609,516,93
2021,York 012A,E01013335,742,273,96,177,469,426,43
2021,York 012B,E01013336,760,269,78,191,491,427,64
2021,York 012C,E01013337,856,284,88,196,572,493,79
2021,York 012D,E01013338,1216,364,113,251,852,757,95
2021,York 012E,E01013339,779,269,95,174,510,448,62
2021,York 024A,E01013340,598,199,62,137,399,321,78
2021,York 024B,E01013341,561,204,65,139,357,309,48
2021,York 024C,E01013342,598,202,54,148,396,326,70
2021,York 009A,E01013343,943,337,138,199,606,528,78
2021,York 007A,E01013344,722,196,77,119,526,440,86
2021,York 009B,E01013345,995,304,124,180,691,604,87
2021,York 007B,E01013346,808,258,98,160,550,439,111
2021,York 009C,E01013347,735,281,103,178,454,386,68
2021,York 010A,E01013348,890,299,143,156,591,522,69
2021,York 009D,E01013349,666,272,82,190,394,353,41
2021,York 009E,E01013350,805,296,104,192,509,457,52
2021,York 020A,E01013351,819,299,122,177,520,420,100
2021,York 020B,E01013352,700,215,71,144,485,395,90
2021,York 022A,E01013353,814,252,71,181,562,500,62
2021,York 022B,E01013354,661,201,65,136,460,394,66
2021,York 022C,E01013355,826,229,88,141,597,512,85
2021,York 022D,E01013356,650,224,70,154,426,400,26
2021,York 021A,E01013357,1063,339,121,218,724,588,136
2021,York 021B,E01013358,767,236,88,148,531,452,79
2021,York 022E,E01013359,792,251,73,178,541,492,49
2021,York 019A,E01013360,871,294,109,185,577,511,66
2021,York 019B,E01013361,899,304,132,172,595,492,103
2021,York 019C,E01013362,1001,283,109,174,718,610,108
2021,York 019D,E01013363,954,402,215,187,552,481,71
2021,York 019E,E01013364,795,317,165,152,478,410,68
2021,York 013A,E01013366,857,296,130,166,561,457,104
2021,York 010B,E01013368,1205,477,236,241,728,620,108
2021,York 013C,E01013369,812,260,112,148,552,469,83
2021,York 002A,E01013370,636,206,63,143,430,378,52
2021,York 003A,E01013371,632,201,62,139,431,381,50
2021,York 003B,E01013372,597,211,80,131,386,333,53
2021,York 002B,E01013373,641,200,52,148,441,388,53
2021,York 003C,E01013374,720,282,99,183,438,363,75
2021,York 002C,E01013375,547,188,64,124,359,301,58
2021,York 002D,E01013376,583,196,67,129,387,334,53
2021,York 003D,E01013377,785,260,91,169,525,462,63
2021,York 023B,E01013378,890,656,513,143,234,191,43
2021,York 008A,E01013379,683,225,73,152,458,396,62
2021,York 008B,E01013380,795,321,150,171,474,406,68
2021,York 014A,E01013381,842,293,97,196,549,490,59
2021,York 010C,E01013382,790,256,85,171,534,470,64
2021,York 010D,E01013383,1353,542,252,290,811,708,103
2021,York 015A,E01013384,750,331,146,185,419,381,38
2021,York 008C,E01013385,673,217,68,149,456,388,68
2021,York 010E,E01013386,880,316,99,217,564,504,60
2021,York 008D,E01013387,682,252,80,172,430,361,69
2021,York 008E,E01013388,432,139,51,88,293,243,50
2021,York 008F,E01013389,577,216,74,142,361,305,56
2021,York 017A,E01013390,963,269,93,176,694,630,64
2021,York 017B,E01013391,1240,357,132,225,883,772,111
2021,York 012F,E01013392,868,291,88,203,577,509,68
2021,York 016A,E01013393,895,255,78,177,640,582,58
2021,York 016B,E01013394,648,237,85,152,411,370,41
2021,York 016C,E01013395,806,233,75,158,573,490,83
2021,York 016D,E01013396,710,229,83,146,481,420,61
2021,York 017C,E01013397,799,262,79,183,537,484,53
2021,York 015B,E01013398,681,283,135,148,398,345,53
2021,York 015C,E01013399,713,320,121,199,393,346,47
2021,York 015D,E01013400,826,327,171,156,499,452,47
2021,York 015E,E01013401,701,302,147,155,399,358,41
2021,York 014B,E01013402,627,255,120,135,372,319,53
2021,York 015F,E01013403,721,378,210,168,343,297,46
2021,York 004A,E01013404,700,252,72,180,448,393,55
2021,York 005A,E01013405,702,234,79,155,468,417,51
2021,York 005B,E01013406,1152,335,81,254,817,732,85
2021,York 004B,E01013407,537,184,70,114,353,286,67
2021,York 004C,E01013408,505,173,56,117,332,286,46
2021,York 005C,E01013409,861,280,81,199,581,506,75
2021,York 004D,E01013410,610,225,62,163,385,348,37
2021,York 005D,E01013411,632,200,58,142,432,377,55
2021,York 021C,E01013412,1344,386,124,262,958,820,138
2021,York 017D,E01013413,863,251,97,154,612,537,75
2021,York 021D,E01013414,930,274,99,175,656,568,88
2021,York 013E,E01013416,741,241,76,165,500,455,45
2021,York 017E,E01013417,942,280,102,178,662,525,137
2021,York 019F,E01013418,833,255,98,157,578,484,94
2021,York 014C,E01013419,1290,418,143,275,872,752,120
2021,York 014D,E01013420,971,362,144,218,609,544,65
2021,York 011A,E01013421,670,233,80,153,437,345,92
2021,York 011B,E01013422,852,268,100,168,584,487,97
2021,York 024D,E01013423,537,188,64,124,349,291,58
2021,York 024E,E01013424,633,224,76,148,409,353,56
2021,York 024F,E01013425,768,247,71,176,521,422,99
2021,York 011C,E01013426,662,220,97,123,442,347,95
2021,York 011D,E01013427,586,214,80,134,372,307,65
2021,York 006A,E01013428,995,290,79,211,705,626,79
2021,York 006B,E01013429,1165,340,98,242,825,735,90
2021,York 006C,E01013430,813,244,69,175,569,473,96
2021,York 006D,E01013431,1313,365,115,250,948,828,120
2021,York 007C,E01013432,1107,321,104,217,786,677,109
2021,York 007D,E01013433,651,211,53,158,440,397,43
2021,York 007E,E01013434,742,234,67,167,508,428,80
2021,York 006E,E01013435,716,251,75,176,465,408,57
2021,York 001A,E01013436,857,258,99,159,599,456,143
2021,York 008G,E01013437,600,182,61,121,418,341,77
2021,York 001B,E01013438,1017,346,115,231,671,566,105
2021,York 001C,E01013439,749,244,72,172,505,415,90
2021,York 001D,E01013440,905,260,71,189,645,539,106
2021,York 016E,E01013441,833,243,66,177,590,519,71
2021,York 018A,E01013442,699,241,70,171,458,395,63
2021,York 018B,E01013443,697,231,84,147,466,417,49
2021,York 018C,E01013444,710,264,80,184,446,401,45
2021,York 016F,E01013445,778,242,75,167,536,470,66
2021,York 018D,E01013446,857,263,84,179,594,532,62
2021,York 018E,E01013447,769,288,87,201,481,412,69
2021,York 018F,E01013448,681,233,70,163,448,405,43
2021,York 022F,E01013449,801,282,82,200,519,456,63
2021,York 023C,E01013450,616,224,92,132,392,302,90
2021,York 020C,E01013451,702,221,68,153,481,404,77
2021,York 020D,E01013452,781,273,89,184,508,415,93
2021,Derby 013A,E01013453,1225,360,129,231,865,784,81
2021,Derby 013B,E01013454,675,197,56,141,478,427,51
2021,Derby 017A,E01013455,951,273,90,183,678,604,74
2021,Derby 013C,E01013456,866,211,63,148,655,595,60
2021,Derby 013D,E01013457,975,289,80,209,686,630,56
2021,Derby 017B,E01013458,744,249,71,178,495,429,66
2021,Derby 020A,E01013459,831,319,92,227,512,469,43
2021,Derby 013E,E01013460,1009,302,124,178,707,631,76
2021,Derby 001A,E01013461,744,252,93,159,492,406,86
2021,Derby 001B,E01013462,746,216,78,138,530,451,79
2021,Derby 001C,E01013463,677,184,60,124,493,427,66
2021,Derby 001D,E01013464,584,172,49,123,412,356,56
2021,Derby 002A,E01013465,709,209,77,132,500,431,69
2021,Derby 002B,E01013466,676,181,56,125,495,424,71
2021,Derby 002C,E01013467,616,180,51,129,436,377,59
2021,Derby 002D,E01013468,679,222,87,135,457,397,60
2021,Derby 002E,E01013469,427,112,23,89,315,281,34
2021,Derby 024A,E01013470,607,159,38,121,448,399,49
2021,Derby 025A,E01013471,961,271,85,186,690,630,60
2021,Derby 026A,E01013472,987,281,82,199,706,624,82
2021,Derby 025B,E01013473,743,210,64,146,533,474,59
2021,Derby 024B,E01013474,672,176,38,138,496,445,51
2021,Derby 025C,E01013475,671,210,55,155,461,416,45
2021,Derby 024C,E01013476,760,201,65,136,559,497,62
2021,Derby 025D,E01013477,777,234,73,161,543,466,77
2021,Derby 016A,E01013480,919,250,89,161,669,620,49
2021,Derby 018A,E01013481,663,265,96,169,398,368,30
2021,Derby 016B,E01013483,786,298,80,218,488,430,58
2021,Derby 018C,E01013484,686,308,103,205,378,342,36
2021,Derby 016C,E01013485,770,311,105,206,459,427,32
2021,Derby 018D,E01013486,708,268,86,182,440,413,27
2021,Derby 018E,E01013487,996,365,134,231,631,587,44
2021,Derby 022A,E01013488,658,224,64,160,434,399,35
2021,Derby 022B,E01013489,686,212,77,135,474,422,52
2021,Derby 022C,E01013490,694,205,57,148,489,440,49
2021,Derby 022D,E01013491,717,239,77,162,478,431,47
2021,Derby 027A,E01013492,758,232,81,151,526,482,44
2021,Derby 027B,E01013493,681,195,57,138,486,430,56
2021,Derby 027C,E01013494,815,252,61,191,563,503,60
2021,Derby 027D,E01013495,842,271,69,202,571,503,68
2021,Derby 028A,E01013496,596,204,62,142,392,351,41
2021,Derby 026B,E01013497,770,227,42,185,543,502,41
2021,Derby 028B,E01013498,664,177,40,137,487,440,47
2021,Derby 028C,E01013499,630,184,51,133,446,401,45
2021,Derby 028D,E01013500,695,220,75,145,475,433,42
2021,Derby 028E,E01013501,662,209,60,149,453,398,55
2021,Derby 025E,E01013502,658,202,59,143,456,394,62
2021,Derby 025F,E01013503,771,218,55,163,553,507,46
2021,Derby 026C,E01013504,782,229,59,170,553,491,62
2021,Derby 006A,E01013505,775,193,52,141,582,519,63
2021,Derby 006B,E01013506,630,191,51,140,439,381,58
2021,Derby 012A,E01013507,770,217,61,156,553,496,57
2021,Derby 012B,E01013508,568,169,44,125,399,355,44
2021,Derby 012C,E01013509,801,246,76,170,555,494,61
2021,Derby 012D,E01013510,711,228,83,145,483,426,57
2021,Derby 012E,E01013511,725,216,69,147,509,447,62
2021,Derby 012F,E01013512,596,165,47,118,431,385,46
2021,Derby 006C,E01013513,611,198,50,148,413,358,55
2021,Derby 031A,E01013514,734,196,67,129,538,474,64
2021,Derby 031B,E01013515,997,298,100,198,699,609,90
2021,Derby 030B,E01013517,608,168,37,131,440,379,61
2021,Derby 030C,E01013518,733,192,54,138,541,463,78
2021,Derby 031C,E01013519,835,241,69,172,594,524,70
2021,Derby 031D,E01013520,967,258,83,175,709,624,85
2021,Derby 030D,E01013521,518,179,45,134,339,308,31
2021,Derby 008A,E01013522,823,321,122,199,502,463,39
2021,Derby 008B,E01013523,865,266,89,177,599,542,57
2021,Derby 008C,E01013524,831,409,221,188,422,380,42
2021,Derby 008D,E01013525,1106,268,91,177,838,748,90
2021,Derby 005A,E01013526,736,225,88,137,511,427,84
2021,Derby 005B,E01013527,723,216,72,144,507,424,83
2021,Derby 005C,E01013528,736,228,78,150,508,426,82
2021,Derby 005D,E01013529,1115,323,128,195,792,697,95
2021,Derby 004A,E01013530,952,282,85,197,670,588,82
2021,Derby 004B,E01013531,682,196,56,140,486,441,45
2021,Derby 004C,E01013532,709,216,44,172,493,443,50
2021,Derby 007A,E01013533,570,195,60,135,375,326,49
2021,Derby 006D,E01013534,786,202,48,154,584,518,66
2021,Derby 007B,E01013535,620,222,71,151,398,351,47
2021,Derby 007C,E01013536,584,180,54,126,404,362,42
2021,Derby 007D,E01013537,788,252,70,182,536,470,66
2021,Derby 007E,E01013538,700,176,53,123,524,465,59
2021,Derby 021A,E01013539,1208,310,93,217,898,751,147
2021,Derby 019A,E01013540,766,237,72,165,529,466,63
2021,Derby 021B,E01013541,809,246,68,178,563,503,60
2021,Derby 017C,E01013542,1118,283,88,195,835,729,106
2021,Derby 021C,E01013543,818,257,77,180,561,496,65
2021,Derby 021D,E01013544,914,272,83,189,642,539,103
2021,Derby 021E,E01013545,756,249,96,153,507,446,61
2021,Derby 017D,E01013546,767,253,97,156,514,456,58
2021,Derby 011A,E01013547,931,353,163,190,578,524,54
2021,Derby 009A,E01013548,724,249,82,167,475,419,56
2021,Derby 009B,E01013549,669,183,42,141,486,428,58
2021,Derby 011B,E01013550,557,172,52,120,385,337,48
2021,Derby 011C,E01013551,839,306,132,174,533,488,45
2021,Derby 009C,E01013552,701,209,50,159,492,442,50
2021,Derby 009D,E01013553,695,198,46,152,497,439,58
2021,Derby 011D,E01013554,849,241,80,161,608,559,49
2021,Derby 009E,E01013555,1358,370,118,252,988,882,106
2021,Derby 015A,E01013556,633,194,53,141,439,395,44
2021,Derby 015B,E01013557,590,186,64,122,404,353,51
2021,Derby 015C,E01013558,1193,313,87,226,880,793,87
2021,Derby 015D,E01013559,616,176,56,120,440,394,46
2021,Derby 019B,E01013560,598,185,56,129,413,360,53
2021,Derby 019C,E01013561,663,211,67,144,452,394,58
2021,Derby 019D,E01013562,541,136,34,102,405,358,47
2021,Derby 019E,E01013563,650,201,56,145,449,412,37
2021,Derby 015E,E01013564,1258,313,99,214,945,815,130
2021,Derby 016D,E01013565,662,277,85,192,385,342,43
2021,Derby 016E,E01013566,753,301,92,209,452,413,39
2021,Derby 020B,E01013567,828,286,85,201,542,504,38
2021,Derby 020C,E01013568,837,318,88,230,519,472,47
2021,Derby 020D,E01013569,698,242,79,163,456,412,44
2021,Derby 023A,E01013570,807,327,106,221,480,446,34
2021,Derby 023B,E01013571,817,226,75,151,591,539,52
2021,Derby 023C,E01013572,686,226,57,169,460,422,38
2021,Derby 023D,E01013573,791,265,77,188,526,469,57
2021,Derby 003A,E01013574,968,261,90,171,707,613,94
2021,Derby 003B,E01013575,796,223,65,158,573,494,79
2021,Derby 003C,E01013576,717,192,56,136,525,461,64
2021,Derby 003D,E01013577,819,244,85,159,575,486,89
2021,Derby 003E,E01013578,752,191,52,139,561,478,83
2021,Derby 003F,E01013579,709,201,61,140,508,453,55
2021,Derby 003G,E01013580,842,197,54,143,645,573,72
2021,Derby 004D,E01013581,731,214,52,162,517,454,63
2021,Derby 006E,E01013582,720,190,46,144,530,476,54
2021,Derby 026D,E01013583,717,235,76,159,482,432,50
2021,Derby 029A,E01013584,683,204,54,150,479,440,39
2021,Derby 029B,E01013585,928,266,66,200,662,580,82
2021,Derby 029C,E01013586,699,221,69,152,478,421,57
2021,Derby 029D,E01013587,752,229,63,166,523,463,60
2021,Derby 029E,E01013588,637,188,51,137,449,405,44
2021,Derby 029F,E01013589,790,193,58,135,597,533,64
2021,Derby 026E,E01013590,927,282,85,197,645,586,59
2021,Derby 026F,E01013591,929,264,77,187,665,594,71
2021,Derby 010A,E01013592,691,190,52,138,501,441,60
2021,Derby 014A,E01013593,647,181,47,134,466,415,51
2021,Derby 010B,E01013594,552,159,54,105,393,338,55
2021,Derby 014B,E01013595,1208,326,101,225,882,789,93
2021,Derby 010C,E01013596,642,198,60,138,444,376,68
2021,Derby 014C,E01013597,627,190,60,130,437,387,50
2021,Derby 014D,E01013598,712,207,59,148,505,452,53
2021,Derby 010D,E01013599,609,179,52,127,430,376,54
2021,Leicester 003A,E01013600,773,263,70,193,510,470,40
2021,Leicester 003B,E01013601,741,262,81,181,479,434,45
2021,Leicester 003C,E01013602,833,244,77,167,589,533,56
2021,Leicester 003D,E01013603,603,183,43,140,420,373,47
2021,Leicester 003E,E01013604,772,245,74,171,527,487,40
2021,Leicester 003F,E01013605,1005,302,103,199,703,635,68
2021,Leicester 008A,E01013606,851,253,64,189,598,543,55
2021,Leicester 034A,E01013608,751,230,76,154,521,464,57
2021,Leicester 034B,E01013609,813,228,77,151,585,499,86
2021,Leicester 034C,E01013610,736,216,58,158,520,466,54
2021,Leicester 034D,E01013611,690,212,78,134,478,414,64
2021,Leicester 034E,E01013612,918,239,68,171,679,607,72
2021,Leicester 031A,E01013613,923,274,92,182,649,591,58
2021,Leicester 031B,E01013614,837,235,61,174,602,542,60
2021,Leicester 001A,E01013615,968,294,82,212,674,601,73
2021,Leicester 001B,E01013616,796,260,77,183,536,484,52
2021,Leicester 004A,E01013617,1389,382,136,246,1007,882,125
2021,Leicester 001C,E01013618,786,235,70,165,551,505,46
2021,Leicester 001D,E01013619,645,249,61,188,396,354,42
2021,Leicester 004B,E01013620,669,232,56,176,437,395,42
2021,Leicester 004C,E01013621,932,294,94,200,638,576,62
2021,Leicester 004D,E01013622,655,238,73,165,417,383,34
2021,Leicester 004E,E01013623,1017,329,104,225,688,616,72
2021,Leicester 007A,E01013624,716,270,70,200,446,401,45
2021,Leicester 006A,E01013625,830,312,74,238,518,494,24
2021,Leicester 007B,E01013626,829,298,71,227,531,512,19
2021,Leicester 007C,E01013627,656,198,46,152,458,431,27
2021,Leicester 006B,E01013628,677,254,78,176,423,392,31
2021,Leicester 007D,E01013629,790,307,78,229,483,443,40
2021,Leicester 007E,E01013630,914,334,84,250,580,547,33
2021,Leicester 026A,E01013631,685,220,64,156,465,421,44
2021,Leicester 026B,E01013632,677,225,52,173,452,406,46
2021,Leicester 028A,E01013633,717,254,83,171,463,415,48
2021,Leicester 028B,E01013634,601,205,52,153,396,353,43
2021,Leicester 029A,E01013635,755,242,74,168,513,464,49
2021,Leicester 029B,E01013636,681,203,75,128,478,425,53
2021,Leicester 028C,E01013637,807,249,70,179,558,497,61
2021,Leicester 026C,E01013638,571,210,58,152,361,340,21
2021,Leicester 028D,E01013639,695,234,62,172,461,416,45
2021,Leicester 026D,E01013640,743,282,71,211,461,429,32
2021,Leicester 028E,E01013641,747,223,70,153,524,474,50
2021,Leicester 030A,E01013642,794,226,89,137,568,483,85
2021,Leicester 030B,E01013643,846,298,130,168,548,482,66
2021,Leicester 040C,E01013648,1060,488,265,223,572,516,56
2021,Leicester 030C,E01013649,615,187,98,89,428,358,70
2021,Leicester 030D,E01013650,795,283,157,126,512,462,50
2021,Leicester 011A,E01013651,833,321,81,240,512,466,46
2021,Leicester 011B,E01013652,836,321,92,229,515,467,48
2021,Leicester 011C,E01013653,1135,411,130,281,724,670,54
2021,Leicester 017A,E01013654,1031,393,95,298,638,604,34
2021,Leicester 011D,E01013655,1168,406,81,325,762,713,49
2021,Leicester 017B,E01013656,978,371,57,314,607,580,27
2021,Leicester 017C,E01013657,769,310,90,220,459,437,22
2021,Leicester 017D,E01013658,1201,442,88,354,759,704,55
2021,Leicester 017E,E01013659,890,419,96,323,471,444,27
2021,Leicester 019A,E01013660,854,325,86,239,529,492,37
2021,Leicester 019B,E01013661,657,289,70,219,368,339,29
2021,Leicester 021A,E01013662,868,349,83,266,519,487,32
2021,Leicester 021B,E01013663,756,288,91,197,468,428,40
2021,Leicester 019C,E01013664,690,247,64,183,443,407,36
2021,Leicester 019D,E01013665,963,364,91,273,599,549,50
2021,Leicester 025A,E01013666,752,265,65,200,487,444,43
2021,Leicester 019E,E01013667,620,218,61,157,402,375,27
2021,Leicester 019F,E01013668,528,227,69,158,301,266,35
2021,Leicester 025B,E01013669,698,233,62,171,465,436,29
2021,Leicester 025C,E01013670,864,309,117,192,555,503,52
2021,Leicester 025D,E01013671,823,319,95,224,504,454,50
2021,Leicester 025E,E01013672,635,235,95,140,400,357,43
2021,Leicester 036A,E01013673,663,197,57,140,466,432,34
2021,Leicester 036B,E01013674,543,193,53,140,350,321,29
2021,Leicester 036C,E01013675,703,234,63,171,469,417,52
2021,Leicester 036D,E01013676,906,271,84,187,635,573,62
2021,Leicester 036E,E01013677,650,188,57,131,462,400,62
2021,Leicester 035A,E01013678,721,258,81,177,463,400,63
2021,Leicester 035B,E01013679,611,188,50,138,423,377,46
2021,Leicester 008C,E01013680,1106,307,90,217,799,727,72
2021,Leicester 016A,E01013681,957,272,88,184,685,635,50
2021,Leicester 016B,E01013682,958,253,89,164,705,631,74
2021,Leicester 016C,E01013683,1278,285,86,199,993,908,85
2021,Leicester 016D,E01013684,1073,354,115,239,719,635,84
2021,Leicester 008D,E01013685,730,214,65,149,516,461,55
2021,Leicester 008E,E01013686,904,248,65,183,656,589,67
2021,Leicester 031C,E01013687,916,258,96,162,658,608,50
2021,Leicester 031D,E01013688,926,259,90,169,667,586,81
2021,Leicester 038A,E01013689,606,246,108,138,360,327,33
2021,Leicester 038B,E01013690,1028,361,135,226,667,592,75
2021,Leicester 035C,E01013691,594,209,69,140,385,345,40
2021,Leicester 035D,E01013692,492,183,52,131,309,276,33
2021,Leicester 035E,E01013693,504,180,57,123,324,286,38
2021,Leicester 013A,E01013694,927,324,83,241,603,548,55
2021,Leicester 043D,E01013696,1140,393,121,272,747,676,71
2021,Leicester 037B,E01013698,725,266,72,194,459,420,39
2021,Leicester 043C,E01013699,921,310,96,214,611,554,57
2021,Leicester 013B,E01013700,739,249,65,184,490,450,40
2021,Leicester 030E,E01013702,735,249,100,149,486,420,66
2021,Leicester 032A,E01013703,617,175,64,111,442,375,67
2021,Leicester 032B,E01013704,771,225,78,147,546,446,100
2021,Leicester 038C,E01013705,706,257,88,169,449,397,52
2021,Leicester 032C,E01013706,826,257,101,156,569,440,129
2021,Leicester 032D,E01013707,770,220,62,158,550,471,79
2021,Leicester 038D,E01013709,799,242,74,168,557,493,64
2021,Leicester 030F,E01013710,651,189,66,123,462,392,70
2021,Leicester 030G,E01013711,707,202,70,132,505,435,70
2021,Leicester 032E,E01013712,584,181,82,99,403,329,74
2021,Leicester 010A,E01013713,828,260,76,184,568,560,8
2021,Leicester 010B,E01013714,857,295,79,216,562,533,29
2021,Leicester 006C,E01013715,616,188,66,122,428,400,28
2021,Leicester 010C,E01013717,760,263,71,192,497,464,33
2021,Leicester 010D,E01013718,843,277,79,198,566,536,30
2021,Leicester 010E,E01013719,844,308,81,227,536,511,25
2021,Leicester 010F,E01013720,771,298,54,244,473,441,32
2021,Leicester 012A,E01013721,698,211,55,156,487,432,55
2021,Leicester 039A,E01013722,707,240,72,168,467,427,40
2021,Leicester 012B,E01013723,595,212,53,159,383,342,41
2021,Leicester 012C,E01013725,578,210,62,148,368,331,37
2021,Leicester 012D,E01013726,586,199,37,162,387,351,36
2021,Leicester 039B,E01013727,604,191,43,148,413,366,47
2021,Leicester 012E,E01013728,666,216,55,161,450,415,35
2021,Leicester 020A,E01013729,638,159,44,115,479,424,55
2021,Leicester 039C,E01013730,636,195,46,149,441,388,53
2021,Leicester 039D,E01013731,701,200,58,142,501,447,54
2021,Leicester 005A,E01013732,1059,397,110,287,662,610,52
2021,Leicester 002A,E01013733,991,304,90,214,687,621,66
2021,Leicester 002B,E01013734,640,204,67,137,436,389,47
2021,Leicester 002C,E01013735,528,161,42,119,367,343,24
2021,Leicester 002D,E01013736,1042,314,87,227,728,674,54
2021,Leicester 002E,E01013737,630,229,66,163,401,368,33
2021,Leicester 006E,E01013738,624,241,76,165,383,358,25
2021,Leicester 005B,E01013739,576,210,80,130,366,345,21
2021,Leicester 005C,E01013740,631,232,72,160,399,367,32
2021,Leicester 005D,E01013741,758,255,86,169,503,470,33
2021,Leicester 018A,E01013742,717,326,91,235,391,381,10
2021,Leicester 017F,E01013743,967,395,119,276,572,557,15
2021,Leicester 018B,E01013744,735,333,103,230,402,376,26
2021,Leicester 017G,E01013745,688,337,120,217,351,335,16
2021,Leicester 018C,E01013746,606,294,90,204,312,295,17
2021,Leicester 021C,E01013747,815,348,82,266,467,441,26
2021,Leicester 018D,E01013748,561,270,72,198,291,275,16
2021,Leicester 021D,E01013749,644,248,75,173,396,379,17
2021,Leicester 021E,E01013750,673,301,86,215,372,348,24
2021,Leicester 022A,E01013751,700,340,104,236,360,335,25
2021,Leicester 022B,E01013752,587,252,54,198,335,319,16
2021,Leicester 022C,E01013753,610,292,72,220,318,300,18
2021,Leicester 018E,E01013754,724,327,70,257,397,371,26
2021,Leicester 018F,E01013755,755,363,105,258,392,376,16
2021,Leicester 027A,E01013756,736,280,85,195,456,403,53
2021,Leicester 027B,E01013757,691,276,92,184,415,377,38
2021,Leicester 021F,E01013758,640,273,78,195,367,338,29
2021,Leicester 027C,E01013759,866,378,135,243,488,429,59
2021,Leicester 022D,E01013760,648,310,94,216,338,308,30
2021,Leicester 022E,E01013761,653,327,87,240,326,311,15
2021,Leicester 022F,E01013762,660,292,61,231,368,346,22
2021,Leicester 027D,E01013763,815,364,134,230,451,418,33
2021,Leicester 027E,E01013764,669,290,90,200,379,357,22
2021,Leicester 027F,E01013765,652,340,94,246,312,297,15
2021,Leicester 027G,E01013766,853,361,118,243,492,452,40
2021,Leicester 037C,E01013767,793,263,79,184,530,483,47
2021,Leicester 037D,E01013768,656,217,54,163,439,395,44
2021,Leicester 013C,E01013770,688,230,62,168,458,424,34
2021,Leicester 013D,E01013771,786,298,83,215,488,449,39
2021,Leicester 037E,E01013772,676,238,49,189,438,390,48
2021,Leicester 013E,E01013773,640,194,52,142,446,394,52
2021,Leicester 023A,E01013774,915,310,114,196,605,549,56
2021,Leicester 023B,E01013776,854,261,110,151,593,538,55
2021,Leicester 029D,E01013777,1025,246,74,172,779,714,65
2021,Leicester 023D,E01013779,1071,251,81,170,820,744,76
2021,Leicester 020B,E01013780,810,223,75,148,587,513,74
2021,Leicester 023E,E01013781,825,242,83,159,583,525,58
2021,Leicester 023F,E01013782,763,167,64,103,596,527,69
2021,Leicester 020C,E01013783,780,214,63,151,566,513,53
2021,Leicester 023G,E01013784,650,191,82,109,459,411,48
2021,Leicester 020D,E01013785,772,231,76,155,541,455,86
2021,Leicester 020E,E01013786,848,223,73,150,625,543,82
2021,Rutland 005A,E01013787,631,227,93,134,404,299,105
2021,Rutland 001A,E01013788,1930,460,145,315,1470,1022,448
2021,Rutland 001B,E01013789,640,214,100,114,426,314,112
2021,Rutland 001C,E01013790,824,274,124,150,550,400,150
2021,Rutland 004A,E01013791,525,156,59,97,369,290,79
2021,Rutland 004B,E01013792,717,227,98,129,490,368,122
2021,Rutland 002A,E01013793,632,203,81,122,429,324,105
2021,Rutland 005B,E01013794,632,203,89,114,429,328,101
2021,Rutland 005C,E01013795,534,173,78,95,361,263,98
2021,Rutland 001D,E01013796,775,172,68,104,603,454,149
2021,Rutland 004C,E01013797,835,250,87,163,585,453,132
2021,Rutland 003A,E01013798,626,205,77,128,421,347,74
2021,Rutland 003B,E01013799,649,200,89,111,449,353,96
2021,Rutland 002B,E01013800,718,235,86,149,483,410,73
2021,Rutland 003D,E01013803,1000,336,129,207,664,552,112
2021,Rutland 004D,E01013804,796,270,96,174,526,407,119
2021,Rutland 004E,E01013805,631,197,69,128,434,339,95
2021,Rutland 005D,E01013806,600,203,68,135,397,282,115
2021,Rutland 005E,E01013807,606,188,58,130,418,326,92
2021,Rutland 005F,E01013808,715,199,60,139,516,416,100
2021,Rutland 002D,E01013809,562,192,71,121,370,286,84
2021,Nottingham 018A,E01013810,717,309,87,222,408,365,43
2021,Nottingham 018B,E01013811,463,189,79,110,274,256,18
2021,Nottingham 018C,E01013812,539,230,73,157,309,275,34
2021,Nottingham 022A,E01013813,523,278,161,117,245,233,12
2021,Nottingham 022B,E01013814,707,321,187,134,386,344,42
2021,Nottingham 022C,E01013815,513,279,165,114,234,205,29
2021,Nottingham 022D,E01013816,863,487,307,180,376,332,44
2021,Nottingham 011A,E01013817,578,196,55,141,382,348,34
2021,Nottingham 011B,E01013818,588,239,54,185,349,316,33
2021,Nottingham 013A,E01013819,682,209,60,149,473,428,45
2021,Nottingham 013B,E01013820,667,246,72,174,421,374,47
2021,Nottingham 013C,E01013821,704,238,51,187,466,424,42
2021,Nottingham 011C,E01013822,727,255,88,167,472,428,44
2021,Nottingham 013D,E01013823,725,262,74,188,463,414,49
2021,Nottingham 013E,E01013824,674,245,61,184,429,372,57
2021,Nottingham 011D,E01013825,842,292,72,220,550,507,43
2021,Nottingham 011E,E01013826,729,273,70,203,456,413,43
2021,Nottingham 008A,E01013827,631,194,49,145,437,386,51
2021,Nottingham 008B,E01013828,916,244,64,180,672,626,46
2021,Nottingham 009A,E01013829,808,211,54,157,597,547,50
2021,Nottingham 009B,E01013830,699,216,59,157,483,438,45
2021,Nottingham 009C,E01013831,759,241,77,164,518,455,63
2021,Nottingham 009D,E01013832,736,228,81,147,508,446,62
2021,Nottingham 009E,E01013833,561,205,61,144,356,314,42
2021,Nottingham 008C,E01013834,673,216,45,171,457,414,43
2021,Nottingham 008D,E01013835,679,218,46,172,461,420,41
2021,Nottingham 008E,E01013836,866,258,68,190,608,527,81
2021,Nottingham 012A,E01013837,965,301,93,208,664,580,84
2021,Nottingham 012B,E01013838,892,292,88,204,600,531,69
2021,Nottingham 012C,E01013839,917,272,88,184,645,560,85
2021,Nottingham 012D,E01013840,1278,347,121,226,931,843,88
2021,Nottingham 012E,E01013841,760,250,77,173,510,461,49
2021,Nottingham 018D,E01013842,763,284,89,195,479,413,66
2021,Nottingham 017A,E01013843,961,277,102,175,684,618,66
2021,Nottingham 017B,E01013844,738,265,101,164,473,415,58
2021,Nottingham 017C,E01013845,730,254,94,160,476,435,41
2021,Nottingham 018E,E01013846,645,264,111,153,381,355,26
2021,Nottingham 017D,E01013847,657,218,71,147,439,393,46
2021,Nottingham 038A,E01013849,579,171,42,129,408,381,27
2021,Nottingham 038B,E01013850,575,172,44,128,403,361,42
2021,Nottingham 038C,E01013851,553,206,29,177,347,318,29
2021,Nottingham 038D,E01013852,739,185,38,147,554,494,60
2021,Nottingham 006A,E01013853,642,182,42,140,460,423,37
2021,Nottingham 006B,E01013854,631,197,54,143,434,394,40
2021,Nottingham 006C,E01013855,579,216,57,159,363,329,34
2021,Nottingham 006D,E01013856,726,260,62,198,466,422,44
2021,Nottingham 025A,E01013858,644,211,50,161,433,382,51
2021,Nottingham 020A,E01013859,557,181,62,119,376,324,52
2021,Nottingham 025B,E01013860,616,200,54,146,416,373,43
2021,Nottingham 020B,E01013861,440,158,52,106,282,258,24
2021,Nottingham 025C,E01013862,571,157,57,100,414,364,50
2021,Nottingham 025D,E01013863,684,211,47,164,473,405,68
2021,Nottingham 014A,E01013864,1044,279,71,208,765,670,95
2021,Nottingham 014B,E01013865,634,199,55,144,435,376,59
2021,Nottingham 014C,E01013866,589,181,50,131,408,361,47
2021,Nottingham 014D,E01013867,615,194,58,136,421,379,42
2021,Nottingham 020C,E01013868,550,209,69,140,341,295,46
2021,Nottingham 040A,E01013870,1019,301,95,206,718,627,91
2021,Nottingham 040B,E01013871,690,244,76,168,446,410,36
2021,Nottingham 040C,E01013872,821,271,78,193,550,496,54
2021,Nottingham 040D,E01013873,779,239,80,159,540,488,52
2021,Nottingham 039A,E01013874,935,285,117,168,650,577,73
2021,Nottingham 005A,E01013875,630,194,59,135,436,388,48
2021,Nottingham 005B,E01013876,712,216,58,158,496,445,51
2021,Nottingham 005C,E01013877,480,175,47,128,305,280,25
2021,Nottingham 005D,E01013878,501,167,37,130,334,288,46
2021,Nottingham 002A,E01013879,538,177,37,140,361,321,40
2021,Nottingham 002B,E01013880,539,177,46,131,362,325,37
2021,Nottingham 002C,E01013881,611,191,49,142,420,379,41
2021,Nottingham 002D,E01013882,611,192,47,145,419,377,42
2021,Nottingham 005E,E01013883,596,191,43,148,405,361,44
2021,Nottingham 005F,E01013884,584,181,48,133,403,374,29
2021,Nottingham 002E,E01013885,682,224,56,168,458,409,49
2021,Nottingham 004A,E01013886,571,187,53,134,384,350,34
2021,Nottingham 001A,E01013887,681,188,53,135,493,422,71
2021,Nottingham 004B,E01013888,755,244,77,167,511,457,54
2021,Nottingham 004C,E01013889,742,246,85,161,496,435,61
2021,Nottingham 004D,E01013890,780,224,67,157,556,492,64
2021,Nottingham 004E,E01013891,729,249,84,165,480,424,56
2021,Nottingham 001B,E01013892,579,172,48,124,407,364,43
2021,Nottingham 001C,E01013893,647,216,55,161,431,392,39
2021,Nottingham 001D,E01013894,667,200,59,141,467,402,65
2021,Nottingham 034A,E01013895,694,204,63,141,490,429,61
2021,Nottingham 034B,E01013896,533,164,40,124,369,341,28
2021,Nottingham 035A,E01013897,666,200,57,143,466,426,40
2021,Nottingham 035B,E01013898,562,263,134,129,299,261,38
2021,Nottingham 035C,E01013899,593,183,62,121,410,371,39
2021,Nottingham 035D,E01013900,696,223,70,153,473,430,43
2021,Nottingham 034C,E01013901,817,232,61,171,585,494,91
2021,Nottingham 034D,E01013902,973,229,86,143,744,631,113
2021,Nottingham 035E,E01013903,535,157,47,110,378,332,46
2021,Nottingham 037A,E01013904,709,205,51,154,504,461,43
2021,Nottingham 036A,E01013905,642,213,61,152,429,374,55
2021,Nottingham 037B,E01013906,802,251,84,167,551,501,50
2021,Nottingham 035F,E01013907,627,200,54,146,427,382,45
2021,Nottingham 036B,E01013908,570,185,47,138,385,355,30
2021,Nottingham 036C,E01013909,563,185,60,125,378,336,42
2021,Nottingham 037C,E01013910,710,218,54,164,492,453,39
2021,Nottingham 037D,E01013911,658,198,56,142,460,416,44
2021,Nottingham 036D,E01013912,703,207,62,145,496,429,67
2021,Nottingham 024A,E01013913,792,263,87,176,529,473,56
2021,Nottingham 024B,E01013914,742,268,60,208,474,424,50
2021,Nottingham 024C,E01013915,683,228,70,158,455,394,61
2021,Nottingham 024D,E01013916,622,210,48,162,412,384,28
2021,Nottingham 024E,E01013917,863,302,93,209,561,507,54
2021,Nottingham 029A,E01013918,882,306,82,224,576,530,46
2021,Nottingham 029B,E01013919,989,307,118,189,682,622,60
2021,Nottingham 029C,E01013920,1125,287,94,193,838,708,130
2021,Nottingham 029D,E01013921,802,286,96,190,516,468,48
2021,Nottingham 031G,E01013928,491,202,116,86,289,265,24
2021,Nottingham 020D,E01013929,906,289,93,196,617,547,70
2021,Nottingham 019A,E01013930,803,289,83,206,514,455,59
2021,Nottingham 019B,E01013931,893,317,107,210,576,504,72
2021,Nottingham 019C,E01013932,1115,365,116,249,750,675,75
2021,Nottingham 019D,E01013933,740,288,99,189,452,413,39
2021,Nottingham 019E,E01013934,672,228,68,160,444,389,55
2021,Nottingham 010A,E01013935,695,197,55,142,498,435,63
2021,Nottingham 016A,E01013936,1171,273,89,184,898,784,114
2021,Nottingham 015A,E01013937,916,295,116,179,621,521,100
2021,Nottingham 015B,E01013938,905,311,111,200,594,478,116
2021,Nottingham 016B,E01013939,715,192,54,138,523,476,47
2021,Nottingham 016C,E01013940,843,239,63,176,604,533,71
2021,Nottingham 015C,E01013941,955,244,98,146,711,600,111
2021,Nottingham 016D,E01013942,839,283,80,203,556,485,71
2021,Nottingham 015D,E01013943,885,265,123,142,620,538,82
2021,Nottingham 026A,E01013944,731,293,77,216,438,377,61
2021,Nottingham 026B,E01013945,620,282,133,149,338,322,16
2021,Nottingham 026D,E01013947,608,271,109,162,337,314,23
2021,Nottingham 026E,E01013948,445,167,67,100,278,226,52
2021,Nottingham 026F,E01013953,511,239,161,78,272,253,19
2021,Nottingham 021A,E01013954,836,266,65,201,570,519,51
2021,Nottingham 029E,E01013957,700,223,64,159,477,422,55
2021,Nottingham 023C,E01013958,612,231,54,177,381,342,39
2021,Nottingham 021B,E01013959,664,244,72,172,420,373,47
2021,Nottingham 021C,E01013960,648,241,78,163,407,371,36
2021,Nottingham 023D,E01013961,763,382,202,180,381,350,31
2021,Nottingham 021D,E01013962,872,243,60,183,629,564,65
2021,Nottingham 007A,E01013963,649,209,40,169,440,392,48
2021,Nottingham 007B,E01013964,853,245,68,177,608,524,84
2021,Nottingham 007C,E01013965,660,223,63,160,437,375,62
2021,Nottingham 007D,E01013966,653,220,85,135,433,392,41
2021,Nottingham 007E,E01013967,684,224,88,136,460,393,67
2021,Nottingham 010B,E01013968,546,169,57,112,377,322,55
2021,Nottingham 010C,E01013969,1003,278,92,186,725,658,67
2021,Nottingham 010D,E01013970,918,263,70,193,655,571,84
2021,Nottingham 010E,E01013971,862,241,84,157,621,550,71
2021,Nottingham 015E,E01013972,769,205,73,132,564,492,72
2021,Nottingham 041D,E01013977,851,250,83,167,601,517,84
2021,Nottingham 041A,E01013978,810,245,77,168,565,499,66
2021,Nottingham 041C,E01013979,786,227,76,151,559,450,109
2021,Nottingham 030A,E01013980,794,236,92,144,558,473,85
2021,Nottingham 041B,E01013981,796,220,88,132,576,490,86
2021,Nottingham 030B,E01013982,771,239,80,159,532,415,117
2021,Nottingham 030C,E01013983,553,184,51,133,369,334,35
2021,Nottingham 030D,E01013984,561,173,58,115,388,335,53
2021,Nottingham 030E,E01013985,691,225,82,143,466,406,60
2021,Herefordshire 012A,E01013986,828,277,94,183,551,474,77
2021,Herefordshire 011A,E01013987,787,250,96,154,537,462,75
2021,Herefordshire 011B,E01013988,835,259,93,166,576,480,96
2021,Herefordshire 012B,E01013989,695,216,67,149,479,424,55
2021,Herefordshire 018A,E01013990,903,294,111,183,609,488,121
2021,Herefordshire 018B,E01013991,623,199,65,134,424,328,96
2021,Herefordshire 017A,E01013992,793,240,86,154,553,478,75
2021,Herefordshire 017B,E01013993,695,242,52,190,453,396,57
2021,Herefordshire 017C,E01013994,652,220,64,156,432,369,63
2021,Herefordshire 017D,E01013995,800,258,64,194,542,474,68
2021,Herefordshire 016A,E01013996,868,244,68,176,624,547,77
2021,Herefordshire 016B,E01013997,1050,299,84,215,751,608,143
2021,Herefordshire 001A,E01013998,612,235,91,144,377,280,97
2021,Herefordshire 004A,E01013999,708,231,89,142,477,351,126
2021,Herefordshire 005A,E01014000,628,217,85,132,411,298,113
2021,Herefordshire 005B,E01014001,783,277,110,167,506,359,147
2021,Herefordshire 005C,E01014002,550,169,58,111,381,305,76
2021,Herefordshire 005D,E01014003,716,199,59,140,517,426,91
2021,Herefordshire 005E,E01014004,667,210,70,140,457,324,133
2021,Herefordshire 005F,E01014005,759,239,76,163,520,425,95
2021,Herefordshire 007A,E01014006,722,244,85,159,478,357,121
2021,Herefordshire 006A,E01014008,740,251,85,166,489,338,151
2021,Herefordshire 006B,E01014009,703,256,113,143,447,299,148
2021,Herefordshire 012C,E01014010,1019,259,95,164,760,648,112
2021,Herefordshire 012D,E01014011,764,232,73,159,532,454,78
2021,Herefordshire 007B,E01014012,736,233,84,149,503,380,123
2021,Herefordshire 007C,E01014013,1023,300,83,217,723,574,149
2021,Herefordshire 018C,E01014014,943,293,90,203,650,467,183
2021,Herefordshire 005G,E01014015,806,256,91,165,550,394,156
2021,Herefordshire 007D,E01014016,627,214,71,143,413,319,94
2021,Herefordshire 004B,E01014017,675,235,89,146,440,319,121
2021,Herefordshire 020A,E01014018,715,254,108,146,461,321,140
2021,Herefordshire 020B,E01014019,667,255,82,173,412,288,124
2021,Herefordshire 020C,E01014020,802,294,130,164,508,316,192
2021,Herefordshire 020D,E01014021,638,227,71,156,411,288,123
2021,Herefordshire 008A,E01014022,1207,392,134,258,815,647,168
2021,Herefordshire 008B,E01014023,1013,317,112,205,696,555,141
2021,Herefordshire 004C,E01014024,645,209,82,127,436,312,124
2021,Herefordshire 004D,E01014025,649,217,85,132,432,310,122
2021,Herefordshire 021A,E01014026,998,351,131,220,647,468,179
2021,Herefordshire 009A,E01014027,654,204,82,122,450,356,94
2021,Herefordshire 009B,E01014028,668,234,110,124,434,303,131
2021,Herefordshire 009C,E01014029,573,214,78,136,359,274,85
2021,Herefordshire 009D,E01014030,630,226,84,142,404,318,86
2021,Herefordshire 023A,E01014031,739,241,91,150,498,384,114
2021,Herefordshire 023B,E01014032,708,260,113,147,448,343,105
2021,Herefordshire 006C,E01014033,790,265,97,168,525,360,165
2021,Herefordshire 006D,E01014034,682,208,72,136,474,369,105
2021,Herefordshire 019A,E01014035,801,249,80,169,552,462,90
2021,Herefordshire 019B,E01014036,784,253,86,167,531,409,122
2021,Herefordshire 019C,E01014037,531,172,49,123,359,293,66
2021,Herefordshire 019D,E01014038,641,217,67,150,424,365,59
2021,Herefordshire 019E,E01014039,847,260,94,166,587,488,99
2021,Herefordshire 019F,E01014040,646,221,81,140,425,360,65
2021,Herefordshire 002A,E01014041,661,217,63,154,444,371,73
2021,Herefordshire 002B,E01014042,668,227,57,170,441,391,50
2021,Herefordshire 002C,E01014043,407,139,52,87,268,221,47
2021,Herefordshire 002D,E01014044,744,269,87,182,475,392,83
2021,Herefordshire 003A,E01014045,798,267,88,179,531,428,103
2021,Herefordshire 003B,E01014046,694,247,85,162,447,360,87
2021,Herefordshire 003C,E01014047,597,200,59,141,397,341,56
2021,Herefordshire 003D,E01014048,751,236,83,153,515,419,96
2021,Herefordshire 023C,E01014049,709,243,107,136,466,363,103
2021,Herefordshire 023D,E01014050,884,299,126,173,585,420,165
2021,Herefordshire 001B,E01014051,839,285,108,177,554,434,120
2021,Herefordshire 001C,E01014052,735,260,95,165,475,316,159
2021,Herefordshire 023E,E01014053,855,297,115,182,558,413,145
2021,Herefordshire 018D,E01014054,662,246,104,142,416,292,124
2021,Herefordshire 004E,E01014055,779,238,93,145,541,413,128
2021,Herefordshire 006E,E01014056,669,230,98,132,439,297,142
2021,Herefordshire 023F,E01014057,832,263,115,148,569,450,119
2021,Herefordshire 023G,E01014058,764,257,106,151,507,378,129
2021,Herefordshire 021B,E01014059,953,338,149,189,615,409,206
2021,Herefordshire 021C,E01014060,707,248,97,151,459,353,106
2021,Herefordshire 022A,E01014061,736,227,79,148,509,428,81
2021,Herefordshire 022B,E01014062,847,236,86,150,611,489,122
2021,Herefordshire 022C,E01014063,707,215,65,150,492,415,77
2021,Herefordshire 022D,E01014064,728,245,66,179,483,422,61
2021,Herefordshire 022E,E01014065,698,262,89,173,436,371,65
2021,Herefordshire 022F,E01014066,545,206,101,105,339,271,68
2021,Herefordshire 022G,E01014067,655,261,83,178,394,337,57
2021,Herefordshire 015A,E01014068,685,210,67,143,475,402,73
2021,Herefordshire 021D,E01014069,1015,294,98,196,721,608,113
2021,Herefordshire 015B,E01014070,1208,359,112,247,849,719,130
2021,Herefordshire 017E,E01014071,647,193,43,150,454,398,56
2021,Herefordshire 015C,E01014072,939,289,86,203,650,546,104
2021,Herefordshire 015D,E01014073,856,256,62,194,600,519,81
2021,Herefordshire 015E,E01014074,694,200,50,150,494,419,75
2021,Herefordshire 013A,E01014075,883,268,79,189,615,534,81
2021,Herefordshire 013B,E01014076,1196,313,95,218,883,755,128
2021,Herefordshire 013C,E01014077,781,228,69,159,553,473,80
2021,Herefordshire 013D,E01014078,768,229,62,167,539,455,84
2021,Herefordshire 016C,E01014079,725,260,88,172,465,356,109
2021,Herefordshire 016D,E01014080,668,195,62,133,473,355,118
2021,Herefordshire 008C,E01014081,677,241,82,159,436,328,108
2021,Herefordshire 008D,E01014082,889,265,87,178,624,521,103
2021,Herefordshire 010A,E01014083,675,198,57,141,477,398,79
2021,Herefordshire 010B,E01014084,819,229,53,176,590,516,74
2021,Herefordshire 010C,E01014085,795,280,91,189,515,422,93
2021,Herefordshire 012E,E01014086,764,216,77,139,548,488,60
2021,Herefordshire 010D,E01014087,821,223,61,162,598,513,85
2021,Herefordshire 010E,E01014088,688,196,57,139,492,421,71
2021,Herefordshire 010F,E01014089,669,222,65,157,447,393,54
2021,Herefordshire 014A,E01014090,667,221,67,154,446,380,66
2021,Herefordshire 014B,E01014091,686,228,87,141,458,381,77
2021,Herefordshire 012F,E01014092,962,274,95,179,688,576,112
2021,Herefordshire 014C,E01014093,607,207,72,135,400,334,66
2021,Herefordshire 014D,E01014094,735,249,76,173,486,405,81
2021,Herefordshire 011D,E01014095,677,204,55,149,473,418,55
2021,Herefordshire 001D,E01014096,750,261,94,167,489,342,147
2021,Herefordshire 004F,E01014097,629,217,101,116,412,311,101
2021,Herefordshire 021E,E01014098,770,242,70,172,528,399,129
2021,Herefordshire 021F,E01014099,845,291,89,202,554,404,150
2021,Herefordshire 007E,E01014100,846,283,103,180,563,444,119
2021,Herefordshire 007F,E01014101,461,166,62,104,295,228,67
2021,Telford and Wrekin 007A,E01014102,983,234,77,157,749,618,131
2021,Telford and Wrekin 007B,E01014103,553,137,35,102,416,353,63
2021,Telford and Wrekin 011A,E01014104,776,233,81,152,543,485,58
2021,Telford and Wrekin 011B,E01014105,960,296,93,203,664,576,88
2021,Telford and Wrekin 020A,E01014106,648,190,45,145,458,405,53
2021,Telford and Wrekin 020B,E01014107,523,148,43,105,375,319,56
2021,Telford and Wrekin 020C,E01014108,503,146,44,102,357,326,31
2021,Telford and Wrekin 020D,E01014109,523,140,47,93,383,330,53
2021,Telford and Wrekin 020E,E01014110,594,192,52,140,402,360,42
2021,Telford and Wrekin 004A,E01014111,740,204,85,119,536,442,94
2021,Telford and Wrekin 002A,E01014112,806,214,94,120,592,480,112
2021,Telford and Wrekin 011C,E01014113,716,205,73,132,511,469,42
2021,Telford and Wrekin 011D,E01014114,592,160,57,103,432,372,60
2021,Telford and Wrekin 023A,E01014115,550,155,55,100,395,343,52
2021,Telford and Wrekin 023B,E01014116,609,185,51,134,424,357,67
2021,Telford and Wrekin 023C,E01014117,496,136,58,78,360,294,66
2021,Telford and Wrekin 023D,E01014118,489,138,39,99,351,308,43
2021,Telford and Wrekin 019A,E01014119,718,202,67,135,516,446,70
2021,Telford and Wrekin 019B,E01014120,724,209,65,144,515,449,66
2021,Telford and Wrekin 019C,E01014121,601,170,58,112,431,367,64
2021,Telford and Wrekin 019D,E01014122,818,188,59,129,630,567,63
2021,Telford and Wrekin 019E,E01014123,751,206,56,150,545,465,80
2021,Telford and Wrekin 017A,E01014124,662,181,52,129,481,429,52
2021,Telford and Wrekin 005A,E01014125,630,186,58,128,444,382,62
2021,Telford and Wrekin 005B,E01014126,647,172,39,133,475,423,52
2021,Telford and Wrekin 005C,E01014127,730,190,51,139,540,478,62
2021,Telford and Wrekin 005D,E01014128,1098,308,86,222,790,672,118
2021,Telford and Wrekin 006A,E01014129,461,135,28,107,326,287,39
2021,Telford and Wrekin 006B,E01014130,721,174,49,125,547,499,48
2021,Telford and Wrekin 002B,E01014131,932,317,144,173,615,444,171
2021,Telford and Wrekin 002C,E01014132,455,153,42,111,302,242,60
2021,Telford and Wrekin 012A,E01014133,1004,281,97,184,723,622,101
2021,Telford and Wrekin 012B,E01014134,690,190,62,128,500,423,77
2021,Telford and Wrekin 002D,E01014135,622,177,67,110,445,339,106
2021,Telford and Wrekin 010A,E01014136,870,243,90,153,627,481,146
2021,Telford and Wrekin 009A,E01014137,1136,274,108,166,862,731,131
2021,Telford and Wrekin 007C,E01014138,751,223,68,155,528,472,56
2021,Telford and Wrekin 009B,E01014139,582,142,40,102,440,394,46
2021,Telford and Wrekin 007D,E01014140,635,172,57,115,463,422,41
2021,Telford and Wrekin 009D,E01014142,536,143,43,100,393,336,57
2021,Telford and Wrekin 009E,E01014143,740,192,59,133,548,479,69
2021,Telford and Wrekin 012C,E01014144,807,206,58,148,601,518,83
2021,Telford and Wrekin 012D,E01014145,919,242,75,167,677,595,82
2021,Telford and Wrekin 010B,E01014148,797,213,83,130,584,482,102
2021,Telford and Wrekin 010C,E01014149,564,165,58,107,399,332,67
2021,Telford and Wrekin 014A,E01014150,821,207,75,132,614,512,102
2021,Telford and Wrekin 014B,E01014151,624,169,61,108,455,401,54
2021,Telford and Wrekin 014C,E01014152,803,203,56,147,600,528,72
2021,Telford and Wrekin 014D,E01014153,876,227,70,157,649,561,88
2021,Telford and Wrekin 014E,E01014154,890,240,75,165,650,556,94
2021,Telford and Wrekin 014F,E01014155,861,222,62,160,639,557,82
2021,Telford and Wrekin 024C,E01014157,759,197,58,139,562,491,71
2021,Telford and Wrekin 024E,E01014158,897,265,97,168,632,571,61
2021,Telford and Wrekin 022A,E01014159,559,152,42,110,407,353,54
2021,Telford and Wrekin 022B,E01014160,590,147,42,105,443,365,78
2021,Telford and Wrekin 022C,E01014161,490,150,38,112,340,288,52
2021,Telford and Wrekin 022D,E01014162,772,205,72,133,567,493,74
2021,Telford and Wrekin 017B,E01014163,944,255,75,180,689,602,87
2021,Telford and Wrekin 017C,E01014164,626,160,46,114,466,410,56
2021,Telford and Wrekin 017D,E01014165,594,160,52,108,434,393,41
2021,Telford and Wrekin 017E,E01014166,744,199,57,142,545,471,74
2021,Telford and Wrekin 004B,E01014167,1181,306,85,221,875,736,139
2021,Telford and Wrekin 004C,E01014168,735,185,55,130,550,471,79
2021,Telford and Wrekin 005E,E01014169,911,245,67,178,666,598,68
2021,Telford and Wrekin 004D,E01014170,641,174,47,127,467,415,52
2021,Telford and Wrekin 001A,E01014171,544,185,66,119,359,307,52
2021,Telford and Wrekin 001B,E01014172,629,186,62,124,443,373,70
2021,Telford and Wrekin 001C,E01014173,703,213,74,139,490,413,77
2021,Telford and Wrekin 001D,E01014174,757,237,83,154,520,437,83
2021,Telford and Wrekin 003A,E01014175,774,212,71,141,562,478,84
2021,Telford and Wrekin 003B,E01014176,630,207,70,137,423,356,67
2021,Telford and Wrekin 003C,E01014177,994,289,82,207,705,597,108
2021,Telford and Wrekin 003D,E01014178,761,229,71,158,532,451,81
2021,Telford and Wrekin 006C,E01014179,541,157,51,106,384,333,51
2021,Telford and Wrekin 006D,E01014180,593,155,41,114,438,379,59
2021,Telford and Wrekin 015A,E01014181,1279,312,99,213,967,831,136
2021,Telford and Wrekin 015B,E01014182,736,172,51,121,564,489,75
2021,Telford and Wrekin 015C,E01014183,913,252,91,161,661,567,94
2021,Telford and Wrekin 015D,E01014184,1101,246,76,170,855,739,116
2021,Telford and Wrekin 013A,E01014185,644,162,53,109,482,426,56
2021,Telford and Wrekin 013B,E01014186,733,176,47,129,557,484,73
2021,Telford and Wrekin 013C,E01014187,734,188,80,108,546,481,65
2021,Telford and Wrekin 013D,E01014188,744,153,55,98,591,512,79
2021,Telford and Wrekin 006E,E01014189,694,193,47,146,501,442,59
2021,Telford and Wrekin 006F,E01014190,832,208,81,127,624,537,87
2021,Telford and Wrekin 018A,E01014191,834,191,64,127,643,585,58
2021,Telford and Wrekin 018B,E01014192,775,184,50,134,591,529,62
2021,Telford and Wrekin 018C,E01014193,721,200,54,146,521,456,65
2021,Telford and Wrekin 018D,E01014194,715,182,53,129,533,467,66
2021,Telford and Wrekin 018E,E01014195,734,194,63,131,540,456,84
2021,Telford and Wrekin 018F,E01014196,593,151,45,106,442,388,54
2021,Telford and Wrekin 021A,E01014197,716,208,57,151,508,471,37
2021,Telford and Wrekin 021B,E01014198,478,143,43,100,335,308,27
2021,Telford and Wrekin 021C,E01014199,698,182,57,125,516,445,71
2021,Telford and Wrekin 021D,E01014200,457,135,37,98,322,278,44
2021,Telford and Wrekin 021E,E01014201,418,111,32,79,307,269,38
2021,Telford and Wrekin 010D,E01014202,1406,377,130,247,1029,837,192
2021,Telford and Wrekin 010E,E01014203,788,199,72,127,589,495,94
2021,Telford and Wrekin 010F,E01014204,983,272,86,186,711,576,135
2021,Telford and Wrekin 008A,E01014205,593,148,41,107,445,392,53
2021,Telford and Wrekin 008B,E01014206,637,171,56,115,466,411,55
2021,Telford and Wrekin 008C,E01014207,603,166,56,110,437,383,54
2021,Telford and Wrekin 008D,E01014208,599,149,38,111,450,399,51
2021,Telford and Wrekin 008E,E01014209,609,165,38,127,444,379,65
2021,Stoke-on-Trent 012A,E01014210,615,184,53,131,431,382,49
2021,Stoke-on-Trent 012B,E01014211,582,173,58,115,409,364,45
2021,Stoke-on-Trent 012C,E01014212,747,202,51,151,545,472,73
2021,Stoke-on-Trent 012D,E01014213,537,165,51,114,372,335,37
2021,Stoke-on-Trent 007A,E01014214,672,222,74,148,450,385,65
2021,Stoke-on-Trent 007B,E01014215,697,180,42,138,517,448,69
2021,Stoke-on-Trent 007C,E01014216,630,190,44,146,440,376,64
2021,Stoke-on-Trent 012E,E01014217,513,148,29,119,365,318,47
2021,Stoke-on-Trent 014A,E01014218,596,196,47,149,400,351,49
2021,Stoke-on-Trent 014B,E01014219,578,152,41,111,426,384,42
2021,Stoke-on-Trent 017A,E01014220,676,205,50,155,471,418,53
2021,Stoke-on-Trent 017B,E01014221,639,180,42,138,459,415,44
2021,Stoke-on-Trent 017C,E01014222,565,146,41,105,419,377,42
2021,Stoke-on-Trent 017D,E01014223,607,163,45,118,444,388,56
2021,Stoke-on-Trent 017E,E01014224,611,184,49,135,427,378,49
2021,Stoke-on-Trent 014C,E01014225,716,233,64,169,483,416,67
2021,Stoke-on-Trent 014D,E01014226,602,181,44,137,421,372,49
2021,Stoke-on-Trent 014E,E01014228,506,142,37,105,364,307,57
2021,Stoke-on-Trent 017F,E01014229,803,225,39,186,578,507,71
2021,Stoke-on-Trent 014F,E01014230,711,212,66,146,499,433,66
2021,Stoke-on-Trent 026A,E01014233,598,165,38,127,433,381,52
2021,Stoke-on-Trent 026B,E01014234,639,174,45,129,465,427,38
2021,Stoke-on-Trent 032A,E01014235,667,174,38,136,493,435,58
2021,Stoke-on-Trent 032C,E01014237,654,185,45,140,469,425,44
2021,Stoke-on-Trent 032D,E01014238,577,195,42,153,382,337,45
2021,Stoke-on-Trent 026C,E01014239,719,199,55,144,520,448,72
2021,Stoke-on-Trent 026D,E01014240,713,173,45,128,540,488,52
2021,Stoke-on-Trent 006A,E01014241,714,232,63,169,482,419,63
2021,Stoke-on-Trent 006B,E01014242,611,205,69,136,406,367,39
2021,Stoke-on-Trent 006C,E01014243,649,179,51,128,470,413,57
2021,Stoke-on-Trent 006D,E01014244,536,197,59,138,339,300,39
2021,Stoke-on-Trent 006E,E01014245,792,217,41,176,575,515,60
2021,Stoke-on-Trent 008A,E01014246,674,186,54,132,488,426,62
2021,Stoke-on-Trent 009A,E01014247,674,192,50,142,482,437,45
2021,Stoke-on-Trent 006F,E01014248,619,181,40,141,438,393,45
2021,Stoke-on-Trent 011A,E01014249,620,222,63,159,398,347,51
2021,Stoke-on-Trent 009B,E01014250,484,132,28,104,352,317,35
2021,Stoke-on-Trent 009D,E01014252,734,172,41,131,562,496,66
2021,Stoke-on-Trent 011B,E01014253,797,214,57,157,583,525,58
2021,Stoke-on-Trent 011C,E01014254,710,221,65,156,489,431,58
2021,Stoke-on-Trent 009E,E01014255,701,281,86,195,420,364,56
2021,Stoke-on-Trent 011D,E01014256,904,257,58,199,647,572,75
2021,Stoke-on-Trent 001A,E01014257,613,170,42,128,443,378,65
2021,Stoke-on-Trent 001B,E01014258,829,229,49,180,600,524,76
2021,Stoke-on-Trent 001C,E01014259,643,172,43,129,471,419,52
2021,Stoke-on-Trent 001D,E01014260,494,147,46,101,347,310,37
2021,Stoke-on-Trent 003A,E01014261,538,198,51,147,340,304,36
2021,Stoke-on-Trent 003B,E01014262,547,151,34,117,396,348,48
2021,Stoke-on-Trent 003C,E01014263,700,197,51,146,503,447,56
2021,Stoke-on-Trent 001E,E01014264,969,246,65,181,723,630,93
2021,Stoke-on-Trent 007D,E01014265,721,195,44,151,526,442,84
2021,Stoke-on-Trent 008B,E01014266,576,164,55,109,412,365,47
2021,Stoke-on-Trent 007E,E01014267,1176,304,88,216,872,741,131
2021,Stoke-on-Trent 008C,E01014268,1236,295,82,213,941,816,125
2021,Stoke-on-Trent 010A,E01014269,670,211,59,152,459,417,42
2021,Stoke-on-Trent 008D,E01014270,737,189,47,142,548,487,61
2021,Stoke-on-Trent 008E,E01014271,702,178,51,127,524,463,61
2021,Stoke-on-Trent 007F,E01014272,720,202,43,159,518,466,52
2021,Stoke-on-Trent 035A,E01014273,563,142,40,102,421,376,45
2021,Stoke-on-Trent 020A,E01014274,761,205,62,143,556,493,63
2021,Stoke-on-Trent 020B,E01014275,523,139,43,96,384,344,40
2021,Stoke-on-Trent 020C,E01014276,748,210,56,154,538,485,53
2021,Stoke-on-Trent 020D,E01014277,688,187,62,125,501,454,47
2021,Stoke-on-Trent 035C,E01014278,510,131,39,92,379,334,45
2021,Stoke-on-Trent 020E,E01014279,851,212,64,148,639,554,85
2021,Stoke-on-Trent 035B,E01014280,595,174,39,135,421,377,44
2021,Stoke-on-Trent 015A,E01014281,636,256,110,146,380,342,38
2021,Stoke-on-Trent 016D,E01014282,434,210,102,108,224,200,24
2021,Stoke-on-Trent 016E,E01014283,801,325,146,179,476,423,53
2021,Stoke-on-Trent 016F,E01014284,447,252,133,119,195,171,24
2021,Stoke-on-Trent 015B,E01014285,1043,315,85,230,728,655,73
2021,Stoke-on-Trent 015C,E01014286,544,222,86,136,322,292,30
2021,Stoke-on-Trent 015D,E01014287,789,268,96,172,521,465,56
2021,Stoke-on-Trent 018A,E01014288,842,215,64,151,627,570,57
2021,Stoke-on-Trent 018B,E01014289,762,218,70,148,544,493,51
2021,Stoke-on-Trent 018C,E01014290,760,171,51,120,589,519,70
2021,Stoke-on-Trent 018D,E01014291,1012,275,95,180,737,659,78
2021,Stoke-on-Trent 018E,E01014292,798,220,76,144,578,518,60
2021,Stoke-on-Trent 019A,E01014293,796,229,80,149,567,518,49
2021,Stoke-on-Trent 018F,E01014294,652,154,41,113,498,449,49
2021,Stoke-on-Trent 019B,E01014295,783,238,57,181,545,476,69
2021,Stoke-on-Trent 035H,E01014296,617,169,54,115,448,398,50
2021,Stoke-on-Trent 035D,E01014297,582,152,43,109,430,391,39
2021,Stoke-on-Trent 035G,E01014298,664,176,45,131,488,433,55
2021,Stoke-on-Trent 025A,E01014299,729,191,55,136,538,478,60
2021,Stoke-on-Trent 035F,E01014300,578,164,42,122,414,366,48
2021,Stoke-on-Trent 025B,E01014301,957,248,65,183,709,612,97
2021,Stoke-on-Trent 035E,E01014302,761,205,45,160,556,480,76
2021,Stoke-on-Trent 025C,E01014303,828,201,56,145,627,558,69
2021,Stoke-on-Trent 025D,E01014304,694,171,54,117,523,442,81
2021,Stoke-on-Trent 029A,E01014305,524,207,51,156,317,279,38
2021,Stoke-on-Trent 029B,E01014306,556,206,60,146,350,321,29
2021,Stoke-on-Trent 029C,E01014307,518,229,66,163,289,269,20
2021,Stoke-on-Trent 027A,E01014308,635,183,54,129,452,387,65
2021,Stoke-on-Trent 027B,E01014309,488,143,39,104,345,311,34
2021,Stoke-on-Trent 031A,E01014310,994,293,97,196,701,611,90
2021,Stoke-on-Trent 027C,E01014311,531,158,48,110,373,337,36
2021,Stoke-on-Trent 029D,E01014312,608,178,56,122,430,380,50
2021,Stoke-on-Trent 027D,E01014313,588,168,47,121,420,375,45
2021,Stoke-on-Trent 031B,E01014314,739,213,65,148,526,425,101
2021,Stoke-on-Trent 033A,E01014315,525,160,52,108,365,309,56
2021,Stoke-on-Trent 031C,E01014316,596,209,61,148,387,336,51
2021,Stoke-on-Trent 031D,E01014317,614,182,43,139,432,384,48
2021,Stoke-on-Trent 033B,E01014318,654,164,55,109,490,426,64
2021,Stoke-on-Trent 033C,E01014319,744,223,57,166,521,450,71
2021,Stoke-on-Trent 033D,E01014320,651,182,65,117,469,407,62
2021,Stoke-on-Trent 028A,E01014321,641,177,59,118,464,391,73
2021,Stoke-on-Trent 031E,E01014322,692,219,67,152,473,428,45
2021,Stoke-on-Trent 013A,E01014323,670,178,49,129,492,433,59
2021,Stoke-on-Trent 010B,E01014324,640,168,47,121,472,408,64
2021,Stoke-on-Trent 010C,E01014325,726,227,69,158,499,437,62
2021,Stoke-on-Trent 010D,E01014326,742,227,73,154,515,435,80
2021,Stoke-on-Trent 013B,E01014327,722,188,51,137,534,481,53
2021,Stoke-on-Trent 013C,E01014328,574,176,57,119,398,355,43
2021,Stoke-on-Trent 013D,E01014329,744,216,55,161,528,469,59
2021,Stoke-on-Trent 013E,E01014330,513,159,43,116,354,329,25
2021,Stoke-on-Trent 004A,E01014331,651,185,39,146,466,413,53
2021,Stoke-on-Trent 004B,E01014332,620,201,62,139,419,371,48
2021,Stoke-on-Trent 003D,E01014333,712,191,52,139,521,452,69
2021,Stoke-on-Trent 003E,E01014334,458,130,49,81,328,292,36
2021,Stoke-on-Trent 004C,E01014335,873,247,71,176,626,540,86
2021,Stoke-on-Trent 004D,E01014336,649,186,52,134,463,396,67
2021,Stoke-on-Trent 004E,E01014337,744,213,58,155,531,449,82
2021,Stoke-on-Trent 023A,E01014338,725,190,65,125,535,478,57
2021,Stoke-on-Trent 019C,E01014339,1008,257,83,174,751,670,81
2021,Stoke-on-Trent 019D,E01014340,1002,276,61,215,726,640,86
2021,Stoke-on-Trent 023B,E01014341,855,228,78,150,627,557,70
2021,Stoke-on-Trent 023C,E01014342,638,186,48,138,452,407,45
2021,Stoke-on-Trent 023D,E01014343,881,202,60,142,679,603,76
2021,Stoke-on-Trent 023E,E01014344,667,195,59,136,472,429,43
2021,Stoke-on-Trent 019E,E01014345,868,251,88,163,617,554,63
2021,Stoke-on-Trent 030A,E01014346,620,184,62,122,436,382,54
2021,Stoke-on-Trent 034A,E01014347,677,189,52,137,488,426,62
2021,Stoke-on-Trent 030B,E01014348,594,162,45,117,432,358,74
2021,Stoke-on-Trent 030C,E01014349,639,179,44,135,460,406,54
2021,Stoke-on-Trent 034B,E01014350,667,193,54,139,474,395,79
2021,Stoke-on-Trent 034C,E01014351,637,171,54,117,466,387,79
2021,Stoke-on-Trent 034D,E01014352,653,171,59,112,482,405,77
2021,Stoke-on-Trent 030D,E01014353,752,217,63,154,535,464,71
2021,Stoke-on-Trent 005A,E01014354,617,207,58,149,410,352,58
2021,Stoke-on-Trent 005B,E01014355,786,242,75,167,544,485,59
2021,Stoke-on-Trent 005C,E01014356,759,259,69,190,500,433,67
2021,Stoke-on-Trent 002A,E01014357,574,141,36,105,433,392,41
2021,Stoke-on-Trent 002B,E01014358,508,152,49,103,356,318,38
2021,Stoke-on-Trent 002C,E01014359,862,218,58,160,644,584,60
2021,Stoke-on-Trent 002D,E01014360,1557,361,96,265,1196,1044,152
2021,Stoke-on-Trent 005D,E01014361,724,242,56,186,482,422,60
2021,Stoke-on-Trent 025E,E01014362,613,170,42,128,443,393,50
2021,Stoke-on-Trent 024A,E01014363,539,153,54,99,386,330,56
2021,Stoke-on-Trent 024B,E01014364,690,190,50,140,500,433,67
2021,Stoke-on-Trent 024C,E01014365,654,184,58,126,470,411,59
2021,Stoke-on-Trent 028B,E01014366,668,166,49,117,502,440,62
2021,Stoke-on-Trent 028C,E01014367,676,196,46,150,480,415,65
2021,Stoke-on-Trent 028D,E01014368,704,178,44,134,526,475,51
2021,Stoke-on-Trent 024D,E01014369,855,240,56,184,615,539,76
2021,Bath and North East Somerset 007A,E01014370,778,241,100,141,537,455,82
2021,Bath and North East Somerset 007B,E01014371,938,264,131,133,674,560,114
2021,Bath and North East Somerset 007C,E01014372,1070,340,158,182,730,607,123
2021,Bath and North East Somerset 010A,E01014373,835,310,122,188,525,432,93
2021,Bath and North East Somerset 010B,E01014374,697,247,88,159,450,364,86
2021,Bath and North East Somerset 010C,E01014375,618,223,99,124,395,272,123
2021,Bath and North East Somerset 010D,E01014376,683,243,87,156,440,346,94
2021,Bath and North East Somerset 010E,E01014377,616,212,77,135,404,309,95
2021,Bath and North East Somerset 012A,E01014380,785,451,307,144,334,261,73
2021,Bath and North East Somerset 012B,E01014381,662,231,129,102,431,347,84
2021,Bath and North East Somerset 021A,E01014382,1197,422,166,256,775,589,186
2021,Bath and North East Somerset 021B,E01014383,560,187,60,127,373,285,88
2021,Bath and North East Somerset 021C,E01014384,774,268,96,172,506,392,114
2021,Bath and North East Somerset 020A,E01014385,750,284,119,165,466,373,93
2021,Bath and North East Somerset 020B,E01014386,607,213,76,137,394,318,76
2021,Bath and North East Somerset 018A,E01014387,765,247,95,152,518,427,91
2021,Bath and North East Somerset 018B,E01014388,527,209,90,119,318,238,80
2021,Bath and North East Somerset 018C,E01014389,848,298,119,179,550,459,91
2021,Bath and North East Somerset 018D,E01014390,561,217,68,149,344,309,35
2021,Bath and North East Somerset 016A,E01014391,861,284,110,174,577,461,116
2021,Bath and North East Somerset 016B,E01014392,513,192,93,99,321,236,85
2021,Bath and North East Somerset 023A,E01014393,664,217,91,126,447,384,63
2021,Bath and North East Somerset 023B,E01014394,837,294,93,201,543,439,104
2021,Bath and North East Somerset 003A,E01014395,540,190,69,121,350,286,64
2021,Bath and North East Somerset 003B,E01014396,738,237,79,158,501,424,77
2021,Bath and North East Somerset 003C,E01014397,636,210,63,147,426,366,60
2021,Bath and North East Somerset 003D,E01014398,821,258,95,163,563,493,70
2021,Bath and North East Somerset 001A,E01014399,1133,363,122,241,770,668,102
2021,Bath and North East Somerset 001B,E01014400,1314,424,136,288,890,775,115
2021,Bath and North East Somerset 001C,E01014401,816,281,96,185,535,460,75
2021,Bath and North East Somerset 002B,E01014403,842,252,84,168,590,510,80
2021,Bath and North East Somerset 002C,E01014404,977,324,111,213,653,579,74
2021,Bath and North East Somerset 009A,E01014405,1027,372,167,205,655,550,105
2021,Bath and North East Somerset 009C,E01014407,591,262,143,119,329,287,42
2021,Bath and North East Somerset 004A,E01014409,713,284,110,174,429,363,66
2021,Bath and North East Somerset 004B,E01014410,875,312,118,194,563,484,79
2021,Bath and North East Somerset 004C,E01014411,1112,336,135,201,776,645,131
2021,Bath and North East Somerset 007D,E01014412,691,217,96,121,474,379,95
2021,Bath and North East Somerset 007E,E01014413,986,338,145,193,648,452,196
2021,Bath and North East Somerset 007F,E01014414,809,250,110,140,559,471,88
2021,Bath and North East Somerset 017A,E01014415,993,313,136,177,680,552,128
2021,Bath and North East Somerset 017B,E01014416,794,269,100,169,525,436,89
2021,Bath and North East Somerset 017C,E01014417,875,307,117,190,568,456,112
2021,Bath and North East Somerset 021D,E01014418,709,243,116,127,466,347,119
2021,Bath and North East Somerset 020C,E01014419,839,295,111,184,544,447,97
2021,Bath and North East Somerset 025A,E01014420,789,227,79,148,562,492,70
2021,Bath and North East Somerset 025B,E01014421,770,239,76,163,531,461,70
2021,Bath and North East Somerset 025C,E01014422,824,277,92,185,547,464,83
2021,Bath and North East Somerset 025D,E01014423,753,226,70,156,527,460,67
2021,Bath and North East Somerset 027A,E01014424,1047,346,106,240,701,610,91
2021,Bath and North East Somerset 027B,E01014425,1083,370,139,231,713,611,102
2021,Bath and North East Somerset 027C,E01014426,640,196,55,141,444,384,60
2021,Bath and North East Somerset 008A,E01014427,667,230,95,135,437,366,71
2021,Bath and North East Somerset 008B,E01014428,615,202,86,116,413,331,82
2021,Bath and North East Somerset 008C,E01014429,763,272,93,179,491,429,62
2021,Bath and North East Somerset 008D,E01014430,710,232,84,148,478,407,71
2021,Bath and North East Somerset 019A,E01014431,596,219,91,128,377,326,51
2021,Bath and North East Somerset 019B,E01014432,627,221,85,136,406,360,46
2021,Bath and North East Somerset 019C,E01014433,703,266,85,181,437,391,46
2021,Bath and North East Somerset 019D,E01014434,909,347,130,217,562,498,64
2021,Bath and North East Somerset 014A,E01014435,495,223,139,84,272,237,35
2021,Bath and North East Somerset 014B,E01014436,637,276,151,125,361,319,42
2021,Bath and North East Somerset 014C,E01014437,632,219,94,125,413,361,52
2021,Bath and North East Somerset 014D,E01014438,577,206,79,127,371,322,49
2021,Bath and North East Somerset 023C,E01014439,840,279,98,181,561,493,68
2021,Bath and North East Somerset 023D,E01014440,1385,418,122,296,967,819,148
2021,Bath and North East Somerset 023E,E01014441,1003,320,123,197,683,575,108
2021,Bath and North East Somerset 022B,E01014442,900,277,88,189,623,540,83
2021,Bath and North East Somerset 022C,E01014443,850,289,95,194,561,490,71
2021,Bath and North East Somerset 022D,E01014444,907,310,100,210,597,522,75
2021,Bath and North East Somerset 022E,E01014445,786,278,103,175,508,454,54
2021,Bath and North East Somerset 020D,E01014446,637,209,82,127,428,347,81
2021,Bath and North East Somerset 020E,E01014447,1024,309,104,205,715,597,118
2021,Bath and North East Somerset 024A,E01014448,666,208,78,130,458,383,75
2021,Bath and North East Somerset 024B,E01014449,791,249,95,154,542,462,80
2021,Bath and North East Somerset 024C,E01014450,677,216,64,152,461,383,78
2021,Bath and North East Somerset 024D,E01014451,896,278,98,180,618,545,73
2021,Bath and North East Somerset 016C,E01014452,611,219,96,123,392,334,58
2021,Bath and North East Somerset 016D,E01014453,602,219,95,124,383,314,69
2021,Bath and North East Somerset 016E,E01014454,647,242,78,164,405,330,75
2021,Bath and North East Somerset 015A,E01014455,636,227,93,134,409,344,65
2021,Bath and North East Somerset 015B,E01014456,758,255,97,158,503,442,61
2021,Bath and North East Somerset 015C,E01014457,674,239,84,155,435,388,47
2021,Bath and North East Somerset 015D,E01014458,557,221,66,155,336,296,40
2021,Bath and North East Somerset 016F,E01014459,706,250,85,165,456,374,82
2021,Bath and North East Somerset 016G,E01014460,510,169,62,107,341,280,61
2021,Bath and North East Somerset 011A,E01014461,600,231,80,151,369,334,35
2021,Bath and North East Somerset 011B,E01014462,634,236,70,166,398,362,36
2021,Bath and North East Somerset 011C,E01014463,691,247,93,154,444,406,38
2021,Bath and North East Somerset 011D,E01014464,649,274,130,144,375,344,31
2021,Bath and North East Somerset 006A,E01014465,818,291,89,202,527,447,80
2021,Bath and North East Somerset 006B,E01014466,683,266,103,163,417,363,54
2021,Bath and North East Somerset 006C,E01014467,859,260,97,163,599,496,103
2021,Bath and North East Somerset 006D,E01014468,801,247,98,149,554,467,87
2021,Bath and North East Somerset 026A,E01014469,642,196,73,123,446,389,57
2021,Bath and North East Somerset 026B,E01014470,967,299,99,200,668,598,70
2021,Bath and North East Somerset 026C,E01014471,835,280,76,204,555,468,87
2021,Bath and North East Somerset 026D,E01014472,927,297,88,209,630,543,87
2021,Bath and North East Somerset 013A,E01014473,656,268,139,129,388,335,53
2021,Bath and North East Somerset 013B,E01014474,577,226,92,134,351,318,33
2021,Bath and North East Somerset 013D,E01014476,646,247,120,127,399,354,45
2021,Bath and North East Somerset 005A,E01014477,679,234,76,158,445,371,74
2021,Bath and North East Somerset 005B,E01014478,530,208,66,142,322,278,44
2021,Bath and North East Somerset 005C,E01014479,673,219,85,134,454,384,70
2021,Bath and North East Somerset 005D,E01014480,712,218,65,153,494,437,57
2021,Bath and North East Somerset 012C,E01014481,649,219,125,94,430,361,69
2021,Bath and North East Somerset 012D,E01014482,539,201,77,124,338,244,94
2021,Bath and North East Somerset 012E,E01014483,600,219,94,125,381,313,68
2021,Bath and North East Somerset 012F,E01014484,684,266,133,133,418,358,60
2021,Bristol 058A,E01014485,1167,365,101,264,802,715,87
2021,Bristol 058C,E01014486,1481,464,178,286,1017,913,104
2021,Bristol 020A,E01014487,1117,349,151,198,768,664,104
2021,Bristol 058B,E01014488,1195,400,143,257,795,689,106
2021,Bristol 059A,E01014489,1554,466,186,280,1088,978,110
2021,Bristol 020B,E01014491,1189,404,140,264,785,685,100
2021,Bristol 008A,E01014492,724,208,50,158,516,474,42
2021,Bristol 008B,E01014493,755,198,53,145,557,487,70
2021,Bristol 008C,E01014494,854,257,72,185,597,517,80
2021,Bristol 008D,E01014495,877,231,70,161,646,564,82
2021,Bristol 008E,E01014496,1183,246,74,172,937,791,146
2021,Bristol 003A,E01014497,819,206,60,146,613,548,65
2021,Bristol 003B,E01014498,726,229,66,163,497,421,76
2021,Bristol 008F,E01014499,773,228,56,172,545,478,67
2021,Bristol 039A,E01014500,1172,273,91,182,899,812,87
2021,Bristol 041A,E01014501,1003,293,86,207,710,629,81
2021,Bristol 039B,E01014502,1168,299,98,201,869,774,95
2021,Bristol 041B,E01014504,1019,238,78,160,781,704,77
2021,Bristol 041C,E01014505,1261,312,86,226,949,849,100
2021,Bristol 041D,E01014506,886,262,63,199,624,553,71
2021,Bristol 016A,E01014507,1045,310,124,186,735,640,95
2021,Bristol 016B,E01014508,944,288,117,171,656,560,96
2021,Bristol 016C,E01014509,1601,456,151,305,1145,1025,120
2021,Bristol 010A,E01014510,1173,351,125,226,822,719,103
2021,Bristol 016D,E01014511,791,266,104,162,525,454,71
2021,Bristol 016E,E01014512,810,282,107,175,528,454,74
2021,Bristol 016F,E01014513,874,306,102,204,568,486,82
2021,Bristol 016G,E01014514,1262,400,135,265,862,772,90
2021,Bristol 050A,E01014515,666,188,51,137,478,411,67
2021,Bristol 050B,E01014516,554,189,54,135,365,329,36
2021,Bristol 050C,E01014517,582,195,46,149,387,344,43
2021,Bristol 046A,E01014518,1043,268,81,187,775,694,81
2021,Bristol 046B,E01014519,673,190,48,142,483,429,54
2021,Bristol 046C,E01014520,830,250,77,173,580,510,70
2021,Bristol 046D,E01014521,695,225,72,153,470,404,66
2021,Bristol 050D,E01014522,896,272,76,196,624,559,65
2021,Bristol 038A,E01014523,848,225,67,158,623,555,68
2021,Bristol 038B,E01014524,836,248,80,168,588,530,58
2021,Bristol 038C,E01014525,937,254,70,184,683,603,80
2021,Bristol 038D,E01014526,739,239,72,167,500,450,50
2021,Bristol 038E,E01014527,748,202,49,153,546,489,57
2021,Bristol 035A,E01014528,980,220,52,168,760,688,72
2021,Bristol 035B,E01014529,700,222,68,154,478,429,49
2021,Bristol 035C,E01014530,848,210,52,158,638,582,56
2021,Bristol 035D,E01014531,1429,294,93,201,1135,1019,116
2021,Bristol 035E,E01014532,900,237,78,159,663,581,82
2021,Bristol 043A,E01014533,901,258,87,171,643,559,84
2021,Bristol 043B,E01014534,980,269,78,191,711,637,74
2021,Bristol 043C,E01014535,1066,346,115,231,720,643,77
2021,Bristol 043D,E01014536,765,220,58,162,545,486,59
2021,Bristol 035F,E01014537,966,274,76,198,692,616,76
2021,Bristol 060A,E01014538,743,234,136,98,509,447,62
2021,Bristol 025A,E01014539,948,295,130,165,653,553,100
2021,Bristol 030A,E01014544,607,150,78,72,457,355,102
2021,Bristol 030B,E01014545,896,228,109,119,668,529,139
2021,Bristol 030C,E01014546,881,209,111,98,672,549,123
2021,Bristol 030D,E01014547,1019,225,94,131,794,662,132
2021,Bristol 034A,E01014548,947,273,123,150,674,572,102
2021,Bristol 034B,E01014549,610,186,90,96,424,359,65
2021,Bristol 034C,E01014550,1117,309,158,151,808,711,97
2021,Bristol 026A,E01014551,1106,276,146,130,830,714,116
2021,Bristol 026B,E01014552,1045,289,142,147,756,655,101
2021,Bristol 026C,E01014553,982,284,163,121,698,594,104
2021,Bristol 026D,E01014554,1059,289,132,157,770,642,128
2021,Bristol 034D,E01014555,788,241,153,88,547,471,76
2021,Bristol 026E,E01014556,989,252,118,134,737,618,119
2021,Bristol 022A,E01014557,805,259,134,125,546,456,90
2021,Bristol 022B,E01014558,872,233,137,96,639,565,74
2021,Bristol 022C,E01014559,1025,311,154,157,714,588,126
2021,Bristol 022D,E01014560,946,241,119,122,705,579,126
2021,Bristol 025C,E01014561,1044,255,116,139,789,668,121
2021,Bristol 022E,E01014562,797,251,144,107,546,471,75
2021,Bristol 025D,E01014563,1106,281,139,142,825,723,102
2021,Bristol 055A,E01014564,1066,380,116,264,686,622,64
2021,Bristol 029A,E01014565,1026,288,66,222,738,668,70
2021,Bristol 029B,E01014566,1110,277,82,195,833,738,95
2021,Bristol 029C,E01014567,1258,328,109,219,930,839,91
2021,Bristol 057A,E01014568,1378,450,166,284,928,823,105
2021,Bristol 057B,E01014569,1233,447,132,315,786,720,66
2021,Bristol 057C,E01014570,1146,404,114,290,742,664,78
2021,Bristol 012A,E01014571,732,310,105,205,422,393,29
2021,Bristol 019A,E01014572,1152,381,143,238,771,681,90
2021,Bristol 019B,E01014573,1063,365,137,228,698,598,100
2021,Bristol 057D,E01014574,1149,397,126,271,752,667,85
2021,Bristol 019C,E01014575,813,299,96,203,514,450,64
2021,Bristol 019D,E01014576,1186,356,104,252,830,753,77
2021,Bristol 012B,E01014577,827,256,94,162,571,499,72
2021,Bristol 044A,E01014578,904,297,97,200,607,545,62
2021,Bristol 045A,E01014579,795,258,82,176,537,479,58
2021,Bristol 045B,E01014580,616,207,64,143,409,365,44
2021,Bristol 045C,E01014581,647,196,57,139,451,396,55
2021,Bristol 045D,E01014582,609,198,65,133,411,370,41
2021,Bristol 044B,E01014583,847,252,76,176,595,524,71
2021,Bristol 045E,E01014584,646,221,62,159,425,373,52
2021,Bristol 044C,E01014585,775,271,80,191,504,460,44
2021,Bristol 012C,E01014586,687,219,72,147,468,410,58
2021,Bristol 012D,E01014587,666,227,90,137,439,391,48
2021,Bristol 013A,E01014588,1158,336,112,224,822,732,90
2021,Bristol 013B,E01014589,628,251,74,177,377,321,56
2021,Bristol 013C,E01014590,1169,368,144,224,801,711,90
2021,Bristol 013D,E01014591,925,290,112,178,635,559,76
2021,Bristol 013E,E01014592,870,282,84,198,588,539,49
2021,Bristol 051A,E01014593,535,178,53,125,357,321,36
2021,Bristol 048A,E01014594,618,224,73,151,394,336,58
2021,Bristol 051B,E01014595,659,185,52,133,474,433,41
2021,Bristol 051C,E01014596,725,236,72,164,489,437,52
2021,Bristol 051D,E01014597,596,215,70,145,381,333,48
2021,Bristol 048B,E01014598,1325,305,105,200,1020,900,120
2021,Bristol 048C,E01014599,708,219,61,158,489,429,60
2021,Bristol 048D,E01014600,705,224,59,165,481,418,63
2021,Bristol 001A,E01014601,825,249,62,187,576,498,78
2021,Bristol 001B,E01014602,882,287,80,207,595,521,74
2021,Bristol 001C,E01014603,1398,387,130,257,1011,905,106
2021,Bristol 001E,E01014605,758,221,74,147,537,463,74
2021,Bristol 047A,E01014607,802,241,59,182,561,513,48
2021,Bristol 047B,E01014608,836,277,81,196,559,502,57
2021,Bristol 047C,E01014609,869,277,88,189,592,518,74
2021,Bristol 047D,E01014610,706,204,71,133,502,445,57
2021,Bristol 052A,E01014611,651,223,67,156,428,378,50
2021,Bristol 052B,E01014612,668,221,56,165,447,400,47
2021,Bristol 047E,E01014613,844,261,78,183,583,516,67
2021,Bristol 047F,E01014614,706,235,71,164,471,412,59
2021,Bristol 011A,E01014615,732,247,89,158,485,411,74
2021,Bristol 006A,E01014616,736,259,98,161,477,385,92
2021,Bristol 011B,E01014617,679,230,79,151,449,384,65
2021,Bristol 011C,E01014618,701,243,86,157,458,355,103
2021,Bristol 017A,E01014619,770,205,78,127,565,468,97
2021,Bristol 011D,E01014620,724,236,84,152,488,394,94
2021,Bristol 017B,E01014621,819,263,92,171,556,473,83
2021,Bristol 021A,E01014622,906,290,84,206,616,545,71
2021,Bristol 021B,E01014623,885,314,107,207,571,508,63
2021,Bristol 018A,E01014624,848,261,62,199,587,516,71
2021,Bristol 021C,E01014626,1314,407,148,259,907,823,84
2021,Bristol 021D,E01014627,1185,336,114,222,849,769,80
2021,Bristol 018D,E01014629,698,243,63,180,455,406,49
2021,Bristol 005A,E01014630,1032,290,111,179,742,675,67
2021,Bristol 004A,E01014631,600,160,51,109,440,381,59
2021,Bristol 004B,E01014632,1245,337,121,216,908,822,86
2021,Bristol 004C,E01014633,1003,279,93,186,724,639,85
2021,Bristol 005B,E01014634,1088,338,123,215,750,675,75
2021,Bristol 010B,E01014635,1095,292,106,186,803,718,85
2021,Bristol 004D,E01014636,706,236,69,167,470,428,42
2021,Bristol 010C,E01014637,830,282,127,155,548,489,59
2021,Bristol 003C,E01014638,739,246,75,171,493,423,70
2021,Bristol 003D,E01014639,604,220,53,167,384,337,47
2021,Bristol 003E,E01014640,749,231,62,169,518,442,76
2021,Bristol 007A,E01014641,693,227,82,145,466,385,81
2021,Bristol 007B,E01014642,726,217,66,151,509,445,64
2021,Bristol 007C,E01014643,633,214,57,157,419,365,54
2021,Bristol 007D,E01014644,816,272,94,178,544,478,66
2021,Bristol 042A,E01014645,845,272,89,183,573,499,74
2021,Bristol 042B,E01014646,832,243,70,173,589,520,69
2021,Bristol 044D,E01014647,770,258,79,179,512,452,60
2021,Bristol 042C,E01014648,938,282,95,187,656,563,93
2021,Bristol 042D,E01014649,986,299,88,211,687,592,95
2021,Bristol 044E,E01014650,837,267,89,178,570,492,78
2021,Bristol 042E,E01014651,1004,282,88,194,722,625,97
2021,Bristol 055B,E01014653,1013,415,127,288,598,522,76
2021,Bristol 056A,E01014654,1064,447,177,270,617,543,74
2021,Bristol 055C,E01014655,1287,481,205,276,806,710,96
2021,Bristol 056B,E01014658,766,343,120,223,423,376,47
2021,Bristol 005C,E01014659,1026,306,116,190,720,652,68
2021,Bristol 014A,E01014660,1048,315,92,223,733,662,71
2021,Bristol 005D,E01014661,829,295,103,192,534,458,76
2021,Bristol 010D,E01014662,855,274,87,187,581,518,63
2021,Bristol 014B,E01014663,683,258,82,176,425,389,36
2021,Bristol 014C,E01014664,844,277,88,189,567,513,54
2021,Bristol 014D,E01014665,1145,427,165,262,718,618,100
2021,Bristol 017C,E01014666,964,280,106,174,684,586,98
2021,Bristol 017D,E01014667,945,297,114,183,648,554,94
2021,Bristol 020C,E01014668,892,286,110,176,606,520,86
2021,Bristol 020D,E01014669,909,240,85,155,669,560,109
2021,Bristol 020E,E01014670,879,235,87,148,644,568,76
2021,Bristol 020F,E01014671,921,276,123,153,645,553,92
2021,Bristol 017E,E01014672,1131,265,132,133,866,736,130
2021,Bristol 027A,E01014673,1082,302,97,205,780,696,84
2021,Bristol 027B,E01014674,875,242,62,180,633,566,67
2021,Bristol 027C,E01014675,997,288,86,202,709,615,94
2021,Bristol 027D,E01014676,781,238,77,161,543,489,54
2021,Bristol 033A,E01014677,992,265,81,184,727,625,102
2021,Bristol 033B,E01014678,882,256,55,201,626,559,67
2021,Bristol 033C,E01014679,854,256,65,191,598,533,65
2021,Bristol 033D,E01014680,695,207,72,135,488,439,49
2021,Bristol 029D,E01014681,1493,394,115,279,1099,967,132
2021,Bristol 028A,E01014682,970,245,81,164,725,646,79
2021,Bristol 028B,E01014683,1004,298,97,201,706,631,75
2021,Bristol 029E,E01014684,1282,352,110,242,930,826,104
2021,Bristol 028C,E01014685,768,269,69,200,499,454,45
2021,Bristol 028D,E01014686,1007,310,84,226,697,628,69
2021,Bristol 028E,E01014687,896,250,70,180,646,581,65
2021,Bristol 002A,E01014688,877,259,72,187,618,543,75
2021,Bristol 002B,E01014689,685,239,64,175,446,397,49
2021,Bristol 002C,E01014690,1102,322,91,231,780,708,72
2021,Bristol 002D,E01014691,853,243,75,168,610,549,61
2021,Bristol 002E,E01014692,873,264,93,171,609,560,49
2021,Bristol 002F,E01014693,743,211,55,156,532,468,64
2021,Bristol 002G,E01014694,755,223,67,156,532,480,52
2021,Bristol 036A,E01014695,1170,318,114,204,852,752,100
2021,Bristol 036B,E01014696,1184,289,72,217,895,779,116
2021,Bristol 036C,E01014698,1308,310,110,200,998,887,111
2021,Bristol 036D,E01014699,982,235,70,165,747,662,85
2021,Bristol 036E,E01014700,998,285,94,191,713,630,83
2021,Bristol 036F,E01014701,1252,319,113,206,933,834,99
2021,Bristol 049A,E01014702,743,223,58,165,520,447,73
2021,Bristol 049B,E01014703,723,241,67,174,482,441,41
2021,Bristol 049C,E01014704,934,290,96,194,644,572,72
2021,Bristol 049D,E01014705,645,217,65,152,428,368,60
2021,Bristol 049E,E01014706,542,174,45,129,368,321,47
2021,Bristol 049F,E01014707,766,266,84,182,500,431,69
2021,Bristol 049G,E01014708,941,301,109,192,640,548,92
2021,Bristol 015A,E01014709,604,162,76,86,442,335,107
2021,Bristol 015B,E01014710,655,188,94,94,467,347,120
2021,Bristol 015C,E01014711,552,186,68,118,366,298,68
2021,Bristol 015D,E01014712,548,192,76,116,356,292,64
2021,Bristol 015E,E01014713,604,200,78,122,404,325,79
2021,Bristol 015F,E01014714,758,327,179,148,431,353,78
2021,Bristol 009A,E01014715,752,273,86,187,479,392,87
2021,Bristol 009B,E01014716,715,246,98,148,469,387,82
2021,Bristol 009C,E01014717,584,194,58,136,390,299,91
2021,Bristol 009D,E01014718,717,207,78,129,510,423,87
2021,Bristol 006B,E01014719,754,217,79,138,537,443,94
2021,Bristol 006C,E01014720,772,243,69,174,529,451,78
2021,Bristol 006D,E01014721,688,198,62,136,490,428,62
2021,Bristol 052C,E01014722,743,238,73,165,505,441,64
2021,Bristol 052D,E01014723,690,225,61,164,465,405,60
2021,Bristol 052E,E01014725,732,212,56,156,520,447,73
2021,Bristol 053B,E01014726,651,234,60,174,417,375,42
2021,Bristol 053C,E01014727,599,218,64,154,381,340,41
2021,Bristol 040A,E01014729,941,260,87,173,681,614,67
2021,Bristol 037A,E01014730,1145,260,80,180,885,807,78
2021,Bristol 037B,E01014731,1087,255,73,182,832,740,92
2021,Bristol 037C,E01014732,1099,276,97,179,823,722,101
2021,Bristol 040B,E01014733,1177,349,113,236,828,740,88
2021,Bristol 040C,E01014734,992,273,64,209,719,632,87
2021,Bristol 037D,E01014735,1058,289,96,193,769,694,75
2021,Bristol 040D,E01014736,1165,326,99,227,839,763,76
2021,North Somerset 011A,E01014737,733,267,97,170,466,388,78
2021,North Somerset 011B,E01014738,723,259,96,163,464,395,69
2021,North Somerset 011C,E01014739,700,240,99,141,460,359,101
2021,North Somerset 011D,E01014740,725,236,95,141,489,374,115
2021,North Somerset 024A,E01014741,624,208,76,132,416,326,90
2021,North Somerset 024B,E01014742,618,216,85,131,402,327,75
2021,North Somerset 023A,E01014744,639,215,85,130,424,334,90
2021,North Somerset 024C,E01014745,713,244,88,156,469,382,87
2021,North Somerset 023B,E01014746,724,240,84,156,484,390,94
2021,North Somerset 024D,E01014747,679,220,90,130,459,358,101
2021,North Somerset 024E,E01014748,612,207,98,109,405,313,92
2021,North Somerset 024F,E01014749,679,249,87,162,430,344,86
2021,North Somerset 007A,E01014750,861,291,105,186,570,501,69
2021,North Somerset 007B,E01014751,732,235,77,158,497,423,74
2021,North Somerset 005A,E01014752,795,263,95,168,532,441,91
2021,North Somerset 007C,E01014753,900,297,84,213,603,541,62
2021,North Somerset 005B,E01014754,605,194,84,110,411,340,71
2021,North Somerset 007D,E01014755,612,199,79,120,413,345,68
2021,North Somerset 010A,E01014756,738,204,71,133,534,469,65
2021,North Somerset 010B,E01014757,716,227,72,155,489,428,61
2021,North Somerset 005C,E01014758,545,193,83,110,352,273,79
2021,North Somerset 005D,E01014759,594,224,87,137,370,314,56
2021,North Somerset 007E,E01014760,667,255,95,160,412,365,47
2021,North Somerset 010C,E01014761,776,246,79,167,530,460,70
2021,North Somerset 010D,E01014762,734,254,95,159,480,425,55
2021,North Somerset 010E,E01014763,947,292,86,206,655,580,75
2021,North Somerset 014A,E01014764,769,282,113,169,487,406,81
2021,North Somerset 014B,E01014765,816,301,113,188,515,431,84
2021,North Somerset 004A,E01014766,681,204,89,115,477,353,124
2021,North Somerset 004B,E01014767,607,211,94,117,396,318,78
2021,North Somerset 023D,E01014770,537,175,60,115,362,295,67
2021,North Somerset 023E,E01014771,599,217,85,132,382,319,63
2021,North Somerset 023F,E01014772,628,224,79,145,404,312,92
2021,North Somerset 014C,E01014773,967,331,110,221,636,523,113
2021,North Somerset 014D,E01014774,828,290,95,195,538,426,112
2021,North Somerset 009A,E01014775,580,210,81,129,370,324,46
2021,North Somerset 009B,E01014776,603,202,55,147,401,344,57
2021,North Somerset 009C,E01014777,725,227,75,152,498,441,57
2021,North Somerset 009D,E01014778,503,192,78,114,311,255,56
2021,North Somerset 009E,E01014779,493,171,68,103,322,267,55
2021,North Somerset 008A,E01014780,820,277,109,168,543,482,61
2021,North Somerset 008B,E01014781,712,234,88,146,478,401,77
2021,North Somerset 008C,E01014782,581,184,58,126,397,351,46
2021,North Somerset 008D,E01014783,750,245,86,159,505,420,85
2021,North Somerset 008E,E01014784,729,261,85,176,468,423,45
2021,North Somerset 008F,E01014785,570,204,67,137,366,312,54
2021,North Somerset 004C,E01014786,808,248,69,179,560,480,80
2021,North Somerset 004D,E01014787,1007,310,110,200,697,608,89
2021,North Somerset 002A,E01014789,576,202,76,126,374,301,73
2021,North Somerset 001B,E01014790,707,254,94,160,453,375,78
2021,North Somerset 003B,E01014792,786,259,95,164,527,436,91
2021,North Somerset 002B,E01014793,762,246,81,165,516,436,80
2021,North Somerset 002C,E01014794,761,285,94,191,476,384,92
2021,North Somerset 001C,E01014795,724,229,73,156,495,414,81
2021,North Somerset 003C,E01014796,768,282,109,173,486,419,67
2021,North Somerset 001D,E01014797,843,292,109,183,551,468,83
2021,North Somerset 002D,E01014798,670,242,84,158,428,365,63
2021,North Somerset 020A,E01014799,878,257,86,171,621,541,80
2021,North Somerset 020B,E01014800,832,235,74,161,597,531,66
2021,North Somerset 020C,E01014801,663,229,91,138,434,376,58
2021,North Somerset 020D,E01014802,724,211,79,132,513,447,66
2021,North Somerset 025A,E01014803,662,237,76,161,425,351,74
2021,North Somerset 022A,E01014804,562,168,59,109,394,326,68
2021,North Somerset 025B,E01014805,666,221,79,142,445,388,57
2021,North Somerset 022B,E01014806,654,197,75,122,457,388,69
2021,North Somerset 022C,E01014807,803,266,93,173,537,450,87
2021,North Somerset 022D,E01014808,744,247,91,156,497,405,92
2021,North Somerset 020E,E01014809,1032,314,105,209,718,628,90
2021,North Somerset 020F,E01014811,804,258,74,184,546,466,80
2021,North Somerset 017A,E01014812,599,187,54,133,412,350,62
2021,North Somerset 017B,E01014813,924,315,91,224,609,541,68
2021,North Somerset 017C,E01014815,617,208,71,137,409,361,48
2021,North Somerset 017D,E01014816,696,233,58,175,463,388,75
2021,North Somerset 016A,E01014817,730,234,102,132,496,434,62
2021,North Somerset 017E,E01014818,845,272,83,189,573,485,88
2021,North Somerset 017F,E01014819,668,216,69,147,452,389,63
2021,North Somerset 016B,E01014820,605,185,47,138,420,366,54
2021,North Somerset 015A,E01014821,627,193,51,142,434,360,74
2021,North Somerset 015B,E01014822,733,222,81,141,511,437,74
2021,North Somerset 015C,E01014823,670,233,74,159,437,369,68
2021,North Somerset 015D,E01014824,711,229,75,154,482,401,81
2021,North Somerset 015E,E01014825,587,194,61,133,393,332,61
2021,North Somerset 015F,E01014826,828,255,69,186,573,488,85
2021,North Somerset 015G,E01014827,648,239,65,174,409,348,61
2021,North Somerset 025C,E01014828,630,199,47,152,431,383,48
2021,North Somerset 021A,E01014829,830,261,82,179,569,493,76
2021,North Somerset 021B,E01014830,783,239,75,164,544,468,76
2021,North Somerset 021C,E01014831,469,180,53,127,289,253,36
2021,North Somerset 021D,E01014832,568,197,60,137,371,331,40
2021,North Somerset 021E,E01014833,578,205,52,153,373,317,56
2021,North Somerset 025D,E01014834,580,194,51,143,386,330,56
2021,North Somerset 016C,E01014835,550,186,48,138,364,328,36
2021,North Somerset 016D,E01014836,601,210,61,149,391,340,51
2021,North Somerset 016E,E01014838,646,208,66,142,438,359,79
2021,North Somerset 026A,E01014839,826,291,83,208,535,466,69
2021,North Somerset 016F,E01014840,567,190,43,147,377,317,60
2021,North Somerset 018A,E01014841,949,270,96,174,679,579,100
2021,North Somerset 018B,E01014842,776,230,71,159,546,456,90
2021,North Somerset 018C,E01014843,659,207,71,136,452,378,74
2021,North Somerset 018D,E01014844,702,196,78,118,506,441,65
2021,North Somerset 018E,E01014845,578,157,52,105,421,346,75
2021,North Somerset 018F,E01014846,717,203,63,140,514,444,70
2021,North Somerset 013A,E01014847,921,310,105,205,611,469,142
2021,North Somerset 013B,E01014848,723,245,92,153,478,376,102
2021,North Somerset 006B,E01014849,751,253,99,154,498,404,94
2021,North Somerset 006C,E01014850,1047,331,134,197,716,589,127
2021,North Somerset 006D,E01014851,1337,397,116,281,940,786,154
2021,North Somerset 006E,E01014852,779,274,111,163,505,404,101
2021,North Somerset 013C,E01014853,785,249,91,158,536,433,103
2021,North Somerset 013D,E01014854,694,212,75,137,482,370,112
2021,North Somerset 012A,E01014855,686,229,76,153,457,370,87
2021,North Somerset 012B,E01014856,1063,305,123,182,758,623,135
2021,North Somerset 012C,E01014857,686,228,83,145,458,382,76
2021,North Somerset 012D,E01014858,939,308,108,200,631,512,119
2021,North Somerset 012E,E01014859,735,270,97,173,465,397,68
2021,North Somerset 012F,E01014860,721,222,63,159,499,421,78
2021,South Gloucestershire 005A,E01014861,1216,313,120,193,903,729,174
2021,South Gloucestershire 005B,E01014862,1423,442,174,268,981,798,183
2021,South Gloucestershire 004A,E01014863,649,218,92,126,431,373,58
2021,South Gloucestershire 004B,E01014864,650,188,70,118,462,373,89
2021,South Gloucestershire 024A,E01014865,1127,357,118,239,770,650,120
2021,South Gloucestershire 032A,E01014866,791,264,85,179,527,454,73
2021,South Gloucestershire 019A,E01014867,620,217,71,146,403,351,52
2021,South Gloucestershire 024B,E01014869,765,255,95,160,510,398,112
2021,South Gloucestershire 024C,E01014870,791,262,98,164,529,397,132
2021,South Gloucestershire 024D,E01014871,582,193,53,140,389,335,54
2021,South Gloucestershire 009A,E01014872,992,230,61,169,762,681,81
2021,South Gloucestershire 012A,E01014873,804,233,71,162,571,501,70
2021,South Gloucestershire 009B,E01014874,919,230,73,157,689,627,62
2021,South Gloucestershire 012B,E01014875,1101,237,82,155,864,773,91
2021,South Gloucestershire 009C,E01014876,1109,252,87,165,857,765,92
2021,South Gloucestershire 009D,E01014877,947,230,65,165,717,641,76
2021,South Gloucestershire 012C,E01014878,1309,317,91,226,992,887,105
2021,South Gloucestershire 009E,E01014879,887,236,79,157,651,573,78
2021,South Gloucestershire 012D,E01014880,1102,292,105,187,810,730,80
2021,South Gloucestershire 009F,E01014881,1176,279,97,182,897,796,101
2021,South Gloucestershire 012E,E01014882,1179,303,98,205,876,776,100
2021,South Gloucestershire 012F,E01014883,703,165,55,110,538,479,59
2021,South Gloucestershire 003A,E01014884,1014,352,131,221,662,538,124
2021,South Gloucestershire 003B,E01014885,1238,372,120,252,866,741,125
2021,South Gloucestershire 008A,E01014886,820,259,100,159,561,490,71
2021,South Gloucestershire 008B,E01014887,653,243,88,155,410,353,57
2021,South Gloucestershire 008C,E01014888,835,258,88,170,577,497,80
2021,South Gloucestershire 008D,E01014889,700,207,59,148,493,432,61
2021,South Gloucestershire 024E,E01014890,1096,401,161,240,695,544,151
2021,South Gloucestershire 024F,E01014891,888,276,110,166,612,439,173
2021,South Gloucestershire 014A,E01014892,925,264,80,184,661,576,85
2021,South Gloucestershire 014B,E01014893,792,235,85,150,557,484,73
2021,South Gloucestershire 014C,E01014894,651,181,66,115,470,414,56
2021,South Gloucestershire 014D,E01014895,802,245,90,155,557,501,56
2021,South Gloucestershire 014E,E01014896,735,238,70,168,497,442,55
2021,South Gloucestershire 022A,E01014897,796,266,84,182,530,442,88
2021,South Gloucestershire 022B,E01014898,912,284,90,194,628,546,82
2021,South Gloucestershire 022C,E01014899,842,237,78,159,605,531,74
2021,South Gloucestershire 022D,E01014900,772,227,87,140,545,462,83
2021,South Gloucestershire 020A,E01014901,873,305,92,213,568,490,78
2021,South Gloucestershire 020B,E01014902,675,226,62,164,449,376,73
2021,South Gloucestershire 020C,E01014903,724,229,60,169,495,418,77
2021,South Gloucestershire 018A,E01014904,717,248,92,156,469,418,51
2021,South Gloucestershire 018B,E01014905,895,266,79,187,629,557,72
2021,South Gloucestershire 018C,E01014906,767,256,88,168,511,465,46
2021,South Gloucestershire 018D,E01014907,881,258,94,164,623,562,61
2021,South Gloucestershire 018E,E01014908,750,237,76,161,513,464,49
2021,South Gloucestershire 018F,E01014909,825,280,111,169,545,487,58
2021,South Gloucestershire 018G,E01014910,824,222,74,148,602,559,43
2021,South Gloucestershire 013A,E01014911,648,249,90,159,399,328,71
2021,South Gloucestershire 013B,E01014912,921,281,93,188,640,561,79
2021,South Gloucestershire 013C,E01014913,789,250,73,177,539,480,59
2021,South Gloucestershire 013D,E01014914,1042,317,102,215,725,646,79
2021,South Gloucestershire 028A,E01014915,811,272,74,198,539,468,71
2021,South Gloucestershire 031A,E01014916,829,231,77,154,598,529,69
2021,South Gloucestershire 031B,E01014917,826,271,82,189,555,481,74
2021,South Gloucestershire 031C,E01014918,724,231,73,158,493,433,60
2021,South Gloucestershire 031D,E01014919,651,224,73,151,427,377,50
2021,South Gloucestershire 031E,E01014920,659,213,66,147,446,384,62
2021,South Gloucestershire 031F,E01014921,834,256,90,166,578,507,71
2021,South Gloucestershire 026A,E01014922,737,203,67,136,534,495,39
2021,South Gloucestershire 026B,E01014923,712,233,77,156,479,429,50
2021,South Gloucestershire 026C,E01014924,1020,274,78,196,746,663,83
2021,South Gloucestershire 027A,E01014925,745,240,73,167,505,443,62
2021,South Gloucestershire 027B,E01014926,784,257,71,186,527,467,60
2021,South Gloucestershire 027C,E01014927,986,240,78,162,746,649,97
2021,South Gloucestershire 027D,E01014928,706,209,54,155,497,439,58
2021,South Gloucestershire 003C,E01014929,1185,388,139,249,797,636,161
2021,South Gloucestershire 003D,E01014930,1106,385,141,244,721,582,139
2021,South Gloucestershire 032B,E01014931,804,243,84,159,561,486,75
2021,South Gloucestershire 032C,E01014932,727,245,69,176,482,407,75
2021,South Gloucestershire 032D,E01014933,735,223,60,163,512,456,56
2021,South Gloucestershire 032E,E01014934,603,202,59,143,401,334,67
2021,South Gloucestershire 032F,E01014935,777,223,64,159,554,485,69
2021,South Gloucestershire 030A,E01014936,735,228,65,163,507,431,76
2021,South Gloucestershire 032G,E01014937,617,222,69,153,395,337,58
2021,South Gloucestershire 030B,E01014938,859,287,89,198,572,503,69
2021,South Gloucestershire 030C,E01014939,641,229,73,156,412,368,44
2021,South Gloucestershire 030D,E01014940,695,227,75,152,468,404,64
2021,South Gloucestershire 030E,E01014941,762,250,77,173,512,441,71
2021,South Gloucestershire 030F,E01014942,741,211,45,166,530,459,71
2021,South Gloucestershire 029A,E01014943,1109,281,73,208,828,743,85
2021,South Gloucestershire 029B,E01014944,1028,336,94,242,692,604,88
2021,South Gloucestershire 030G,E01014945,837,242,73,169,595,493,102
2021,South Gloucestershire 033C,E01014946,841,234,82,152,607,545,62
2021,South Gloucestershire 033B,E01014947,672,202,67,135,470,396,74
2021,South Gloucestershire 033A,E01014948,743,235,74,161,508,448,60
2021,South Gloucestershire 033D,E01014950,844,212,58,154,632,569,63
2021,South Gloucestershire 034B,E01014951,724,215,66,149,509,456,53
2021,South Gloucestershire 005C,E01014953,1079,299,105,194,780,651,129
2021,South Gloucestershire 005D,E01014954,795,232,63,169,563,491,72
2021,South Gloucestershire 025A,E01014955,682,226,72,154,456,381,75
2021,South Gloucestershire 025B,E01014956,778,224,61,163,554,494,60
2021,South Gloucestershire 025C,E01014957,629,189,52,137,440,385,55
2021,South Gloucestershire 027E,E01014958,547,181,46,135,366,323,43
2021,South Gloucestershire 023A,E01014959,705,223,73,150,482,426,56
2021,South Gloucestershire 023B,E01014960,886,278,75,203,608,545,63
2021,South Gloucestershire 023C,E01014961,717,257,74,183,460,411,49
2021,South Gloucestershire 004C,E01014962,854,286,120,166,568,454,114
2021,South Gloucestershire 004D,E01014963,886,295,107,188,591,473,118
2021,South Gloucestershire 021A,E01014964,865,261,81,180,604,512,92
2021,South Gloucestershire 020D,E01014965,779,256,69,187,523,464,59
2021,South Gloucestershire 021C,E01014967,1139,354,129,225,785,675,110
2021,South Gloucestershire 023D,E01014968,818,275,91,184,543,465,78
2021,South Gloucestershire 021D,E01014969,809,221,57,164,588,507,81
2021,South Gloucestershire 029C,E01014972,896,286,93,193,610,507,103
2021,South Gloucestershire 026D,E01014973,718,249,57,192,469,419,50
2021,South Gloucestershire 025D,E01014974,824,268,84,184,556,490,66
2021,South Gloucestershire 026E,E01014975,971,271,79,192,700,628,72
2021,South Gloucestershire 026F,E01014976,877,260,87,173,617,552,65
2021,South Gloucestershire 025E,E01014977,664,226,89,137,438,390,48
2021,South Gloucestershire 036A,E01014978,860,263,79,184,597,517,80
2021,South Gloucestershire 015A,E01014979,804,199,56,143,605,548,57
2021,South Gloucestershire 015B,E01014980,819,245,86,159,574,522,52
2021,South Gloucestershire 015C,E01014982,789,213,66,147,576,523,53
2021,South Gloucestershire 015D,E01014983,768,240,80,160,528,477,51
2021,South Gloucestershire 015E,E01014984,747,210,71,139,537,479,58
2021,South Gloucestershire 001A,E01014985,617,194,68,126,423,373,50
2021,South Gloucestershire 001B,E01014986,699,236,72,164,463,380,83
2021,South Gloucestershire 001C,E01014987,1233,311,89,222,922,814,108
2021,South Gloucestershire 001D,E01014988,819,238,59,179,581,491,90
2021,South Gloucestershire 001E,E01014989,1036,268,96,172,768,643,125
2021,South Gloucestershire 002A,E01014990,658,191,67,124,467,403,64
2021,South Gloucestershire 002B,E01014991,1003,288,99,189,715,626,89
2021,South Gloucestershire 002C,E01014992,700,231,70,161,469,409,60
2021,South Gloucestershire 002D,E01014993,822,249,100,149,573,497,76
2021,South Gloucestershire 019D,E01014994,903,275,99,176,628,527,101
2021,South Gloucestershire 019E,E01014995,769,261,80,181,508,436,72
2021,South Gloucestershire 036D,E01014996,822,254,84,170,568,486,82
2021,South Gloucestershire 016A,E01014998,679,210,50,160,469,424,45
2021,South Gloucestershire 016B,E01014999,779,245,71,174,534,462,72
2021,South Gloucestershire 016C,E01015000,762,232,76,156,530,462,68
2021,South Gloucestershire 016D,E01015001,762,269,94,175,493,432,61
2021,South Gloucestershire 029D,E01015002,808,234,69,165,574,511,63
2021,South Gloucestershire 028B,E01015003,815,267,67,200,548,475,73
2021,South Gloucestershire 029E,E01015004,890,263,86,177,627,560,67
2021,South Gloucestershire 028C,E01015005,1306,355,100,255,951,843,108
2021,South Gloucestershire 029F,E01015006,793,251,66,185,542,487,55
2021,South Gloucestershire 028D,E01015007,1026,306,97,209,720,643,77
2021,South Gloucestershire 028E,E01015008,912,253,72,181,659,588,71
2021,South Gloucestershire 010A,E01015009,643,182,52,130,461,399,62
2021,South Gloucestershire 010B,E01015010,703,193,55,138,510,431,79
2021,South Gloucestershire 010C,E01015011,845,271,90,181,574,504,70
2021,South Gloucestershire 010D,E01015012,817,232,74,158,585,517,68
2021,South Gloucestershire 010E,E01015013,735,217,55,162,518,465,53
2021,South Gloucestershire 006A,E01015014,1691,457,158,299,1234,1080,154
2021,South Gloucestershire 006B,E01015015,908,236,67,169,672,581,91
2021,South Gloucestershire 006C,E01015016,532,182,52,130,350,294,56
2021,South Gloucestershire 006D,E01015017,678,217,77,140,461,399,62
2021,South Gloucestershire 006E,E01015018,786,246,79,167,540,468,72
2021,South Gloucestershire 007A,E01015019,855,240,61,179,615,547,68
2021,South Gloucestershire 007B,E01015020,806,257,84,173,549,491,58
2021,South Gloucestershire 007C,E01015021,786,251,88,163,535,472,63
2021,South Gloucestershire 007D,E01015022,828,221,76,145,607,535,72
2021,Plymouth 003A,E01015023,735,251,69,182,484,423,61
2021,Plymouth 004A,E01015024,685,197,66,131,488,426,62
2021,Plymouth 001A,E01015025,710,216,78,138,494,417,77
2021,Plymouth 003B,E01015026,662,192,50,142,470,400,70
2021,Plymouth 002A,E01015027,779,229,52,177,550,478,72
2021,Plymouth 003C,E01015028,640,241,65,176,399,358,41
2021,Plymouth 008A,E01015029,992,273,70,203,719,597,122
2021,Plymouth 007A,E01015030,646,227,58,169,419,361,58
2021,Plymouth 023A,E01015031,829,270,107,163,559,474,85
2021,Plymouth 023B,E01015032,856,269,119,150,587,507,80
2021,Plymouth 016A,E01015033,796,245,88,157,551,472,79
2021,Plymouth 016B,E01015034,663,216,79,137,447,346,101
2021,Plymouth 012A,E01015035,764,258,75,183,506,447,59
2021,Plymouth 016C,E01015036,747,240,67,173,507,418,89
2021,Plymouth 012B,E01015037,617,206,59,147,411,365,46
2021,Plymouth 016D,E01015038,858,259,84,175,599,522,77
2021,Plymouth 014A,E01015039,494,145,38,107,349,307,42
2021,Plymouth 014B,E01015040,656,230,82,148,426,376,50
2021,Plymouth 014C,E01015041,881,225,64,161,656,525,131
2021,Plymouth 020A,E01015042,717,205,61,144,512,457,55
2021,Plymouth 026A,E01015043,523,181,50,131,342,296,46
2021,Plymouth 020B,E01015044,698,200,81,119,498,427,71
2021,Plymouth 026B,E01015045,636,192,64,128,444,391,53
2021,Plymouth 026C,E01015046,710,222,52,170,488,428,60
2021,Plymouth 026D,E01015047,833,275,79,196,558,461,97
2021,Plymouth 026E,E01015048,1167,313,96,217,854,752,102
2021,Plymouth 023C,E01015049,714,263,129,134,451,392,59
2021,Plymouth 023D,E01015050,790,342,191,151,448,401,47
2021,Plymouth 023E,E01015051,584,262,131,131,322,275,47
2021,Plymouth 028A,E01015052,726,267,123,144,459,408,51
2021,Plymouth 027A,E01015053,533,220,121,99,313,278,35
2021,Plymouth 027B,E01015054,641,381,242,139,260,242,18
2021,Plymouth 021A,E01015055,610,182,56,126,428,377,51
2021,Plymouth 021B,E01015056,762,199,58,141,563,486,77
2021,Plymouth 021C,E01015057,621,202,53,149,419,373,46
2021,Plymouth 012C,E01015058,636,192,51,141,444,385,59
2021,Plymouth 021D,E01015059,804,259,86,173,545,490,55
2021,Plymouth 021E,E01015060,689,222,58,164,467,405,62
2021,Plymouth 025A,E01015061,745,252,84,168,493,434,59
2021,Plymouth 025B,E01015062,789,291,126,165,498,439,59
2021,Plymouth 010A,E01015063,709,228,61,167,481,433,48
2021,Plymouth 008B,E01015064,694,229,69,160,465,392,73
2021,Plymouth 008C,E01015065,584,165,47,118,419,344,75
2021,Plymouth 012D,E01015066,691,211,60,151,480,425,55
2021,Plymouth 012E,E01015067,604,193,53,140,411,349,62
2021,Plymouth 010B,E01015068,806,245,77,168,561,486,75
2021,Plymouth 010C,E01015069,733,224,56,168,509,462,47
2021,Plymouth 007B,E01015070,1399,403,135,268,996,865,131
2021,Plymouth 008D,E01015071,698,211,53,158,487,408,79
2021,Plymouth 013A,E01015072,568,178,48,130,390,347,43
2021,Plymouth 013B,E01015073,641,208,63,145,433,380,53
2021,Plymouth 011A,E01015074,569,198,59,139,371,327,44
2021,Plymouth 014D,E01015075,675,208,68,140,467,411,56
2021,Plymouth 009A,E01015076,709,201,49,152,508,454,54
2021,Plymouth 011B,E01015077,1200,347,86,261,853,750,103
2021,Plymouth 013C,E01015078,584,198,64,134,386,338,48
2021,Plymouth 011C,E01015079,771,220,65,155,551,479,72
2021,Plymouth 013D,E01015080,711,188,39,149,523,433,90
2021,Plymouth 007C,E01015081,713,240,62,178,473,422,51
2021,Plymouth 004B,E01015082,631,177,52,125,454,410,44
2021,Plymouth 004C,E01015083,620,224,67,157,396,355,41
2021,Plymouth 004D,E01015084,628,194,45,149,434,390,44
2021,Plymouth 006A,E01015085,772,242,63,179,530,455,75
2021,Plymouth 007D,E01015086,584,176,49,127,408,364,44
2021,Plymouth 006B,E01015087,651,218,63,155,433,379,54
2021,Plymouth 006C,E01015088,593,203,60,143,390,349,41
2021,Plymouth 007E,E01015089,779,242,58,184,537,473,64
2021,Plymouth 005A,E01015090,660,229,68,161,431,384,47
2021,Plymouth 005B,E01015091,545,193,50,143,352,309,43
2021,Plymouth 005C,E01015092,1394,462,168,294,932,806,126
2021,Plymouth 005D,E01015093,576,195,55,140,381,344,37
2021,Plymouth 005E,E01015094,655,206,58,148,449,404,45
2021,Plymouth 010D,E01015095,569,179,45,134,390,355,35
2021,Plymouth 010E,E01015096,576,201,43,158,375,331,44
2021,Plymouth 001B,E01015097,887,286,98,188,601,502,99
2021,Plymouth 017A,E01015098,823,231,81,150,592,508,84
2021,Plymouth 017B,E01015099,817,245,78,167,572,490,82
2021,Plymouth 017C,E01015100,803,265,95,170,538,454,84
2021,Plymouth 016E,E01015101,683,216,72,144,467,382,85
2021,Plymouth 011D,E01015102,857,250,71,179,607,547,60
2021,Plymouth 017D,E01015103,811,236,78,158,575,495,80
2021,Plymouth 011E,E01015104,750,229,71,158,521,456,65
2021,Plymouth 017E,E01015105,830,235,78,157,595,500,95
2021,Plymouth 013E,E01015106,589,180,61,119,409,342,67
2021,Plymouth 018A,E01015107,1000,279,67,212,721,633,88
2021,Plymouth 022A,E01015108,944,273,76,197,671,555,116
2021,Plymouth 022B,E01015109,736,233,70,163,503,441,62
2021,Plymouth 018B,E01015110,767,256,86,170,511,453,58
2021,Plymouth 018C,E01015111,970,276,72,204,694,587,107
2021,Plymouth 019A,E01015112,815,232,58,174,583,501,82
2021,Plymouth 019B,E01015113,719,219,54,165,500,423,77
2021,Plymouth 019C,E01015114,718,207,61,146,511,428,83
2021,Plymouth 022C,E01015115,545,171,48,123,374,330,44
2021,Plymouth 022D,E01015116,630,186,53,133,444,389,55
2021,Plymouth 022E,E01015117,630,189,52,137,441,388,53
2021,Plymouth 019D,E01015118,784,236,60,176,548,482,66
2021,Plymouth 018D,E01015119,878,275,78,197,603,531,72
2021,Plymouth 015A,E01015120,735,230,73,157,505,434,71
2021,Plymouth 015B,E01015121,677,224,64,160,453,387,66
2021,Plymouth 019E,E01015122,769,241,70,171,528,442,86
2021,Plymouth 015C,E01015123,680,221,80,141,459,388,71
2021,Plymouth 015D,E01015124,683,237,62,175,446,387,59
2021,Plymouth 015E,E01015125,680,218,66,152,462,400,62
2021,Plymouth 030A,E01015126,600,203,55,148,397,315,82
2021,Plymouth 030B,E01015127,619,194,51,143,425,356,69
2021,Plymouth 032A,E01015128,701,221,74,147,480,399,81
2021,Plymouth 032B,E01015129,728,243,71,172,485,427,58
2021,Plymouth 032C,E01015130,767,247,75,172,520,425,95
2021,Plymouth 030C,E01015131,1021,296,97,199,725,611,114
2021,Plymouth 030D,E01015132,585,185,47,138,400,344,56
2021,Plymouth 030E,E01015133,627,206,55,151,421,347,74
2021,Plymouth 032D,E01015134,687,210,55,155,477,395,82
2021,Plymouth 031B,E01015136,721,249,75,174,472,397,75
2021,Plymouth 031C,E01015137,884,293,92,201,591,496,95
2021,Plymouth 031D,E01015138,898,271,94,177,627,531,96
2021,Plymouth 031E,E01015139,641,198,56,142,443,376,67
2021,Plymouth 032E,E01015140,584,182,45,137,402,320,82
2021,Plymouth 031F,E01015141,749,254,94,160,495,403,92
2021,Plymouth 009B,E01015142,644,182,44,138,462,394,68
2021,Plymouth 009C,E01015143,586,174,59,115,412,366,46
2021,Plymouth 009D,E01015144,660,205,57,148,455,398,57
2021,Plymouth 014E,E01015145,526,188,54,134,338,315,23
2021,Plymouth 009E,E01015146,784,264,71,193,520,440,80
2021,Plymouth 006D,E01015147,545,179,53,126,366,324,42
2021,Plymouth 006E,E01015148,703,219,49,170,484,421,63
2021,Plymouth 009F,E01015149,491,179,51,128,312,284,28
2021,Plymouth 009G,E01015150,627,189,52,137,438,385,53
2021,Plymouth 033A,E01015151,815,284,120,164,531,466,65
2021,Plymouth 027C,E01015152,804,369,161,208,435,395,40
2021,Plymouth 033C,E01015153,720,240,86,154,480,412,68
2021,Plymouth 034A,E01015155,666,254,94,160,412,357,55
2021,Plymouth 027E,E01015156,925,279,125,154,646,524,122
2021,Plymouth 002B,E01015159,725,251,70,181,474,420,54
2021,Plymouth 001C,E01015160,630,193,52,141,437,377,60
2021,Plymouth 002C,E01015161,700,196,45,151,504,433,71
2021,Plymouth 002D,E01015162,620,203,47,156,417,372,45
2021,Plymouth 003D,E01015163,729,243,72,171,486,440,46
2021,Plymouth 001D,E01015164,921,270,66,204,651,550,101
2021,Plymouth 003E,E01015165,944,291,87,204,653,569,84
2021,Plymouth 002E,E01015166,954,299,81,218,655,576,79
2021,Plymouth 020C,E01015167,817,214,54,160,603,528,75
2021,Plymouth 020D,E01015168,923,267,84,183,656,572,84
2021,Plymouth 024A,E01015169,815,285,108,177,530,453,77
2021,Plymouth 024B,E01015170,668,220,64,156,448,366,82
2021,Plymouth 020E,E01015171,834,224,76,148,610,516,94
2021,Plymouth 033B,E01015172,893,275,93,182,618,514,104
2021,Plymouth 024C,E01015173,862,260,90,170,602,517,85
2021,Plymouth 024D,E01015174,838,226,57,169,612,540,72
2021,Plymouth 025C,E01015175,833,222,75,147,611,536,75
2021,Plymouth 021F,E01015176,627,212,54,158,415,348,67
2021,Plymouth 025D,E01015177,943,270,75,195,673,579,94
2021,Plymouth 025E,E01015178,1025,305,106,199,720,633,87
2021,Plymouth 028B,E01015179,824,268,100,168,556,486,70
2021,Plymouth 028C,E01015180,733,236,64,172,497,454,43
2021,Plymouth 028D,E01015181,1149,343,119,224,806,691,115
2021,Plymouth 028E,E01015182,938,281,89,192,657,587,70
2021,Torbay 017A,E01015183,511,190,64,126,321,240,81
2021,Torbay 017B,E01015184,391,133,39,94,258,204,54
2021,Torbay 017C,E01015185,496,192,68,124,304,253,51
2021,Torbay 017D,E01015186,563,230,75,155,333,260,73
2021,Torbay 017E,E01015187,625,221,78,143,404,318,86
2021,Torbay 017F,E01015188,579,236,79,157,343,281,62
2021,Torbay 017G,E01015189,420,170,51,119,250,204,46
2021,Torbay 013A,E01015190,877,329,108,221,548,445,103
2021,Torbay 013B,E01015191,807,252,77,175,555,480,75
2021,Torbay 013C,E01015192,640,222,69,153,418,359,59
2021,Torbay 013D,E01015193,584,202,51,151,382,321,61
2021,Torbay 013E,E01015194,557,213,69,144,344,303,41
2021,Torbay 013G,E01015196,639,243,60,183,396,338,58
2021,Torbay 016A,E01015197,508,195,76,119,313,263,50
2021,Torbay 016B,E01015198,594,236,66,170,358,309,49
2021,Torbay 016C,E01015199,448,198,92,106,250,204,46
2021,Torbay 016D,E01015200,478,174,44,130,304,260,44
2021,Torbay 016E,E01015201,467,160,54,106,307,246,61
2021,Torbay 012A,E01015202,742,282,104,178,460,397,63
2021,Torbay 012B,E01015203,536,196,67,129,340,288,52
2021,Torbay 012C,E01015204,714,245,84,161,469,421,48
2021,Torbay 012D,E01015205,713,240,84,156,473,416,57
2021,Torbay 012E,E01015206,640,253,90,163,387,347,40
2021,Torbay 019E,E01015207,746,258,75,183,488,407,81
2021,Torbay 019F,E01015208,770,292,117,175,478,396,82
2021,Torbay 019A,E01015209,747,297,122,175,450,374,76
2021,Torbay 019B,E01015210,720,272,73,199,448,400,48
2021,Torbay 019G,E01015211,690,233,58,175,457,388,69
2021,Torbay 019C,E01015212,707,263,82,181,444,391,53
2021,Torbay 019D,E01015213,695,248,76,172,447,403,44
2021,Torbay 006A,E01015214,739,269,82,187,470,406,64
2021,Torbay 006B,E01015215,721,244,66,178,477,418,59
2021,Torbay 006C,E01015216,682,231,65,166,451,387,64
2021,Torbay 008A,E01015217,707,232,89,143,475,407,68
2021,Torbay 006D,E01015218,702,253,82,171,449,392,57
2021,Torbay 015A,E01015219,530,211,88,123,319,272,47
2021,Torbay 015B,E01015220,586,229,84,145,357,321,36
2021,Torbay 015C,E01015221,637,228,74,154,409,356,53
2021,Torbay 015D,E01015222,648,235,66,169,413,354,59
2021,Torbay 015E,E01015223,636,227,59,168,409,352,57
2021,Torbay 011A,E01015224,782,288,86,202,494,426,68
2021,Torbay 011B,E01015225,668,252,69,183,416,359,57
2021,Torbay 011C,E01015226,622,228,83,145,394,337,57
2021,Torbay 011D,E01015227,700,239,77,162,461,381,80
2021,Torbay 011E,E01015228,591,232,73,159,359,296,63
2021,Torbay 014A,E01015229,530,175,54,121,355,302,53
2021,Torbay 011F,E01015230,554,206,68,138,348,292,56
2021,Torbay 014B,E01015231,692,268,78,190,424,369,55
2021,Torbay 014C,E01015232,796,297,122,175,499,401,98
2021,Torbay 014D,E01015233,678,225,70,155,453,391,62
2021,Torbay 014E,E01015234,609,223,59,164,386,326,60
2021,Torbay 014F,E01015235,665,220,84,136,445,357,88
2021,Torbay 002A,E01015236,628,238,81,157,390,318,72
2021,Torbay 002B,E01015237,664,237,51,186,427,364,63
2021,Torbay 002C,E01015238,590,224,89,135,366,319,47
2021,Torbay 002D,E01015239,528,201,75,126,327,271,56
2021,Torbay 005A,E01015240,537,186,56,130,351,286,65
2021,Torbay 005B,E01015241,696,229,59,170,467,408,59
2021,Torbay 005C,E01015242,560,199,59,140,361,301,60
2021,Torbay 005D,E01015243,570,232,89,143,338,294,44
2021,Torbay 018A,E01015244,580,215,75,140,365,299,66
2021,Torbay 018B,E01015245,450,144,48,96,306,255,51
2021,Torbay 018C,E01015246,539,185,66,119,354,289,65
2021,Torbay 018D,E01015247,724,274,106,168,450,376,74
2021,Torbay 018E,E01015248,613,235,78,157,378,318,60
2021,Torbay 003A,E01015249,652,238,74,164,414,362,52
2021,Torbay 003B,E01015250,746,234,72,162,512,453,59
2021,Torbay 003C,E01015251,620,222,74,148,398,350,48
2021,Torbay 003E,E01015253,995,312,81,231,683,589,94
2021,Torbay 003F,E01015254,640,223,80,143,417,356,61
2021,Torbay 008B,E01015255,791,256,77,179,535,451,84
2021,Torbay 008C,E01015256,853,251,91,160,602,519,83
2021,Torbay 004A,E01015257,560,207,52,155,353,296,57
2021,Torbay 004B,E01015258,914,349,122,227,565,481,84
2021,Torbay 004C,E01015259,764,275,85,190,489,425,64
2021,Torbay 004D,E01015260,730,252,78,174,478,414,64
2021,Torbay 008D,E01015261,986,342,119,223,644,526,118
2021,Torbay 001A,E01015262,609,213,61,152,396,346,50
2021,Torbay 001B,E01015263,621,255,81,174,366,334,32
2021,Torbay 001C,E01015264,545,200,63,137,345,297,48
2021,Torbay 001D,E01015265,481,169,49,120,312,266,46
2021,Torbay 001E,E01015266,615,235,66,169,380,336,44
2021,Torbay 010A,E01015267,646,209,86,123,437,371,66
2021,Torbay 010B,E01015268,680,245,99,146,435,371,64
2021,Torbay 010C,E01015269,634,229,94,135,405,327,78
2021,Torbay 010D,E01015270,670,236,99,137,434,352,82
2021,Torbay 010E,E01015271,496,203,99,104,293,227,66
2021,"Bournemouth, Christchurch and Poole 035A",E01015272,805,281,110,171,524,415,109
2021,"Bournemouth, Christchurch and Poole 035B",E01015273,1087,359,136,223,728,646,82
2021,"Bournemouth, Christchurch and Poole 036A",E01015274,968,283,94,189,685,580,105
2021,"Bournemouth, Christchurch and Poole 035C",E01015275,800,280,111,169,520,441,79
2021,"Bournemouth, Christchurch and Poole 035D",E01015276,868,270,97,173,598,516,82
2021,"Bournemouth, Christchurch and Poole 035E",E01015277,975,334,131,203,641,558,83
2021,"Bournemouth, Christchurch and Poole 037A",E01015279,1072,264,98,166,808,711,97
2021,"Bournemouth, Christchurch and Poole 037B",E01015280,1091,314,115,199,777,673,104
2021,"Bournemouth, Christchurch and Poole 037C",E01015281,898,300,108,192,598,543,55
2021,"Bournemouth, Christchurch and Poole 038A",E01015286,983,264,108,156,719,605,114
2021,"Bournemouth, Christchurch and Poole 041A",E01015288,1015,278,98,180,737,654,83
2021,"Bournemouth, Christchurch and Poole 041B",E01015289,1097,291,122,169,806,716,90
2021,"Bournemouth, Christchurch and Poole 041C",E01015290,1188,394,175,219,794,697,97
2021,"Bournemouth, Christchurch and Poole 041D",E01015291,858,242,87,155,616,523,93
2021,"Bournemouth, Christchurch and Poole 025A",E01015292,922,285,91,194,637,547,90
2021,"Bournemouth, Christchurch and Poole 025B",E01015293,801,250,75,175,551,498,53
2021,"Bournemouth, Christchurch and Poole 025C",E01015294,1104,341,110,231,763,671,92
2021,"Bournemouth, Christchurch and Poole 039A",E01015295,630,216,91,125,414,330,84
2021,"Bournemouth, Christchurch and Poole 039B",E01015296,896,288,103,185,608,542,66
2021,"Bournemouth, Christchurch and Poole 036B",E01015297,639,211,64,147,428,361,67
2021,"Bournemouth, Christchurch and Poole 039C",E01015298,500,192,83,109,308,253,55
2021,"Bournemouth, Christchurch and Poole 039D",E01015299,840,299,109,190,541,449,92
2021,"Bournemouth, Christchurch and Poole 039E",E01015300,734,265,93,172,469,391,78
2021,"Bournemouth, Christchurch and Poole 003A",E01015301,719,234,84,150,485,417,68
2021,"Bournemouth, Christchurch and Poole 005A",E01015302,790,277,100,177,513,462,51
2021,"Bournemouth, Christchurch and Poole 003B",E01015303,730,254,77,177,476,400,76
2021,"Bournemouth, Christchurch and Poole 005B",E01015304,760,250,83,167,510,440,70
2021,"Bournemouth, Christchurch and Poole 003C",E01015305,701,234,80,154,467,415,52
2021,"Bournemouth, Christchurch and Poole 003D",E01015306,703,258,77,181,445,383,62
2021,"Bournemouth, Christchurch and Poole 010A",E01015307,598,197,51,146,401,333,68
2021,"Bournemouth, Christchurch and Poole 005C",E01015308,889,271,80,191,618,533,85
2021,"Bournemouth, Christchurch and Poole 010B",E01015309,627,222,69,153,405,357,48
2021,"Bournemouth, Christchurch and Poole 011A",E01015310,721,247,68,179,474,410,64
2021,"Bournemouth, Christchurch and Poole 005D",E01015311,556,190,72,118,366,327,39
2021,"Bournemouth, Christchurch and Poole 010C",E01015312,581,210,72,138,371,327,44
2021,"Bournemouth, Christchurch and Poole 010D",E01015313,595,230,76,154,365,323,42
2021,"Bournemouth, Christchurch and Poole 020A",E01015314,772,260,89,171,512,419,93
2021,"Bournemouth, Christchurch and Poole 020B",E01015315,868,300,115,185,568,472,96
2021,"Bournemouth, Christchurch and Poole 026A",E01015316,776,263,111,152,513,428,85
2021,"Bournemouth, Christchurch and Poole 026B",E01015317,856,293,111,182,563,469,94
2021,"Bournemouth, Christchurch and Poole 020C",E01015318,927,305,107,198,622,530,92
2021,"Bournemouth, Christchurch and Poole 020D",E01015319,691,179,57,122,512,434,78
2021,"Bournemouth, Christchurch and Poole 009A",E01015320,893,296,102,194,597,512,85
2021,"Bournemouth, Christchurch and Poole 015A",E01015321,865,318,105,213,547,480,67
2021,"Bournemouth, Christchurch and Poole 017A",E01015322,844,296,97,199,548,466,82
2021,"Bournemouth, Christchurch and Poole 009B",E01015323,874,284,86,198,590,512,78
2021,"Bournemouth, Christchurch and Poole 009C",E01015324,839,285,97,188,554,495,59
2021,"Bournemouth, Christchurch and Poole 009D",E01015325,895,333,116,217,562,471,91
2021,"Bournemouth, Christchurch and Poole 027A",E01015326,1021,319,119,200,702,608,94
2021,"Bournemouth, Christchurch and Poole 025D",E01015327,1077,354,122,232,723,633,90
2021,"Bournemouth, Christchurch and Poole 038B",E01015328,992,262,113,149,730,641,89
2021,"Bournemouth, Christchurch and Poole 025E",E01015329,895,279,112,167,616,516,100
2021,"Bournemouth, Christchurch and Poole 017B",E01015330,845,296,128,168,549,452,97
2021,"Bournemouth, Christchurch and Poole 027B",E01015331,1269,383,156,227,886,782,104
2021,"Bournemouth, Christchurch and Poole 006A",E01015332,689,252,81,171,437,386,51
2021,"Bournemouth, Christchurch and Poole 006B",E01015333,703,261,85,176,442,372,70
2021,"Bournemouth, Christchurch and Poole 006C",E01015334,735,238,81,157,497,428,69
2021,"Bournemouth, Christchurch and Poole 006D",E01015335,811,282,105,177,529,455,74
2021,"Bournemouth, Christchurch and Poole 011B",E01015336,809,258,81,177,551,471,80
2021,"Bournemouth, Christchurch and Poole 006E",E01015337,921,317,109,208,604,527,77
2021,"Bournemouth, Christchurch and Poole 012A",E01015338,664,244,73,171,420,373,47
2021,"Bournemouth, Christchurch and Poole 012B",E01015339,741,249,62,187,492,430,62
2021,"Bournemouth, Christchurch and Poole 012C",E01015340,709,205,78,127,504,429,75
2021,"Bournemouth, Christchurch and Poole 012D",E01015341,584,194,56,138,390,345,45
2021,"Bournemouth, Christchurch and Poole 017C",E01015342,770,262,102,160,508,421,87
2021,"Bournemouth, Christchurch and Poole 007A",E01015343,769,274,99,175,495,425,70
2021,"Bournemouth, Christchurch and Poole 028A",E01015344,876,294,131,163,582,454,128
2021,"Bournemouth, Christchurch and Poole 027C",E01015345,975,348,144,204,627,532,95
2021,"Bournemouth, Christchurch and Poole 028B",E01015346,731,269,102,167,462,401,61
2021,"Bournemouth, Christchurch and Poole 028C",E01015348,827,281,134,147,546,449,97
2021,"Bournemouth, Christchurch and Poole 007B",E01015349,819,270,85,185,549,477,72
2021,"Bournemouth, Christchurch and Poole 009E",E01015350,736,284,93,191,452,387,65
2021,"Bournemouth, Christchurch and Poole 007C",E01015351,731,249,75,174,482,424,58
2021,"Bournemouth, Christchurch and Poole 007D",E01015352,852,268,65,203,584,505,79
2021,"Bournemouth, Christchurch and Poole 007E",E01015353,517,184,62,122,333,268,65
2021,"Bournemouth, Christchurch and Poole 007F",E01015354,883,299,112,187,584,523,61
2021,"Bournemouth, Christchurch and Poole 011C",E01015355,788,237,88,149,551,480,71
2021,"Bournemouth, Christchurch and Poole 015B",E01015356,832,296,89,207,536,469,67
2021,"Bournemouth, Christchurch and Poole 011D",E01015357,634,232,79,153,402,354,48
2021,"Bournemouth, Christchurch and Poole 011E",E01015358,953,343,159,184,610,537,73
2021,"Bournemouth, Christchurch and Poole 010E",E01015359,702,261,94,167,441,397,44
2021,"Bournemouth, Christchurch and Poole 028D",E01015360,809,331,156,175,478,401,77
2021,"Bournemouth, Christchurch and Poole 026C",E01015361,731,250,83,167,481,406,75
2021,"Bournemouth, Christchurch and Poole 026D",E01015362,572,217,71,146,355,312,43
2021,"Bournemouth, Christchurch and Poole 026E",E01015363,911,291,104,187,620,527,93
2021,"Bournemouth, Christchurch and Poole 036C",E01015364,796,280,101,179,516,431,85
2021,"Bournemouth, Christchurch and Poole 036D",E01015365,878,295,105,190,583,493,90
2021,"Bournemouth, Christchurch and Poole 036E",E01015366,804,235,104,131,569,480,89
2021,"Bournemouth, Christchurch and Poole 045A",E01015367,1451,414,168,246,1037,898,139
2021,"Bournemouth, Christchurch and Poole 045B",E01015368,742,209,92,117,533,448,85
2021,"Bournemouth, Christchurch and Poole 045C",E01015369,796,191,75,116,605,507,98
2021,"Bournemouth, Christchurch and Poole 045D",E01015370,880,225,98,127,655,543,112
2021,"Bournemouth, Christchurch and Poole 040A",E01015371,809,215,66,149,594,519,75
2021,"Bournemouth, Christchurch and Poole 040B",E01015372,905,207,64,143,698,611,87
2021,"Bournemouth, Christchurch and Poole 017D",E01015373,923,318,109,209,605,551,54
2021,"Bournemouth, Christchurch and Poole 015C",E01015374,1026,482,223,259,544,478,66
2021,"Bournemouth, Christchurch and Poole 015D",E01015375,888,368,180,188,520,464,56
2021,"Bournemouth, Christchurch and Poole 027D",E01015376,832,310,131,179,522,445,77
2021,"Bournemouth, Christchurch and Poole 015E",E01015377,746,254,95,159,492,436,56
2021,"Bournemouth, Christchurch and Poole 017E",E01015378,870,308,126,182,562,505,57
2021,"Bournemouth, Christchurch and Poole 008A",E01015379,645,205,87,118,440,373,67
2021,"Bournemouth, Christchurch and Poole 022A",E01015380,846,262,82,180,584,486,98
2021,"Bournemouth, Christchurch and Poole 022B",E01015381,782,280,90,190,502,425,77
2021,"Bournemouth, Christchurch and Poole 022C",E01015382,1002,300,79,221,702,615,87
2021,"Bournemouth, Christchurch and Poole 022D",E01015383,646,225,87,138,421,376,45
2021,"Bournemouth, Christchurch and Poole 022E",E01015384,698,235,78,157,463,409,54
2021,"Bournemouth, Christchurch and Poole 022F",E01015385,761,278,93,185,483,426,57
2021,"Bournemouth, Christchurch and Poole 029A",E01015386,832,252,85,167,580,512,68
2021,"Bournemouth, Christchurch and Poole 029B",E01015387,730,232,90,142,498,446,52
2021,"Bournemouth, Christchurch and Poole 029C",E01015388,605,248,102,146,357,288,69
2021,"Bournemouth, Christchurch and Poole 029D",E01015389,760,226,90,136,534,467,67
2021,"Bournemouth, Christchurch and Poole 032A",E01015390,907,278,92,186,629,560,69
2021,"Bournemouth, Christchurch and Poole 032B",E01015391,741,217,75,142,524,454,70
2021,"Bournemouth, Christchurch and Poole 032C",E01015392,799,246,80,166,553,505,48
2021,"Bournemouth, Christchurch and Poole 032D",E01015393,709,193,62,131,516,452,64
2021,"Bournemouth, Christchurch and Poole 032E",E01015394,898,262,73,189,636,559,77
2021,"Bournemouth, Christchurch and Poole 004A",E01015395,558,196,62,134,362,308,54
2021,"Bournemouth, Christchurch and Poole 004B",E01015396,720,269,104,165,451,360,91
2021,"Bournemouth, Christchurch and Poole 004C",E01015397,711,231,78,153,480,402,78
2021,"Bournemouth, Christchurch and Poole 004D",E01015398,649,248,89,159,401,338,63
2021,"Bournemouth, Christchurch and Poole 004E",E01015399,619,220,86,134,399,317,82
2021,"Bournemouth, Christchurch and Poole 004F",E01015400,754,284,98,186,470,377,93
2021,"Bournemouth, Christchurch and Poole 004G",E01015401,612,234,84,150,378,306,72
2021,"Bournemouth, Christchurch and Poole 048A",E01015402,722,200,78,122,522,408,114
2021,"Bournemouth, Christchurch and Poole 048B",E01015403,508,139,42,97,369,309,60
2021,"Bournemouth, Christchurch and Poole 048C",E01015404,561,183,81,102,378,286,92
2021,"Bournemouth, Christchurch and Poole 048D",E01015405,625,221,85,136,404,300,104
2021,"Bournemouth, Christchurch and Poole 048E",E01015406,631,225,116,109,406,300,106
2021,"Bournemouth, Christchurch and Poole 016A",E01015407,710,222,79,143,488,427,61
2021,"Bournemouth, Christchurch and Poole 016B",E01015408,810,240,68,172,570,521,49
2021,"Bournemouth, Christchurch and Poole 016C",E01015409,750,228,72,156,522,466,56
2021,"Bournemouth, Christchurch and Poole 016D",E01015410,853,240,80,160,613,543,70
2021,"Bournemouth, Christchurch and Poole 016E",E01015411,739,239,84,155,500,439,61
2021,"Bournemouth, Christchurch and Poole 013A",E01015412,609,194,83,111,415,332,83
2021,"Bournemouth, Christchurch and Poole 013B",E01015413,703,233,72,161,470,407,63
2021,"Bournemouth, Christchurch and Poole 013C",E01015414,678,218,81,137,460,386,74
2021,"Bournemouth, Christchurch and Poole 013D",E01015415,559,179,60,119,380,339,41
2021,"Bournemouth, Christchurch and Poole 013E",E01015416,644,185,67,118,459,411,48
2021,"Bournemouth, Christchurch and Poole 021A",E01015417,649,223,75,148,426,376,50
2021,"Bournemouth, Christchurch and Poole 021B",E01015418,828,253,82,171,575,508,67
2021,"Bournemouth, Christchurch and Poole 021C",E01015419,838,294,95,199,544,457,87
2021,"Bournemouth, Christchurch and Poole 021D",E01015420,773,252,85,167,521,462,59
2021,"Bournemouth, Christchurch and Poole 021E",E01015421,656,212,65,147,444,387,57
2021,"Bournemouth, Christchurch and Poole 021F",E01015422,808,238,78,160,570,490,80
2021,"Bournemouth, Christchurch and Poole 046A",E01015424,696,223,74,149,473,405,68
2021,"Bournemouth, Christchurch and Poole 046B",E01015425,630,216,77,139,414,358,56
2021,"Bournemouth, Christchurch and Poole 046C",E01015426,621,209,79,130,412,346,66
2021,"Bournemouth, Christchurch and Poole 042A",E01015427,953,213,56,157,740,607,133
2021,"Bournemouth, Christchurch and Poole 042B",E01015428,1162,344,119,225,818,693,125
2021,"Bournemouth, Christchurch and Poole 042C",E01015429,777,250,79,171,527,472,55
2021,"Bournemouth, Christchurch and Poole 042D",E01015430,644,212,64,148,432,368,64
2021,"Bournemouth, Christchurch and Poole 001A",E01015431,527,182,57,125,345,278,67
2021,"Bournemouth, Christchurch and Poole 001B",E01015432,755,250,76,174,505,424,81
2021,"Bournemouth, Christchurch and Poole 001C",E01015433,652,229,94,135,423,344,79
2021,"Bournemouth, Christchurch and Poole 001D",E01015434,661,247,81,166,414,343,71
2021,"Bournemouth, Christchurch and Poole 008B",E01015435,1042,293,99,194,749,648,101
2021,"Bournemouth, Christchurch and Poole 008C",E01015436,650,200,71,129,450,384,66
2021,"Bournemouth, Christchurch and Poole 008D",E01015437,587,172,67,105,415,352,63
2021,"Bournemouth, Christchurch and Poole 023A",E01015438,828,259,83,176,569,500,69
2021,"Bournemouth, Christchurch and Poole 023B",E01015439,917,291,105,186,626,549,77
2021,"Bournemouth, Christchurch and Poole 030A",E01015440,1071,300,93,207,771,665,106
2021,"Bournemouth, Christchurch and Poole 023C",E01015441,1024,315,109,206,709,633,76
2021,"Bournemouth, Christchurch and Poole 023D",E01015442,884,288,84,204,596,523,73
2021,"Bournemouth, Christchurch and Poole 023E",E01015443,962,254,84,170,708,607,101
2021,"Bournemouth, Christchurch and Poole 023F",E01015444,905,261,72,189,644,561,83
2021,"Bournemouth, Christchurch and Poole 034A",E01015445,968,300,104,196,668,572,96
2021,"Bournemouth, Christchurch and Poole 034B",E01015446,771,256,90,166,515,436,79
2021,"Bournemouth, Christchurch and Poole 030B",E01015447,830,259,94,165,571,472,99
2021,"Bournemouth, Christchurch and Poole 034C",E01015448,807,253,82,171,554,481,73
2021,"Bournemouth, Christchurch and Poole 030C",E01015449,888,257,88,169,631,562,69
2021,"Bournemouth, Christchurch and Poole 034D",E01015450,853,277,84,193,576,505,71
2021,"Bournemouth, Christchurch and Poole 034E",E01015451,750,236,80,156,514,457,57
2021,"Bournemouth, Christchurch and Poole 047A",E01015452,930,295,104,191,635,492,143
2021,"Bournemouth, Christchurch and Poole 047B",E01015453,1021,283,103,180,738,617,121
2021,"Bournemouth, Christchurch and Poole 047C",E01015454,1103,310,109,201,793,674,119
2021,"Bournemouth, Christchurch and Poole 047D",E01015455,809,292,124,168,517,402,115
2021,"Bournemouth, Christchurch and Poole 030D",E01015456,868,236,69,167,632,544,88
2021,"Bournemouth, Christchurch and Poole 030E",E01015457,873,250,100,150,623,523,100
2021,"Bournemouth, Christchurch and Poole 043A",E01015458,630,223,91,132,407,288,119
2021,"Bournemouth, Christchurch and Poole 047E",E01015459,717,259,110,149,458,340,118
2021,"Bournemouth, Christchurch and Poole 043B",E01015460,989,302,97,205,687,603,84
2021,"Bournemouth, Christchurch and Poole 043C",E01015461,914,254,83,171,660,571,89
2021,"Bournemouth, Christchurch and Poole 043D",E01015462,900,288,115,173,612,510,102
2021,"Bournemouth, Christchurch and Poole 043E",E01015463,863,278,116,162,585,481,104
2021,"Bournemouth, Christchurch and Poole 043F",E01015464,790,296,132,164,494,377,117
2021,"Bournemouth, Christchurch and Poole 044A",E01015465,865,263,98,165,602,535,67
2021,"Bournemouth, Christchurch and Poole 044B",E01015466,868,253,85,168,615,537,78
2021,Swindon 028A,E01015471,1207,285,75,210,922,809,113
2021,Swindon 008A,E01015473,981,295,123,172,686,550,136
2021,Swindon 015A,E01015475,1327,328,106,222,999,948,51
2021,Swindon 015C,E01015477,870,206,64,142,664,612,52
2021,Swindon 021A,E01015478,879,244,86,158,635,555,80
2021,Swindon 017A,E01015479,1289,318,111,207,971,865,106
2021,Swindon 015D,E01015480,1835,454,151,303,1381,1321,60
2021,Swindon 013A,E01015481,926,227,62,165,699,630,69
2021,Swindon 013B,E01015482,622,168,58,110,454,409,45
2021,Swindon 013C,E01015483,591,171,52,119,420,374,46
2021,Swindon 013D,E01015484,658,179,66,113,479,437,42
2021,Swindon 013E,E01015485,805,189,51,138,616,549,67
2021,Swindon 013F,E01015486,650,174,56,118,476,415,61
2021,Swindon 023A,E01015487,754,218,65,153,536,465,71
2021,Swindon 023B,E01015488,636,178,53,125,458,427,31
2021,Swindon 023C,E01015489,674,199,80,119,475,425,50
2021,Swindon 023D,E01015490,631,145,38,107,486,437,49
2021,Swindon 023E,E01015491,613,183,59,124,430,401,29
2021,Swindon 023F,E01015492,652,184,59,125,468,418,50
2021,Swindon 017B,E01015493,1171,301,91,210,870,798,72
2021,Swindon 019A,E01015494,1273,274,80,194,999,915,84
2021,Swindon 019C,E01015496,1158,245,76,169,913,831,82
2021,Swindon 019D,E01015497,881,203,73,130,678,614,64
2021,Swindon 021B,E01015498,984,245,84,161,739,660,79
2021,Swindon 018A,E01015499,736,205,70,135,531,464,67
2021,Swindon 018B,E01015500,810,210,72,138,600,549,51
2021,Swindon 022A,E01015501,684,183,49,134,501,448,53
2021,Swindon 022B,E01015502,717,215,60,155,502,427,75
2021,Swindon 022C,E01015503,536,144,47,97,392,343,49
2021,Swindon 018C,E01015504,731,200,65,135,531,466,65
2021,Swindon 018D,E01015505,794,222,64,158,572,510,62
2021,Swindon 007A,E01015506,647,163,45,118,484,417,67
2021,Swindon 007B,E01015507,606,211,58,153,395,345,50
2021,Swindon 010A,E01015508,673,192,60,132,481,417,64
2021,Swindon 010B,E01015509,932,225,55,170,707,622,85
2021,Swindon 010C,E01015510,1116,310,109,201,806,745,61
2021,Swindon 010D,E01015511,1010,246,72,174,764,680,84
2021,Swindon 028C,E01015512,919,220,67,153,699,606,93
2021,Swindon 004A,E01015513,871,214,64,150,657,580,77
2021,Swindon 004B,E01015514,501,145,44,101,356,308,48
2021,Swindon 004C,E01015515,721,190,49,141,531,473,58
2021,Swindon 004D,E01015516,542,148,46,102,394,359,35
2021,Swindon 004E,E01015517,587,158,41,117,429,374,55
2021,Swindon 028D,E01015518,827,211,51,160,616,541,75
2021,Swindon 001A,E01015519,604,169,51,118,435,371,64
2021,Swindon 001B,E01015520,594,164,66,98,430,366,64
2021,Swindon 001C,E01015521,811,237,87,150,574,497,77
2021,Swindon 001D,E01015522,664,173,51,122,491,446,45
2021,Swindon 001E,E01015523,741,212,78,134,529,427,102
2021,Swindon 001F,E01015524,564,143,38,105,421,369,52
2021,Swindon 026A,E01015525,881,236,73,163,645,569,76
2021,Swindon 006A,E01015526,824,185,56,129,639,559,80
2021,Swindon 007C,E01015527,778,219,75,144,559,495,64
2021,Swindon 006B,E01015528,912,249,67,182,663,598,65
2021,Swindon 006C,E01015529,727,212,77,135,515,458,57
2021,Swindon 006D,E01015530,914,234,70,164,680,603,77
2021,Swindon 021D,E01015532,870,208,76,132,662,573,89
2021,Swindon 024A,E01015533,675,203,74,129,472,427,45
2021,Swindon 024B,E01015534,1089,247,99,148,842,747,95
2021,Swindon 024C,E01015535,1062,290,106,184,772,695,77
2021,Swindon 020A,E01015537,764,211,54,157,553,488,65
2021,Swindon 016A,E01015538,789,240,83,157,549,483,66
2021,Swindon 020B,E01015539,695,205,66,139,490,441,49
2021,Swindon 020C,E01015540,790,238,76,162,552,488,64
2021,Swindon 020D,E01015541,700,181,57,124,519,467,52
2021,Swindon 020E,E01015542,591,171,59,112,420,385,35
2021,Swindon 003A,E01015543,660,173,53,120,487,439,48
2021,Swindon 003B,E01015544,649,218,55,163,431,391,40
2021,Swindon 003C,E01015545,612,189,67,122,423,378,45
2021,Swindon 003D,E01015546,672,238,78,160,434,375,59
2021,Swindon 008C,E01015547,984,288,114,174,696,572,124
2021,Swindon 008D,E01015548,806,246,96,150,560,418,142
2021,Swindon 009A,E01015549,842,216,55,161,626,559,67
2021,Swindon 009B,E01015550,905,236,82,154,669,590,79
2021,Swindon 009C,E01015551,796,221,82,139,575,522,53
2021,Swindon 009D,E01015552,1164,308,87,221,856,759,97
2021,Swindon 009E,E01015553,871,236,83,153,635,567,68
2021,Swindon 009F,E01015554,624,164,43,121,460,415,45
2021,Swindon 005A,E01015555,652,163,47,116,489,425,64
2021,Swindon 005B,E01015556,840,241,81,160,599,530,69
2021,Swindon 005C,E01015557,968,246,65,181,722,619,103
2021,Swindon 005D,E01015558,565,153,36,117,412,373,39
2021,Swindon 005E,E01015559,709,160,45,115,549,471,78
2021,Swindon 005F,E01015560,1143,245,63,182,898,811,87
2021,Swindon 014A,E01015561,861,203,60,143,658,577,81
2021,Swindon 011A,E01015562,835,220,60,160,615,540,75
2021,Swindon 011B,E01015563,834,208,70,138,626,570,56
2021,Swindon 014B,E01015564,790,187,64,123,603,540,63
2021,Swindon 011C,E01015565,773,218,76,142,555,483,72
2021,Swindon 011D,E01015566,877,214,73,141,663,602,61
2021,Swindon 014C,E01015567,857,217,73,144,640,557,83
2021,Swindon 014D,E01015568,932,199,55,144,733,655,78
2021,Swindon 022D,E01015569,634,205,57,148,429,378,51
2021,Swindon 022E,E01015570,627,157,48,109,470,415,55
2021,Swindon 022F,E01015571,700,181,69,112,519,450,69
2021,Swindon 016B,E01015572,567,184,60,124,383,344,39
2021,Swindon 016C,E01015573,963,283,97,186,680,604,76
2021,Swindon 017C,E01015574,798,220,64,156,578,531,47
2021,Swindon 016D,E01015575,495,173,59,114,322,297,25
2021,Swindon 017D,E01015576,735,231,80,151,504,449,55
2021,Swindon 012B,E01015578,1233,267,87,180,966,863,103
2021,Swindon 012C,E01015579,897,226,62,164,671,604,67
2021,Swindon 007D,E01015580,796,251,76,175,545,499,46
2021,Swindon 012D,E01015581,856,222,75,147,634,561,73
2021,Swindon 012E,E01015582,1154,282,67,215,872,797,75
2021,Swindon 025B,E01015584,585,195,64,131,390,341,49
2021,Swindon 025C,E01015585,1002,276,97,179,726,624,102
2021,Swindon 025D,E01015586,582,148,41,107,434,376,58
2021,Swindon 025E,E01015587,786,225,69,156,561,485,76
2021,Swindon 025F,E01015588,834,250,84,166,584,502,82
2021,Peterborough 004A,E01015589,933,276,97,179,657,508,149
2021,Peterborough 004B,E01015590,690,222,92,130,468,351,117
2021,Peterborough 011A,E01015591,680,215,80,135,465,402,63
2021,Peterborough 011B,E01015592,682,189,58,131,493,434,59
2021,Peterborough 009A,E01015593,701,190,55,135,511,462,49
2021,Peterborough 011C,E01015594,1132,270,75,195,862,760,102
2021,Peterborough 011D,E01015595,693,201,62,139,492,443,49
2021,Peterborough 009B,E01015596,767,230,79,151,537,466,71
2021,Peterborough 011E,E01015597,747,226,66,160,521,465,56
2021,Peterborough 015A,E01015598,698,206,65,141,492,421,71
2021,Peterborough 014A,E01015599,1310,321,101,220,989,857,132
2021,Peterborough 014B,E01015600,704,250,71,179,454,403,51
2021,Peterborough 012A,E01015601,932,357,111,246,575,515,60
2021,Peterborough 010A,E01015603,1097,385,108,277,712,620,92
2021,Peterborough 010B,E01015604,750,316,89,227,434,397,37
2021,Peterborough 008A,E01015605,719,222,66,156,497,446,51
2021,Peterborough 013A,E01015606,888,265,75,190,623,545,78
2021,Peterborough 007A,E01015607,742,228,71,157,514,445,69
2021,Peterborough 008B,E01015608,757,269,87,182,488,413,75
2021,Peterborough 007B,E01015609,732,247,72,175,485,432,53
2021,Peterborough 008C,E01015610,796,256,96,160,540,470,70
2021,Peterborough 014D,E01015612,1150,343,111,232,807,697,110
2021,Peterborough 013C,E01015613,609,184,60,124,425,371,54
2021,Peterborough 013D,E01015614,1112,281,79,202,831,734,97
2021,Peterborough 013E,E01015615,783,239,71,168,544,474,70
2021,Peterborough 013F,E01015616,875,264,85,179,611,537,74
2021,Peterborough 005A,E01015617,775,222,88,134,553,438,115
2021,Peterborough 005B,E01015618,638,171,58,113,467,389,78
2021,Peterborough 005C,E01015619,1050,303,84,219,747,648,99
2021,Peterborough 005D,E01015620,1076,275,76,199,801,694,107
2021,Peterborough 016A,E01015622,1402,323,97,226,1079,922,157
2021,Peterborough 017B,E01015623,888,234,73,161,654,577,77
2021,Peterborough 017C,E01015624,942,229,74,155,713,652,61
2021,Peterborough 004C,E01015626,774,168,46,122,606,540,66
2021,Peterborough 018A,E01015627,845,253,114,139,592,473,119
2021,Peterborough 004D,E01015628,1168,247,78,169,921,767,154
2021,Peterborough 001A,E01015629,784,221,81,140,563,467,96
2021,Peterborough 003A,E01015630,958,306,101,205,652,530,122
2021,Peterborough 003B,E01015631,761,204,70,134,557,486,71
2021,Peterborough 010C,E01015632,819,262,78,184,557,503,54
2021,Peterborough 008D,E01015633,975,320,98,222,655,591,64
2021,Peterborough 008E,E01015634,816,254,57,197,562,494,68
2021,Peterborough 001B,E01015635,689,228,88,140,461,369,92
2021,Peterborough 001C,E01015636,521,150,60,90,371,287,84
2021,Peterborough 021A,E01015637,737,208,62,146,529,452,77
2021,Peterborough 022A,E01015638,680,195,70,125,485,392,93
2021,Peterborough 021B,E01015639,736,224,75,149,512,439,73
2021,Peterborough 021C,E01015640,735,211,65,146,524,455,69
2021,Peterborough 021D,E01015641,617,188,55,133,429,369,60
2021,Peterborough 021E,E01015642,701,201,70,131,500,437,63
2021,Peterborough 023A,E01015643,682,194,62,132,488,421,67
2021,Peterborough 018B,E01015644,1420,351,111,240,1069,923,146
2021,Peterborough 018C,E01015645,840,249,82,167,591,520,71
2021,Peterborough 018D,E01015646,799,236,84,152,563,467,96
2021,Peterborough 021F,E01015647,639,168,48,120,471,415,56
2021,Peterborough 018E,E01015648,565,198,81,117,367,305,62
2021,Peterborough 022B,E01015650,1062,244,92,152,818,680,138
2021,Peterborough 012B,E01015651,961,356,114,242,605,528,77
2021,Peterborough 012C,E01015652,915,336,93,243,579,534,45
2021,Peterborough 012D,E01015653,803,255,74,181,548,466,82
2021,Peterborough 012E,E01015654,1197,400,134,266,797,697,100
2021,Peterborough 014E,E01015655,1132,321,92,229,811,703,108
2021,Peterborough 007C,E01015656,719,212,60,152,507,437,70
2021,Peterborough 007E,E01015658,617,194,55,139,423,358,65
2021,Peterborough 003C,E01015659,1120,286,76,210,834,725,109
2021,Peterborough 007F,E01015660,750,209,63,146,541,470,71
2021,Peterborough 010D,E01015661,777,248,84,164,529,443,86
2021,Peterborough 009C,E01015662,700,221,62,159,479,433,46
2021,Peterborough 009D,E01015663,628,214,63,151,414,381,33
2021,Peterborough 009E,E01015664,727,219,63,156,508,456,52
2021,Peterborough 016C,E01015665,777,278,91,187,499,452,47
2021,Peterborough 017D,E01015666,648,185,57,128,463,411,52
2021,Peterborough 019A,E01015667,720,187,54,133,533,461,72
2021,Peterborough 017E,E01015668,1054,230,69,161,824,733,91
2021,Peterborough 019B,E01015669,668,205,58,147,463,411,52
2021,Peterborough 019C,E01015670,660,189,55,134,471,404,67
2021,Peterborough 019E,E01015672,756,205,60,145,551,488,63
2021,Peterborough 019F,E01015673,616,184,54,130,432,378,54
2021,Peterborough 006A,E01015674,706,195,47,148,511,435,76
2021,Peterborough 006B,E01015675,819,215,68,147,604,517,87
2021,Peterborough 006C,E01015676,942,252,82,170,690,606,84
2021,Peterborough 010E,E01015677,619,139,37,102,480,434,46
2021,Peterborough 002A,E01015678,697,197,57,140,500,436,64
2021,Peterborough 001D,E01015679,886,216,63,153,670,578,92
2021,Peterborough 002B,E01015680,660,213,60,153,447,382,65
2021,Peterborough 002C,E01015681,799,231,60,171,568,473,95
2021,Peterborough 002D,E01015682,784,204,57,147,580,510,70
2021,Peterborough 006D,E01015683,743,212,61,151,531,440,91
2021,Peterborough 003D,E01015684,602,179,71,108,423,349,74
2021,Peterborough 003E,E01015685,681,177,45,132,504,429,75
2021,Peterborough 006E,E01015686,640,187,51,136,453,399,54
2021,Peterborough 015B,E01015687,677,241,81,160,436,375,61
2021,Peterborough 016D,E01015688,1193,277,93,184,916,770,146
2021,Peterborough 015C,E01015689,578,179,64,115,399,316,83
2021,Peterborough 015D,E01015690,570,171,67,104,399,330,69
2021,Peterborough 015E,E01015691,865,283,80,203,582,518,64
2021,Peterborough 016E,E01015692,732,269,80,189,463,407,56
2021,Luton 007A,E01015693,817,254,87,167,563,466,97
2021,Luton 007B,E01015694,654,212,71,141,442,375,67
2021,Luton 007C,E01015695,759,256,106,150,503,433,70
2021,Luton 007D,E01015696,701,187,56,131,514,441,73
2021,Luton 007E,E01015697,900,245,82,163,655,562,93
2021,Luton 017A,E01015698,615,270,93,177,345,297,48
2021,Luton 017B,E01015699,804,316,97,219,488,427,61
2021,Luton 010A,E01015700,1069,360,132,228,709,598,111
2021,Luton 010B,E01015701,788,312,114,198,476,415,61
2021,Luton 017C,E01015702,637,301,96,205,336,295,41
2021,Luton 015A,E01015703,732,268,86,182,464,420,44
2021,Luton 010C,E01015704,781,371,106,265,410,362,48
2021,Luton 017D,E01015705,578,234,84,150,344,305,39
2021,Luton 001A,E01015706,685,206,66,140,479,425,54
2021,Luton 001B,E01015707,757,211,71,140,546,480,66
2021,Luton 001C,E01015708,697,212,67,145,485,411,74
2021,Luton 001D,E01015709,779,195,74,121,584,512,72
2021,Luton 001E,E01015710,806,222,66,156,584,508,76
2021,Luton 011A,E01015711,786,263,84,179,523,465,58
2021,Luton 011B,E01015712,836,264,98,166,572,502,70
2021,Luton 013A,E01015713,666,193,58,135,473,426,47
2021,Luton 013B,E01015714,888,233,77,156,655,587,68
2021,Luton 011C,E01015715,829,323,112,211,506,431,75
2021,Luton 011D,E01015716,844,325,102,223,519,465,54
2021,Luton 011E,E01015717,700,213,69,144,487,432,55
2021,Luton 013C,E01015718,725,191,62,129,534,479,55
2021,Luton 016A,E01015719,1171,246,88,158,925,796,129
2021,Luton 016B,E01015720,727,206,73,133,521,465,56
2021,Luton 014A,E01015721,875,247,97,150,628,561,67
2021,Luton 014B,E01015722,726,206,71,135,520,456,64
2021,Luton 016C,E01015723,684,185,50,135,499,435,64
2021,Luton 019A,E01015724,1058,356,114,242,702,601,101
2021,Luton 017E,E01015725,538,262,65,197,276,248,28
2021,Luton 015B,E01015726,802,298,97,201,504,443,61
2021,Luton 017F,E01015727,933,356,130,226,577,516,61
2021,Luton 019B,E01015728,662,241,89,152,421,380,41
2021,Luton 019C,E01015729,829,265,90,175,564,492,72
2021,Luton 019D,E01015730,962,352,107,245,610,523,87
2021,Luton 015C,E01015731,795,315,96,219,480,436,44
2021,Luton 020A,E01015732,695,237,78,159,458,399,59
2021,Luton 020B,E01015733,780,318,97,221,462,410,52
2021,Luton 020C,E01015734,936,274,102,172,662,569,93
2021,Luton 020D,E01015735,886,242,81,161,644,554,90
2021,Luton 020E,E01015736,787,274,90,184,513,448,65
2021,Luton 020F,E01015737,679,248,85,163,431,363,68
2021,Luton 021A,E01015738,987,285,111,174,702,601,101
2021,Luton 022A,E01015739,1162,286,80,206,876,767,109
2021,Luton 012A,E01015740,841,244,63,181,597,496,101
2021,Luton 022B,E01015742,1087,331,110,221,756,646,110
2021,Luton 022E,E01015743,843,246,80,166,597,536,61
2021,Luton 004A,E01015744,710,225,86,139,485,435,50
2021,Luton 007F,E01015745,726,235,84,151,491,436,55
2021,Luton 004B,E01015746,680,216,79,137,464,398,66
2021,Luton 004C,E01015747,679,192,67,125,487,399,88
2021,Luton 004D,E01015748,720,202,55,147,518,471,47
2021,Luton 005A,E01015749,820,279,86,193,541,479,62
2021,Luton 011F,E01015750,1098,376,146,230,722,642,80
2021,Luton 005B,E01015751,884,279,111,168,605,545,60
2021,Luton 005C,E01015752,634,208,78,130,426,375,51
2021,Luton 005D,E01015753,791,216,68,148,575,504,71
2021,Luton 005E,E01015754,698,221,67,154,477,428,49
2021,Luton 005F,E01015755,780,222,72,150,558,488,70
2021,Luton 009A,E01015756,896,277,97,180,619,552,67
2021,Luton 009B,E01015757,691,220,75,145,471,415,56
2021,Luton 009C,E01015758,739,216,84,132,523,459,64
2021,Luton 009D,E01015759,645,206,51,155,439,392,47
2021,Luton 009E,E01015760,608,187,57,130,421,367,54
2021,Luton 009F,E01015761,762,240,71,169,522,435,87
2021,Luton 013D,E01015762,989,271,108,163,718,631,87
2021,Luton 013E,E01015763,715,210,73,137,505,462,43
2021,Luton 006A,E01015764,701,204,69,135,497,428,69
2021,Luton 006B,E01015765,861,235,75,160,626,547,79
2021,Luton 006C,E01015766,766,261,97,164,505,448,57
2021,Luton 006D,E01015767,755,209,55,154,546,481,65
2021,Luton 006E,E01015768,700,217,77,140,483,433,50
2021,Luton 003A,E01015769,573,170,58,112,403,352,51
2021,Luton 001F,E01015770,634,189,69,120,445,383,62
2021,Luton 003B,E01015771,575,209,68,141,366,321,45
2021,Luton 003C,E01015772,641,224,60,164,417,373,44
2021,Luton 003D,E01015773,560,172,49,123,388,343,45
2021,Luton 003E,E01015774,631,223,64,159,408,348,60
2021,Luton 012B,E01015775,1006,285,86,199,721,627,94
2021,Luton 012C,E01015776,842,239,71,168,603,516,87
2021,Luton 012D,E01015777,924,267,88,179,657,583,74
2021,Luton 012E,E01015778,963,259,84,175,704,595,109
2021,Luton 016D,E01015779,637,248,85,163,389,343,46
2021,Luton 016E,E01015780,857,223,83,140,634,565,69
2021,Luton 016F,E01015781,753,228,75,153,525,461,64
2021,Luton 010D,E01015782,1005,367,139,228,638,575,63
2021,Luton 006F,E01015783,729,255,80,175,474,430,44
2021,Luton 010E,E01015784,944,416,142,274,528,478,50
2021,Luton 006G,E01015785,1070,335,110,225,735,635,100
2021,Luton 010F,E01015786,974,401,134,267,573,491,82
2021,Luton 015D,E01015787,1008,342,112,230,666,584,82
2021,Luton 015E,E01015788,771,320,86,234,451,392,59
2021,Luton 023D,E01015789,828,367,154,213,461,402,59
2021,Luton 021B,E01015790,836,240,97,143,596,521,75
2021,Luton 021D,E01015792,1038,260,86,174,778,653,125
2021,Luton 021E,E01015793,926,253,86,167,673,566,107
2021,Luton 021F,E01015795,1411,426,168,258,985,837,148
2021,Luton 012F,E01015796,712,196,71,125,516,435,81
2021,Luton 008A,E01015797,614,156,44,112,458,395,63
2021,Luton 008B,E01015798,659,193,61,132,466,405,61
2021,Luton 008C,E01015799,694,179,53,126,515,457,58
2021,Luton 008D,E01015800,784,215,74,141,569,491,78
2021,Luton 002A,E01015801,798,244,87,157,554,485,69
2021,Luton 003F,E01015802,649,211,61,150,438,386,52
2021,Luton 002B,E01015803,766,199,65,134,567,493,74
2021,Luton 002C,E01015804,896,276,91,185,620,544,76
2021,Luton 002D,E01015805,620,170,55,115,450,398,52
2021,Luton 014C,E01015806,844,204,85,119,640,536,104
2021,Luton 016G,E01015807,755,214,73,141,541,476,65
2021,Luton 014D,E01015808,807,186,53,133,621,543,78
2021,Luton 014E,E01015809,729,218,87,131,511,448,63
2021,Luton 014F,E01015810,716,206,74,132,510,448,62
2021,Luton 014G,E01015811,740,201,75,126,539,459,80
2021,Luton 008E,E01015812,725,177,57,120,548,472,76
2021,Luton 008F,E01015813,599,142,39,103,457,399,58
2021,Southend-on-Sea 003A,E01015814,616,193,73,120,423,358,65
2021,Southend-on-Sea 003B,E01015815,784,267,120,147,517,416,101
2021,Southend-on-Sea 003C,E01015816,626,203,67,136,423,344,79
2021,Southend-on-Sea 003D,E01015817,663,199,79,120,464,373,91
2021,Southend-on-Sea 003E,E01015818,732,226,85,141,506,432,74
2021,Southend-on-Sea 003F,E01015819,631,215,88,127,416,338,78
2021,Southend-on-Sea 005A,E01015820,659,229,79,150,430,368,62
2021,Southend-on-Sea 005B,E01015821,812,268,101,167,544,435,109
2021,Southend-on-Sea 005C,E01015822,575,177,75,102,398,316,82
2021,Southend-on-Sea 005D,E01015823,889,254,100,154,635,541,94
2021,Southend-on-Sea 005E,E01015824,645,219,79,140,426,356,70
2021,Southend-on-Sea 005F,E01015825,686,228,98,130,458,390,68
2021,Southend-on-Sea 005G,E01015826,665,218,76,142,447,380,67
2021,Southend-on-Sea 012A,E01015827,757,244,126,118,513,379,134
2021,Southend-on-Sea 012B,E01015828,904,235,90,145,669,566,103
2021,Southend-on-Sea 012C,E01015829,809,229,83,146,580,475,105
2021,Southend-on-Sea 012D,E01015830,719,240,118,122,479,371,108
2021,Southend-on-Sea 012E,E01015831,919,279,86,193,640,538,102
2021,Southend-on-Sea 012F,E01015832,658,194,85,109,464,365,99
2021,Southend-on-Sea 001A,E01015833,672,221,73,148,451,399,52
2021,Southend-on-Sea 001B,E01015834,688,224,87,137,464,383,81
2021,Southend-on-Sea 001C,E01015835,775,268,96,172,507,429,78
2021,Southend-on-Sea 001D,E01015836,682,214,84,130,468,403,65
2021,Southend-on-Sea 001E,E01015837,848,261,92,169,587,497,90
2021,Southend-on-Sea 001F,E01015838,652,209,92,117,443,371,72
2021,Southend-on-Sea 014A,E01015839,928,279,96,183,649,553,96
2021,Southend-on-Sea 014B,E01015840,848,251,87,164,597,518,79
2021,Southend-on-Sea 014C,E01015841,1169,341,109,232,828,728,100
2021,Southend-on-Sea 014D,E01015842,657,247,66,181,410,384,26
2021,Southend-on-Sea 014E,E01015843,826,258,93,165,568,487,81
2021,Southend-on-Sea 014F,E01015844,1003,289,106,183,714,616,98
2021,Southend-on-Sea 011A,E01015845,886,252,99,153,634,507,127
2021,Southend-on-Sea 011B,E01015846,932,233,84,149,699,560,139
2021,Southend-on-Sea 011C,E01015847,895,231,98,133,664,543,121
2021,Southend-on-Sea 011D,E01015848,868,233,103,130,635,499,136
2021,Southend-on-Sea 011E,E01015849,904,239,77,162,665,552,113
2021,Southend-on-Sea 011F,E01015850,842,245,90,155,597,505,92
2021,Southend-on-Sea 015A,E01015851,704,187,74,113,517,434,83
2021,Southend-on-Sea 015B,E01015852,1043,292,109,183,751,648,103
2021,Southend-on-Sea 015C,E01015853,870,238,106,132,632,549,83
2021,Southend-on-Sea 015D,E01015854,985,325,126,199,660,580,80
2021,Southend-on-Sea 015E,E01015855,976,292,100,192,684,573,111
2021,Southend-on-Sea 015F,E01015856,998,259,85,174,739,635,104
2021,Southend-on-Sea 004A,E01015857,747,246,85,161,501,427,74
2021,Southend-on-Sea 004B,E01015858,851,276,115,161,575,463,112
2021,Southend-on-Sea 004C,E01015859,870,266,96,170,604,530,74
2021,Southend-on-Sea 004D,E01015860,731,188,73,115,543,466,77
2021,Southend-on-Sea 004E,E01015861,853,231,78,153,622,544,78
2021,Southend-on-Sea 004F,E01015862,805,226,71,155,579,500,79
2021,Southend-on-Sea 002A,E01015863,1109,353,126,227,756,622,134
2021,Southend-on-Sea 002B,E01015864,657,228,88,140,429,374,55
2021,Southend-on-Sea 002C,E01015865,676,224,86,138,452,382,70
2021,Southend-on-Sea 002D,E01015866,1080,300,98,202,780,656,124
2021,Southend-on-Sea 002E,E01015867,575,217,85,132,358,324,34
2021,Southend-on-Sea 002F,E01015868,713,243,76,167,470,399,71
2021,Southend-on-Sea 006A,E01015869,797,262,99,163,535,465,70
2021,Southend-on-Sea 006B,E01015870,825,267,92,175,558,484,74
2021,Southend-on-Sea 006C,E01015871,760,242,99,143,518,454,64
2021,Southend-on-Sea 006D,E01015872,825,239,84,155,586,517,69
2021,Southend-on-Sea 006E,E01015873,636,179,60,119,457,395,62
2021,Southend-on-Sea 006F,E01015874,883,262,89,173,621,549,72
2021,Southend-on-Sea 006G,E01015875,677,233,78,155,444,389,55
2021,Southend-on-Sea 013A,E01015876,1179,388,153,235,791,646,145
2021,Southend-on-Sea 013B,E01015877,881,249,78,171,632,540,92
2021,Southend-on-Sea 013C,E01015878,647,193,74,119,454,369,85
2021,Southend-on-Sea 013D,E01015879,621,210,66,144,411,351,60
2021,Southend-on-Sea 013E,E01015880,593,194,57,137,399,344,55
2021,Southend-on-Sea 013F,E01015881,610,176,64,112,434,368,66
2021,Southend-on-Sea 013G,E01015882,803,247,79,168,556,473,83
2021,Southend-on-Sea 009A,E01015883,607,200,71,129,407,307,100
2021,Southend-on-Sea 009B,E01015884,1060,317,116,201,743,617,126
2021,Southend-on-Sea 009C,E01015885,665,230,122,108,435,357,78
2021,Southend-on-Sea 009D,E01015886,485,183,60,123,302,271,31
2021,Southend-on-Sea 009E,E01015887,605,221,72,149,384,323,61
2021,Southend-on-Sea 009F,E01015888,564,203,79,124,361,296,65
2021,Southend-on-Sea 016A,E01015889,557,202,89,113,355,270,85
2021,Southend-on-Sea 016B,E01015890,663,204,101,103,459,354,105
2021,Southend-on-Sea 016C,E01015891,695,237,87,150,458,381,77
2021,Southend-on-Sea 016D,E01015892,860,285,111,174,575,500,75
2021,Southend-on-Sea 016E,E01015893,465,162,72,90,303,247,56
2021,Southend-on-Sea 016F,E01015894,691,220,78,142,471,393,78
2021,Southend-on-Sea 010B,E01015896,863,277,103,174,586,516,70
2021,Southend-on-Sea 010C,E01015897,883,284,91,193,599,506,93
2021,Southend-on-Sea 010D,E01015898,934,293,106,187,641,558,83
2021,Southend-on-Sea 010E,E01015899,964,323,108,215,641,542,99
2021,Southend-on-Sea 010F,E01015900,825,266,87,179,559,478,81
2021,Southend-on-Sea 007A,E01015901,795,272,87,185,523,461,62
2021,Southend-on-Sea 007B,E01015902,814,245,84,161,569,492,77
2021,Southend-on-Sea 007C,E01015903,831,245,89,156,586,517,69
2021,Southend-on-Sea 007D,E01015904,899,274,97,177,625,537,88
2021,Southend-on-Sea 007E,E01015905,777,218,69,149,559,463,96
2021,Southend-on-Sea 007F,E01015906,756,228,76,152,528,472,56
2021,Southend-on-Sea 007G,E01015907,752,250,77,173,502,440,62
2021,Southend-on-Sea 008A,E01015908,781,249,101,148,532,398,134
2021,Southend-on-Sea 008B,E01015909,760,205,88,117,555,448,107
2021,Southend-on-Sea 008C,E01015910,733,218,89,129,515,396,119
2021,Southend-on-Sea 008D,E01015911,595,153,62,91,442,366,76
2021,Southend-on-Sea 008E,E01015912,736,260,102,158,476,396,80
2021,Southend-on-Sea 008F,E01015913,895,226,95,131,669,555,114
2021,Southend-on-Sea 017A,E01015914,582,189,75,114,393,306,87
2021,Southend-on-Sea 017B,E01015915,648,212,81,131,436,361,75
2021,Southend-on-Sea 017C,E01015916,454,156,36,120,298,261,37
2021,Southend-on-Sea 017D,E01015917,681,234,74,160,447,387,60
2021,Southend-on-Sea 017E,E01015918,677,206,59,147,471,392,79
2021,Southend-on-Sea 017F,E01015919,635,201,76,125,434,381,53
2021,Southend-on-Sea 017G,E01015920,660,208,84,124,452,377,75
2021,Thurrock 021A,E01015921,701,177,55,122,524,447,77
2021,Thurrock 008A,E01015922,711,218,74,144,493,405,88
2021,Thurrock 008B,E01015923,1194,309,94,215,885,751,134
2021,Thurrock 008C,E01015924,795,224,62,162,571,473,98
2021,Thurrock 008D,E01015925,925,240,95,145,685,593,92
2021,Thurrock 008E,E01015926,1055,254,80,174,801,695,106
2021,Thurrock 007A,E01015927,865,246,69,177,619,542,77
2021,Thurrock 007B,E01015928,857,241,84,157,616,531,85
2021,Thurrock 007C,E01015929,643,195,74,121,448,384,64
2021,Thurrock 007D,E01015930,922,245,73,172,677,593,84
2021,Thurrock 007E,E01015931,730,220,84,136,510,448,62
2021,Thurrock 006A,E01015932,854,243,90,153,611,523,88
2021,Thurrock 012A,E01015933,769,208,80,128,561,480,81
2021,Thurrock 012B,E01015934,672,210,70,140,462,405,57
2021,Thurrock 012C,E01015935,821,249,79,170,572,493,79
2021,Thurrock 012D,E01015936,850,249,81,168,601,508,93
2021,Thurrock 012E,E01015937,706,207,61,146,499,424,75
2021,Thurrock 012F,E01015938,699,215,64,151,484,406,78
2021,Thurrock 020A,E01015939,889,231,80,151,658,543,115
2021,Thurrock 020B,E01015941,825,207,84,123,618,504,114
2021,Thurrock 020C,E01015942,831,219,85,134,612,489,123
2021,Thurrock 001A,E01015943,734,216,88,128,518,426,92
2021,Thurrock 001B,E01015944,583,156,42,114,427,352,75
2021,Thurrock 002A,E01015945,603,182,70,112,421,348,73
2021,Thurrock 001C,E01015946,802,244,101,143,558,455,103
2021,Thurrock 013A,E01015947,735,232,98,134,503,439,64
2021,Thurrock 013B,E01015948,1310,354,121,233,956,794,162
2021,Thurrock 013C,E01015949,955,232,80,152,723,610,113
2021,Thurrock 013D,E01015950,863,225,69,156,638,533,105
2021,Thurrock 017A,E01015951,863,239,82,157,624,526,98
2021,Thurrock 017B,E01015952,1181,316,102,214,865,743,122
2021,Thurrock 017C,E01015953,1555,335,131,204,1220,1031,189
2021,Thurrock 017D,E01015954,1183,322,121,201,861,734,127
2021,Thurrock 016A,E01015955,988,218,75,143,770,638,132
2021,Thurrock 016B,E01015956,1146,279,87,192,867,722,145
2021,Thurrock 009A,E01015957,683,198,71,127,485,422,63
2021,Thurrock 009B,E01015958,629,201,60,141,428,367,61
2021,Thurrock 016C,E01015959,956,240,77,163,716,611,105
2021,Thurrock 014A,E01015960,697,168,64,104,529,436,93
2021,Thurrock 016D,E01015961,852,222,82,140,630,511,119
2021,Thurrock 016E,E01015962,884,233,65,168,651,542,109
2021,Thurrock 010A,E01015963,493,167,47,120,326,286,40
2021,Thurrock 010B,E01015964,797,224,79,145,573,487,86
2021,Thurrock 010C,E01015965,1296,332,106,226,964,817,147
2021,Thurrock 010D,E01015966,724,209,70,139,515,436,79
2021,Thurrock 014B,E01015967,816,188,69,119,628,520,108
2021,Thurrock 014C,E01015968,723,206,77,129,517,428,89
2021,Thurrock 014D,E01015969,969,247,90,157,722,586,136
2021,Thurrock 014E,E01015970,708,217,70,147,491,423,68
2021,Thurrock 006B,E01015971,764,224,70,154,540,467,73
2021,Thurrock 006C,E01015972,925,260,99,161,665,570,95
2021,Thurrock 006E,E01015974,709,194,75,119,515,435,80
2021,Thurrock 006F,E01015975,774,220,81,139,554,479,75
2021,Thurrock 007F,E01015976,835,245,71,174,590,526,64
2021,Thurrock 004A,E01015977,894,250,97,153,644,511,133
2021,Thurrock 004B,E01015978,767,207,92,115,560,432,128
2021,Thurrock 004C,E01015979,863,226,89,137,637,520,117
2021,Thurrock 004D,E01015980,716,223,93,130,493,389,104
2021,Thurrock 019A,E01015982,1494,388,134,254,1106,929,177
2021,Thurrock 002B,E01015983,664,192,78,114,472,402,70
2021,Thurrock 003A,E01015984,590,165,55,110,425,351,74
2021,Thurrock 003B,E01015985,548,136,39,97,412,337,75
2021,Thurrock 003C,E01015986,745,209,63,146,536,461,75
2021,Thurrock 002C,E01015987,653,196,79,117,457,374,83
2021,Thurrock 002D,E01015988,586,193,74,119,393,340,53
2021,Thurrock 005A,E01015989,814,196,72,124,618,503,115
2021,Thurrock 003D,E01015990,753,221,80,141,532,431,101
2021,Thurrock 005B,E01015991,871,234,86,148,637,568,69
2021,Thurrock 005C,E01015992,1483,397,138,259,1086,930,156
2021,Thurrock 009C,E01015993,736,221,82,139,515,420,95
2021,Thurrock 009D,E01015994,748,217,74,143,531,448,83
2021,Thurrock 009E,E01015995,802,226,83,143,576,479,97
2021,Thurrock 009F,E01015996,793,236,58,178,557,462,95
2021,Thurrock 001D,E01015997,641,167,53,114,474,393,81
2021,Thurrock 002E,E01015998,729,198,74,124,531,441,90
2021,Thurrock 001E,E01015999,651,165,60,105,486,404,82
2021,Thurrock 005D,E01016000,745,213,67,146,532,452,80
2021,Thurrock 003E,E01016001,689,192,66,126,497,430,67
2021,Thurrock 005E,E01016002,649,189,63,126,460,387,73
2021,Thurrock 018A,E01016003,1229,277,86,191,952,773,179
2021,Thurrock 018B,E01016004,763,224,63,161,539,455,84
2021,Thurrock 018C,E01016005,793,205,67,138,588,493,95
2021,Thurrock 018D,E01016006,630,197,57,140,433,358,75
2021,Thurrock 018E,E01016007,808,258,88,170,550,446,104
2021,Thurrock 018F,E01016008,760,194,59,135,566,504,62
2021,Thurrock 018G,E01016009,800,215,77,138,585,482,103
2021,Thurrock 018H,E01016010,601,168,53,115,433,370,63
2021,Thurrock 022A,E01016011,986,233,84,149,753,639,114
2021,Thurrock 021C,E01016013,1445,301,94,207,1144,968,176
2021,Thurrock 021B,E01016014,1333,333,111,222,1000,836,164
2021,Thurrock 022B,E01016015,1446,355,114,241,1091,921,170
2021,Medway 015A,E01016016,643,185,61,124,458,384,74
2021,Medway 015B,E01016017,760,203,81,122,557,479,78
2021,Medway 022A,E01016018,864,257,75,182,607,531,76
2021,Medway 015C,E01016019,781,237,88,149,544,461,83
2021,Medway 021A,E01016020,576,186,68,118,390,332,58
2021,Medway 021B,E01016021,749,216,80,136,533,449,84
2021,Medway 021C,E01016022,686,197,68,129,489,420,69
2021,Medway 022B,E01016023,639,202,71,131,437,373,64
2021,Medway 022C,E01016024,861,263,95,168,598,521,77
2021,Medway 027A,E01016025,641,207,82,125,434,374,60
2021,Medway 028A,E01016026,733,191,75,116,542,453,89
2021,Medway 028B,E01016027,728,233,87,146,495,409,86
2021,Medway 028C,E01016028,716,216,77,139,500,398,102
2021,Medway 028D,E01016029,1191,279,116,163,912,736,176
2021,Medway 010A,E01016030,839,248,58,190,591,499,92
2021,Medway 012A,E01016031,713,242,79,163,471,404,67
2021,Medway 010B,E01016032,518,169,45,124,349,302,47
2021,Medway 009A,E01016033,467,153,54,99,314,285,29
2021,Medway 010C,E01016034,1292,309,99,210,983,824,159
2021,Medway 007A,E01016035,871,275,102,173,596,507,89
2021,Medway 009C,E01016037,838,243,83,160,595,505,90
2021,Medway 010D,E01016038,735,202,68,134,533,455,78
2021,Medway 009D,E01016039,800,220,66,154,580,503,77
2021,Medway 013A,E01016040,849,217,91,126,632,537,95
2021,Medway 012B,E01016041,845,226,73,153,619,548,71
2021,Medway 013B,E01016042,641,192,64,128,449,377,72
2021,Medway 013C,E01016043,697,182,64,118,515,440,75
2021,Medway 016A,E01016044,890,228,88,140,662,576,86
2021,Medway 012C,E01016045,832,211,77,134,621,545,76
2021,Medway 016B,E01016046,822,223,87,136,599,516,83
2021,Medway 016C,E01016047,854,247,83,164,607,527,80
2021,Medway 016D,E01016048,861,239,81,158,622,539,83
2021,Medway 012D,E01016049,883,272,108,164,611,530,81
2021,Medway 035A,E01016050,819,251,79,172,568,463,105
2021,Medway 035B,E01016051,831,250,94,156,581,469,112
2021,Medway 035C,E01016052,736,242,103,139,494,387,107
2021,Medway 035D,E01016053,654,209,73,136,445,370,75
2021,Medway 035E,E01016054,793,239,73,166,554,441,113
2021,Medway 038A,E01016055,703,224,67,157,479,401,78
2021,Medway 038B,E01016056,764,184,61,123,580,492,88
2021,Medway 038C,E01016057,873,255,85,170,618,520,98
2021,Medway 031A,E01016058,752,199,73,126,553,459,94
2021,Medway 031B,E01016059,586,185,49,136,401,345,56
2021,Medway 038D,E01016060,745,225,58,167,520,427,93
2021,Medway 020A,E01016061,724,225,82,143,499,421,78
2021,Medway 022D,E01016062,698,223,61,162,475,401,74
2021,Medway 020B,E01016063,648,204,80,124,444,382,62
2021,Medway 020C,E01016064,762,207,73,134,555,470,85
2021,Medway 027B,E01016065,686,198,59,139,488,417,71
2021,Medway 027C,E01016066,738,196,52,144,542,460,82
2021,Medway 027D,E01016067,777,221,73,148,556,465,91
2021,Medway 027E,E01016068,726,212,69,143,514,442,72
2021,Medway 020D,E01016069,754,215,77,138,539,469,70
2021,Medway 001A,E01016070,711,186,64,122,525,419,106
2021,Medway 001B,E01016071,783,204,62,142,579,461,118
2021,Medway 001C,E01016072,644,191,89,102,453,363,90
2021,Medway 003A,E01016073,1155,313,133,180,842,680,162
2021,Medway 001D,E01016074,900,234,85,149,666,535,131
2021,Medway 003B,E01016075,819,211,63,148,608,484,124
2021,Medway 003D,E01016077,725,198,66,132,527,422,105
2021,Medway 034A,E01016078,910,221,73,148,689,593,96
2021,Medway 031C,E01016079,649,188,82,106,461,381,80
2021,Medway 034B,E01016080,771,195,64,131,576,491,85
2021,Medway 034C,E01016081,913,229,77,152,684,573,111
2021,Medway 034D,E01016082,816,206,58,148,610,511,99
2021,Medway 031D,E01016083,527,144,48,96,383,317,66
2021,Medway 031E,E01016084,691,202,68,134,489,392,97
2021,Medway 030A,E01016085,715,229,86,143,486,393,93
2021,Medway 030B,E01016086,589,172,71,101,417,324,93
2021,Medway 029A,E01016087,808,238,75,163,570,465,105
2021,Medway 029B,E01016088,672,210,75,135,462,392,70
2021,Medway 029C,E01016089,696,186,73,113,510,426,84
2021,Medway 029D,E01016090,758,227,74,153,531,436,95
2021,Medway 030C,E01016091,687,229,94,135,458,365,93
2021,Medway 036A,E01016092,719,210,69,141,509,440,69
2021,Medway 023A,E01016093,831,230,75,155,601,485,116
2021,Medway 025A,E01016094,810,189,72,117,621,537,84
2021,Medway 025B,E01016095,706,190,52,138,516,437,79
2021,Medway 023B,E01016096,688,180,63,117,508,433,75
2021,Medway 025C,E01016097,662,195,71,124,467,398,69
2021,Medway 025D,E01016098,648,205,64,141,443,357,86
2021,Medway 036B,E01016099,776,203,57,146,573,486,87
2021,Medway 036C,E01016100,707,214,63,151,493,408,85
2021,Medway 032A,E01016101,739,210,70,140,529,466,63
2021,Medway 025E,E01016102,632,177,60,117,455,381,74
2021,Medway 032B,E01016103,975,272,104,168,703,587,116
2021,Medway 032C,E01016104,739,185,51,134,554,469,85
2021,Medway 036D,E01016105,635,167,53,114,468,387,81
2021,Medway 036E,E01016106,659,209,63,146,450,383,67
2021,Medway 032D,E01016107,748,214,75,139,534,427,107
2021,Medway 015E,E01016111,657,172,57,115,485,418,67
2021,Medway 017A,E01016113,749,189,76,113,560,482,78
2021,Medway 017B,E01016114,766,205,73,132,561,487,74
2021,Medway 017C,E01016115,928,272,105,167,656,554,102
2021,Medway 024A,E01016116,881,245,79,166,636,525,111
2021,Medway 014A,E01016117,889,240,89,151,649,540,109
2021,Medway 017D,E01016118,953,242,79,163,711,602,109
2021,Medway 026A,E01016119,694,212,79,133,482,402,80
2021,Medway 026B,E01016120,646,178,62,116,468,397,71
2021,Medway 033A,E01016121,722,207,65,142,515,428,87
2021,Medway 033B,E01016122,1179,293,106,187,886,738,148
2021,Medway 033C,E01016123,739,196,69,127,543,458,85
2021,Medway 026C,E01016124,867,221,73,148,646,539,107
2021,Medway 021D,E01016125,892,265,103,162,627,524,103
2021,Medway 026D,E01016126,844,235,67,168,609,513,96
2021,Medway 024B,E01016127,717,216,62,154,501,408,93
2021,Medway 024C,E01016128,768,245,105,140,523,416,107
2021,Medway 014B,E01016129,984,240,87,153,744,610,134
2021,Medway 014C,E01016130,1077,246,108,138,831,654,177
2021,Medway 014D,E01016131,842,224,83,141,618,491,127
2021,Medway 024D,E01016132,915,252,89,163,663,560,103
2021,Medway 005A,E01016133,682,201,87,114,481,382,99
2021,Medway 005B,E01016134,697,215,76,139,482,402,80
2021,Medway 006A,E01016135,789,219,66,153,570,469,101
2021,Medway 006B,E01016136,784,218,79,139,566,470,96
2021,Medway 006C,E01016137,792,225,65,160,567,476,91
2021,Medway 005C,E01016138,714,205,56,149,509,424,85
2021,Medway 005D,E01016139,870,215,63,152,655,542,113
2021,Medway 006D,E01016140,706,192,61,131,514,409,105
2021,Medway 006E,E01016141,920,265,84,181,655,562,93
2021,Medway 002A,E01016142,686,173,55,118,513,390,123
2021,Medway 003E,E01016143,1549,387,118,269,1162,948,214
2021,Medway 002B,E01016144,706,198,70,128,508,422,86
2021,Medway 002C,E01016145,705,187,69,118,518,425,93
2021,Medway 004B,E01016147,943,272,84,188,671,553,118
2021,Medway 004C,E01016148,1125,299,106,193,826,679,147
2021,Medway 002D,E01016149,758,216,84,132,542,429,113
2021,Medway 011A,E01016150,758,230,84,146,528,439,89
2021,Medway 008A,E01016151,827,233,74,159,594,513,81
2021,Medway 008B,E01016152,608,170,63,107,438,357,81
2021,Medway 008C,E01016153,572,189,59,130,383,321,62
2021,Medway 011B,E01016154,845,215,69,146,630,516,114
2021,Medway 008D,E01016155,695,221,79,142,474,377,97
2021,Medway 011C,E01016156,885,246,82,164,639,520,119
2021,Medway 011D,E01016157,1267,339,113,226,928,786,142
2021,Medway 011E,E01016158,1237,313,95,218,924,785,139
2021,Medway 019A,E01016159,597,189,58,131,408,353,55
2021,Medway 018A,E01016160,664,199,59,140,465,396,69
2021,Medway 018B,E01016161,619,204,61,143,415,346,69
2021,Medway 018C,E01016162,812,239,88,151,573,473,100
2021,Medway 018D,E01016163,650,205,75,130,445,382,63
2021,Medway 018E,E01016164,662,169,62,107,493,430,63
2021,Medway 018F,E01016165,608,173,57,116,435,350,85
2021,Medway 023C,E01016166,741,217,82,135,524,453,71
2021,Medway 023D,E01016167,720,207,75,132,513,431,82
2021,Medway 037A,E01016168,746,199,73,126,547,458,89
2021,Medway 037B,E01016169,833,238,90,148,595,481,114
2021,Medway 038E,E01016170,835,220,81,139,615,520,95
2021,Medway 037C,E01016171,751,227,71,156,524,449,75
2021,Medway 037D,E01016172,726,200,69,131,526,441,85
2021,Medway 033D,E01016173,752,227,87,140,525,409,116
2021,Medway 019B,E01016174,658,194,65,129,464,402,62
2021,Medway 019C,E01016175,960,279,89,190,681,578,103
2021,Medway 030D,E01016176,789,243,95,148,546,443,103
2021,Medway 013D,E01016177,744,207,70,137,537,474,63
2021,Medway 013E,E01016178,710,187,64,123,523,428,95
2021,Medway 019D,E01016179,686,193,58,135,493,426,67
2021,Bracknell Forest 005A,E01016180,635,146,52,94,489,397,92
2021,Bracknell Forest 005B,E01016181,797,213,76,137,584,456,128
2021,Bracknell Forest 005C,E01016182,774,205,82,123,569,466,103
2021,Bracknell Forest 005D,E01016183,702,185,67,118,517,432,85
2021,Bracknell Forest 002B,E01016185,842,190,69,121,652,552,100
2021,Bracknell Forest 002D,E01016187,809,264,110,154,545,449,96
2021,Bracknell Forest 002E,E01016188,1104,246,83,163,858,712,146
2021,Bracknell Forest 003A,E01016190,793,220,83,137,573,481,92
2021,Bracknell Forest 006B,E01016191,833,224,74,150,609,514,95
2021,Bracknell Forest 014A,E01016192,694,170,49,121,524,431,93
2021,Bracknell Forest 015A,E01016193,732,200,61,139,532,459,73
2021,Bracknell Forest 014B,E01016194,573,157,52,105,416,342,74
2021,Bracknell Forest 014C,E01016195,703,182,66,116,521,456,65
2021,Bracknell Forest 015B,E01016196,1221,244,72,172,977,642,335
2021,Bracknell Forest 015C,E01016197,724,199,67,132,525,450,75
2021,Bracknell Forest 015D,E01016198,641,185,76,109,456,391,65
2021,Bracknell Forest 015E,E01016199,636,190,77,113,446,376,70
2021,Bracknell Forest 008A,E01016200,829,207,74,133,622,522,100
2021,Bracknell Forest 008B,E01016201,779,183,55,128,596,519,77
2021,Bracknell Forest 008C,E01016202,840,168,53,115,672,588,84
2021,Bracknell Forest 008D,E01016203,680,177,58,119,503,443,60
2021,Bracknell Forest 008E,E01016204,653,165,55,110,488,416,72
2021,Bracknell Forest 010A,E01016205,716,176,63,113,540,465,75
2021,Bracknell Forest 012A,E01016206,905,211,87,124,694,576,118
2021,Bracknell Forest 013A,E01016207,1080,278,111,167,802,680,122
2021,Bracknell Forest 012B,E01016208,1125,250,96,154,875,745,130
2021,Bracknell Forest 009A,E01016209,725,172,43,129,553,471,82
2021,Bracknell Forest 009B,E01016210,634,156,55,101,478,434,44
2021,Bracknell Forest 011A,E01016212,662,192,54,138,470,403,67
2021,Bracknell Forest 009D,E01016213,582,166,55,111,416,360,56
2021,Bracknell Forest 009E,E01016214,622,179,60,119,443,386,57
2021,Bracknell Forest 009F,E01016215,593,170,50,120,423,369,54
2021,Bracknell Forest 011B,E01016216,672,158,57,101,514,445,69
2021,Bracknell Forest 010B,E01016217,777,202,77,125,575,505,70
2021,Bracknell Forest 010C,E01016218,716,196,62,134,520,457,63
2021,Bracknell Forest 011C,E01016219,634,160,45,115,474,403,71
2021,Bracknell Forest 011D,E01016220,782,204,76,128,578,488,90
2021,Bracknell Forest 011E,E01016221,681,172,48,124,509,435,74
2021,Bracknell Forest 005E,E01016222,705,151,56,95,554,462,92
2021,Bracknell Forest 006C,E01016223,680,162,57,105,518,437,81
2021,Bracknell Forest 006D,E01016224,1108,312,112,200,796,677,119
2021,Bracknell Forest 006E,E01016226,799,195,62,133,604,511,93
2021,Bracknell Forest 014D,E01016227,684,204,84,120,480,403,77
2021,Bracknell Forest 014E,E01016228,948,274,102,172,674,580,94
2021,Bracknell Forest 012C,E01016229,572,157,58,99,415,346,69
2021,Bracknell Forest 012D,E01016230,592,115,55,60,477,321,156
2021,Bracknell Forest 010D,E01016231,1064,256,84,172,808,690,118
2021,Bracknell Forest 010E,E01016232,752,208,62,146,544,472,72
2021,Bracknell Forest 007B,E01016233,1360,360,105,255,1000,872,128
2021,Bracknell Forest 013B,E01016234,587,154,47,107,433,367,66
2021,Bracknell Forest 013C,E01016235,691,189,62,127,502,434,68
2021,Bracknell Forest 013D,E01016236,820,251,94,157,569,487,82
2021,Bracknell Forest 013E,E01016237,623,182,64,118,441,365,76
2021,Bracknell Forest 003B,E01016238,901,199,86,113,702,606,96
2021,Bracknell Forest 004A,E01016239,779,229,92,137,550,480,70
2021,Bracknell Forest 004B,E01016240,847,208,71,137,639,564,75
2021,Bracknell Forest 004C,E01016241,806,226,78,148,580,503,77
2021,Bracknell Forest 004D,E01016242,1201,245,92,153,956,844,112
2021,Bracknell Forest 003C,E01016243,824,195,73,122,629,536,93
2021,Bracknell Forest 003D,E01016245,1303,328,126,202,975,828,147
2021,Bracknell Forest 003E,E01016246,894,243,78,165,651,543,108
2021,Bracknell Forest 003F,E01016247,1049,258,104,154,791,672,119
2021,Bracknell Forest 007C,E01016248,804,219,74,145,585,510,75
2021,Bracknell Forest 007E,E01016250,967,244,96,148,723,621,102
2021,Bracknell Forest 001C,E01016252,721,205,92,113,516,393,123
2021,Bracknell Forest 001D,E01016253,764,222,90,132,542,418,124
2021,West Berkshire 011A,E01016254,730,210,86,124,520,409,111
2021,West Berkshire 011B,E01016255,729,206,92,114,523,374,149
2021,West Berkshire 003A,E01016256,900,242,100,142,658,489,169
2021,West Berkshire 003B,E01016257,631,208,102,106,423,289,134
2021,West Berkshire 005A,E01016258,723,217,76,141,506,451,55
2021,West Berkshire 006A,E01016259,849,251,90,161,598,528,70
2021,West Berkshire 006B,E01016260,826,240,78,162,586,506,80
2021,West Berkshire 005B,E01016261,915,264,88,176,651,556,95
2021,West Berkshire 006C,E01016262,648,200,66,134,448,388,60
2021,West Berkshire 007A,E01016263,1215,338,142,196,877,671,206
2021,West Berkshire 011C,E01016264,595,163,64,99,432,262,170
2021,West Berkshire 011D,E01016265,710,235,98,137,475,355,120
2021,West Berkshire 011E,E01016266,643,173,76,97,470,342,128
2021,West Berkshire 015A,E01016267,732,214,77,137,518,422,96
2021,West Berkshire 015B,E01016268,828,228,81,147,600,522,78
2021,West Berkshire 015C,E01016269,722,184,77,107,538,429,109
2021,West Berkshire 015D,E01016270,805,201,66,135,604,509,95
2021,West Berkshire 008A,E01016271,738,204,70,134,534,476,58
2021,West Berkshire 006D,E01016272,775,228,86,142,547,464,83
2021,West Berkshire 006E,E01016273,785,250,88,162,535,474,61
2021,West Berkshire 008B,E01016274,734,229,84,145,505,440,65
2021,West Berkshire 008C,E01016275,846,218,77,141,628,544,84
2021,West Berkshire 008D,E01016276,855,242,93,149,613,524,89
2021,West Berkshire 001A,E01016277,637,213,92,121,424,310,114
2021,West Berkshire 013A,E01016279,1229,314,110,204,915,804,111
2021,West Berkshire 013B,E01016280,911,225,93,132,686,603,83
2021,West Berkshire 013C,E01016281,780,200,63,137,580,501,79
2021,West Berkshire 013D,E01016282,837,175,68,107,662,580,82
2021,West Berkshire 007D,E01016284,698,192,81,111,506,392,114
2021,West Berkshire 007E,E01016285,832,231,108,123,601,446,155
2021,West Berkshire 001B,E01016286,913,266,97,169,647,523,124
2021,West Berkshire 001C,E01016287,815,247,111,136,568,431,137
2021,West Berkshire 001D,E01016288,894,247,92,155,647,508,139
2021,West Berkshire 021A,E01016289,590,194,93,101,396,312,84
2021,West Berkshire 021B,E01016290,768,221,83,138,547,466,81
2021,West Berkshire 021C,E01016291,938,253,110,143,685,560,125
2021,West Berkshire 021D,E01016292,816,234,85,149,582,492,90
2021,West Berkshire 020A,E01016294,863,250,89,161,613,519,94
2021,West Berkshire 020B,E01016295,690,201,66,135,489,423,66
2021,West Berkshire 010A,E01016296,775,234,103,131,541,431,110
2021,West Berkshire 010B,E01016297,752,255,105,150,497,419,78
2021,West Berkshire 010C,E01016298,585,148,51,97,437,339,98
2021,West Berkshire 010D,E01016299,742,221,98,123,521,432,89
2021,West Berkshire 018A,E01016300,699,219,98,121,480,382,98
2021,West Berkshire 018B,E01016301,1003,301,130,171,702,536,166
2021,West Berkshire 018C,E01016302,799,255,107,148,544,420,124
2021,West Berkshire 002A,E01016303,750,209,84,125,541,415,126
2021,West Berkshire 002B,E01016304,846,254,121,133,592,470,122
2021,West Berkshire 002C,E01016305,677,161,58,103,516,388,128
2021,West Berkshire 002D,E01016306,627,173,63,110,454,375,79
2021,West Berkshire 022A,E01016307,793,212,87,125,581,479,102
2021,West Berkshire 022B,E01016308,947,259,115,144,688,531,157
2021,West Berkshire 022C,E01016309,1226,331,140,191,895,726,169
2021,West Berkshire 012A,E01016310,952,239,85,154,713,614,99
2021,West Berkshire 012B,E01016311,895,210,89,121,685,583,102
2021,West Berkshire 020C,E01016312,1080,271,87,184,809,695,114
2021,West Berkshire 003C,E01016313,873,232,94,138,641,532,109
2021,West Berkshire 003D,E01016314,663,176,80,96,487,345,142
2021,West Berkshire 004A,E01016315,796,220,84,136,576,476,100
2021,West Berkshire 004B,E01016316,1111,319,140,179,792,647,145
2021,West Berkshire 004C,E01016317,709,201,86,115,508,403,105
2021,West Berkshire 004D,E01016318,693,217,75,142,476,413,63
2021,West Berkshire 020D,E01016319,843,240,88,152,603,509,94
2021,West Berkshire 020E,E01016320,772,202,73,129,570,463,107
2021,West Berkshire 021E,E01016321,802,206,78,128,596,508,88
2021,West Berkshire 021F,E01016322,671,193,89,104,478,390,88
2021,West Berkshire 012C,E01016323,638,176,75,101,462,393,69
2021,West Berkshire 012D,E01016324,708,206,66,140,502,428,74
2021,West Berkshire 012E,E01016325,707,209,81,128,498,452,46
2021,West Berkshire 018D,E01016326,683,194,72,122,489,353,136
2021,West Berkshire 009A,E01016327,643,186,72,114,457,377,80
2021,West Berkshire 009B,E01016328,1025,259,81,178,766,645,121
2021,West Berkshire 014A,E01016329,860,218,85,133,642,573,69
2021,West Berkshire 016A,E01016330,783,191,60,131,592,522,70
2021,West Berkshire 016B,E01016331,766,222,68,154,544,484,60
2021,West Berkshire 016C,E01016332,710,184,75,109,526,454,72
2021,West Berkshire 017A,E01016333,733,185,76,109,548,466,82
2021,West Berkshire 016D,E01016334,926,215,67,148,711,593,118
2021,West Berkshire 017B,E01016335,832,225,81,144,607,528,79
2021,West Berkshire 016E,E01016336,600,184,53,131,416,361,55
2021,West Berkshire 017C,E01016337,1232,335,107,228,897,785,112
2021,West Berkshire 017D,E01016338,947,237,73,164,710,616,94
2021,West Berkshire 011F,E01016339,1504,358,119,239,1146,973,173
2021,West Berkshire 014B,E01016340,1025,296,111,185,729,603,126
2021,West Berkshire 014C,E01016341,709,179,61,118,530,456,74
2021,West Berkshire 014D,E01016342,1252,293,83,210,959,815,144
2021,West Berkshire 014E,E01016343,698,197,67,130,501,431,70
2021,West Berkshire 009C,E01016344,835,220,90,130,615,539,76
2021,West Berkshire 009D,E01016345,820,200,66,134,620,542,78
2021,West Berkshire 019B,E01016346,871,182,58,124,689,609,80
2021,West Berkshire 019D,E01016348,1468,310,96,214,1158,1021,137
2021,West Berkshire 005C,E01016349,655,194,76,118,461,408,53
2021,West Berkshire 005D,E01016350,748,204,83,121,544,481,63
2021,Reading 019C,E01016353,1251,283,111,172,968,857,111
2021,Reading 007A,E01016355,1274,228,89,139,1046,938,108
2021,Reading 008A,E01016356,903,205,87,118,698,629,69
2021,Reading 008B,E01016357,1103,234,82,152,869,772,97
2021,Reading 007B,E01016358,1127,281,100,181,846,748,98
2021,Reading 007C,E01016359,1496,364,106,258,1132,1002,130
2021,Reading 007D,E01016360,1426,343,114,229,1083,941,142
2021,Reading 007E,E01016361,1185,279,96,183,906,806,100
2021,Reading 004A,E01016362,1064,188,55,133,876,760,116
2021,Reading 004B,E01016363,890,227,82,145,663,577,86
2021,Reading 003A,E01016364,776,185,62,123,591,491,100
2021,Reading 004C,E01016365,1052,159,60,99,893,776,117
2021,Reading 004D,E01016366,857,232,84,148,625,526,99
2021,Reading 004E,E01016367,905,219,81,138,686,597,89
2021,Reading 017A,E01016368,696,209,72,137,487,442,45
2021,Reading 018A,E01016369,844,246,80,166,598,525,73
2021,Reading 016A,E01016370,929,447,308,139,482,418,64
2021,Reading 016B,E01016371,763,217,97,120,546,456,90
2021,Reading 017B,E01016372,658,223,75,148,435,384,51
2021,Reading 016C,E01016373,772,221,61,160,551,476,75
2021,Reading 014A,E01016374,1117,201,62,139,916,831,85
2021,Reading 014B,E01016375,703,198,69,129,505,440,65
2021,Reading 014C,E01016376,999,228,86,142,771,684,87
2021,Reading 017C,E01016377,907,268,92,176,639,572,67
2021,Reading 014D,E01016379,1417,336,102,234,1081,991,90
2021,Reading 005A,E01016380,952,263,107,156,689,611,78
2021,Reading 006A,E01016381,728,192,67,125,536,477,59
2021,Reading 006B,E01016382,937,282,97,185,655,556,99
2021,Reading 005B,E01016383,873,231,72,159,642,565,77
2021,Reading 005C,E01016384,838,225,91,134,613,495,118
2021,Reading 006C,E01016385,900,271,90,181,629,553,76
2021,Reading 002A,E01016386,670,194,87,107,476,363,113
2021,Reading 002B,E01016387,764,226,86,140,538,415,123
2021,Reading 013A,E01016388,785,185,71,114,600,526,74
2021,Reading 013B,E01016389,826,274,96,178,552,490,62
2021,Reading 013C,E01016390,904,165,73,92,739,641,98
2021,Reading 020E,E01016391,1198,242,101,141,956,856,100
2021,Reading 013D,E01016392,1305,280,95,185,1025,893,132
2021,Reading 013E,E01016393,989,209,85,124,780,685,95
2021,Reading 009A,E01016394,627,213,68,145,414,377,37
2021,Reading 008C,E01016395,682,202,78,124,480,420,60
2021,Reading 006D,E01016396,828,189,56,133,639,569,70
2021,Reading 006E,E01016397,775,236,87,149,539,488,51
2021,Reading 008D,E01016398,1005,226,79,147,779,691,88
2021,Reading 008E,E01016399,795,193,73,120,602,529,73
2021,Reading 008F,E01016400,929,214,70,144,715,629,86
2021,Reading 012A,E01016401,694,201,87,114,493,402,91
2021,Reading 010B,E01016402,858,315,146,169,543,470,73
2021,Reading 012B,E01016403,1000,280,125,155,720,623,97
2021,Reading 010C,E01016404,1185,355,139,216,830,743,87
2021,Reading 010D,E01016405,1087,335,120,215,752,670,82
2021,Reading 010E,E01016406,768,247,125,122,521,460,61
2021,Reading 001A,E01016407,701,229,68,161,472,388,84
2021,Reading 001B,E01016408,756,231,99,132,525,462,63
2021,Reading 003B,E01016409,850,246,75,171,604,526,78
2021,Reading 001C,E01016410,925,227,97,130,698,601,97
2021,Reading 001D,E01016411,734,241,101,140,493,392,101
2021,Reading 001E,E01016412,813,227,84,143,586,509,77
2021,Reading 014E,E01016413,714,213,110,103,501,420,81
2021,Reading 014F,E01016414,1063,213,101,112,850,736,114
2021,Reading 016D,E01016415,754,217,82,135,537,477,60
2021,Reading 012C,E01016416,961,262,165,97,699,618,81
2021,Reading 012D,E01016417,730,308,192,116,422,354,68
2021,Reading 012E,E01016418,701,262,162,100,439,379,60
2021,Reading 015A,E01016419,1132,232,86,146,900,800,100
2021,Reading 015B,E01016420,683,241,62,179,442,410,32
2021,Reading 015C,E01016421,619,180,58,122,439,400,39
2021,Reading 015D,E01016422,573,163,53,110,410,359,51
2021,Reading 015E,E01016423,745,216,60,156,529,470,59
2021,Reading 015F,E01016424,752,172,62,110,580,516,64
2021,Reading 002C,E01016425,839,233,102,131,606,505,101
2021,Reading 002D,E01016426,710,191,82,109,519,407,112
2021,Reading 003C,E01016427,790,180,61,119,610,500,110
2021,Reading 003D,E01016428,938,255,85,170,683,570,113
2021,Reading 003E,E01016429,838,241,87,154,597,504,93
2021,Reading 002E,E01016430,748,217,83,134,531,446,85
2021,Reading 005D,E01016431,830,224,75,149,606,518,88
2021,Reading 005E,E01016432,711,200,65,135,511,432,79
2021,Reading 009B,E01016433,740,210,78,132,530,473,57
2021,Reading 009C,E01016434,962,276,106,170,686,605,81
2021,Reading 009D,E01016435,682,208,66,142,474,419,55
2021,Reading 009E,E01016436,812,248,77,171,564,494,70
2021,Reading 018B,E01016437,719,199,71,128,520,457,63
2021,Reading 017D,E01016438,564,168,48,120,396,352,44
2021,Reading 018C,E01016439,1005,215,82,133,790,717,73
2021,Reading 018D,E01016440,730,222,63,159,508,429,79
2021,Reading 018E,E01016441,669,211,73,138,458,401,57
2021,Reading 017F,E01016443,706,210,66,144,496,455,41
2021,Slough 004A,E01016444,722,269,107,162,453,404,49
2021,Slough 004B,E01016445,796,279,101,178,517,458,59
2021,Slough 004C,E01016446,706,234,86,148,472,407,65
2021,Slough 004D,E01016447,814,283,111,172,531,460,71
2021,Slough 004E,E01016448,1065,313,126,187,752,672,80
2021,Slough 004F,E01016449,981,368,138,230,613,549,64
2021,Slough 001A,E01016450,752,212,66,146,540,485,55
2021,Slough 001B,E01016451,770,232,67,165,538,479,59
2021,Slough 001C,E01016452,876,266,86,180,610,546,64
2021,Slough 001D,E01016453,786,209,66,143,577,494,83
2021,Slough 001E,E01016454,757,211,75,136,546,473,73
2021,Slough 001F,E01016455,991,249,91,158,742,672,70
2021,Slough 016D,E01016456,1034,305,124,181,729,644,85
2021,Slough 016C,E01016457,914,301,127,174,613,543,70
2021,Slough 015A,E01016458,738,253,104,149,485,423,62
2021,Slough 016A,E01016460,880,235,82,153,645,551,94
2021,Slough 009A,E01016462,1202,363,161,202,839,735,104
2021,Slough 009B,E01016463,775,259,78,181,516,443,73
2021,Slough 009C,E01016464,872,271,118,153,601,529,72
2021,Slough 009D,E01016465,1304,417,149,268,887,783,104
2021,Slough 006A,E01016467,762,195,68,127,567,489,78
2021,Slough 006B,E01016468,995,245,84,161,750,652,98
2021,Slough 006C,E01016469,885,233,82,151,652,562,90
2021,Slough 006D,E01016470,891,212,74,138,679,583,96
2021,Slough 006E,E01016471,749,224,77,147,525,452,73
2021,Slough 006F,E01016472,814,215,72,143,599,519,80
2021,Slough 008A,E01016473,1372,343,118,225,1029,898,131
2021,Slough 008B,E01016474,957,300,96,204,657,579,78
2021,Slough 008C,E01016475,983,315,111,204,668,587,81
2021,Slough 008D,E01016476,917,238,80,158,679,596,83
2021,Slough 008E,E01016477,1390,362,118,244,1028,906,122
2021,Slough 008F,E01016478,950,286,103,183,664,585,79
2021,Slough 014A,E01016479,811,221,77,144,590,538,52
2021,Slough 014B,E01016480,695,190,67,123,505,435,70
2021,Slough 014C,E01016481,849,207,77,130,642,560,82
2021,Slough 014D,E01016482,981,223,78,145,758,656,102
2021,Slough 002A,E01016483,899,301,98,203,598,519,79
2021,Slough 002B,E01016484,830,272,99,173,558,471,87
2021,Slough 002C,E01016485,849,285,112,173,564,494,70
2021,Slough 002D,E01016486,767,241,85,156,526,464,62
2021,Slough 002E,E01016487,850,264,91,173,586,514,72
2021,Slough 002F,E01016488,916,284,110,174,632,551,81
2021,Slough 013B,E01016490,853,278,86,192,575,511,64
2021,Slough 013C,E01016491,857,237,89,148,620,544,76
2021,Slough 013D,E01016492,852,226,89,137,626,556,70
2021,Slough 003A,E01016493,657,163,59,104,494,428,66
2021,Slough 003B,E01016494,1010,262,86,176,748,667,81
2021,Slough 003C,E01016495,763,185,61,124,578,499,79
2021,Slough 003D,E01016496,660,178,59,119,482,427,55
2021,Slough 003E,E01016497,734,171,66,105,563,506,57
2021,Slough 003F,E01016498,812,204,73,131,608,534,74
2021,Slough 003G,E01016499,609,201,54,147,408,358,50
2021,Slough 012A,E01016500,917,265,94,171,652,555,97
2021,Slough 012B,E01016501,799,228,76,152,571,489,82
2021,Slough 012C,E01016502,791,224,84,140,567,514,53
2021,Slough 012D,E01016503,814,224,86,138,590,513,77
2021,Slough 012E,E01016504,709,191,81,110,518,440,78
2021,Slough 012F,E01016505,795,230,75,155,565,497,68
2021,Slough 010A,E01016506,982,234,76,158,748,651,97
2021,Slough 010B,E01016507,827,233,80,153,594,527,67
2021,Slough 010C,E01016508,1069,251,89,162,818,730,88
2021,Slough 010D,E01016509,826,223,74,149,603,542,61
2021,Slough 010E,E01016510,1079,270,86,184,809,707,102
2021,Slough 011A,E01016511,1114,323,118,205,791,697,94
2021,Slough 011D,E01016514,1107,281,107,174,826,713,113
2021,Slough 011E,E01016515,956,257,98,159,699,598,101
2021,Slough 005A,E01016516,774,289,95,194,485,434,51
2021,Slough 005B,E01016517,740,263,78,185,477,433,44
2021,Slough 005C,E01016518,891,248,85,163,643,578,65
2021,Slough 005D,E01016519,1332,360,137,223,972,855,117
2021,Slough 005E,E01016520,735,245,87,158,490,439,51
2021,Slough 005F,E01016521,913,282,98,184,631,551,80
2021,Windsor and Maidenhead 017A,E01016522,883,245,111,134,638,463,175
2021,Windsor and Maidenhead 017B,E01016523,748,251,125,126,497,332,165
2021,Windsor and Maidenhead 017C,E01016524,1008,284,130,154,724,534,190
2021,Windsor and Maidenhead 005A,E01016525,967,244,108,136,723,572,151
2021,Windsor and Maidenhead 006A,E01016526,1042,262,101,161,780,644,136
2021,Windsor and Maidenhead 006B,E01016527,894,190,74,116,704,596,108
2021,Windsor and Maidenhead 005B,E01016528,882,227,85,142,655,559,96
2021,Windsor and Maidenhead 005C,E01016529,1076,269,102,167,807,711,96
2021,Windsor and Maidenhead 002A,E01016530,722,207,87,120,515,413,102
2021,Windsor and Maidenhead 002B,E01016531,652,211,101,110,441,311,130
2021,Windsor and Maidenhead 002C,E01016532,974,288,116,172,686,520,166
2021,Windsor and Maidenhead 002D,E01016533,933,281,118,163,652,466,186
2021,Windsor and Maidenhead 006C,E01016534,778,203,80,123,575,440,135
2021,Windsor and Maidenhead 007A,E01016535,692,169,73,96,523,461,62
2021,Windsor and Maidenhead 005D,E01016536,1057,223,95,128,834,666,168
2021,Windsor and Maidenhead 007B,E01016537,980,293,114,179,687,588,99
2021,Windsor and Maidenhead 007C,E01016538,872,211,86,125,661,562,99
2021,Windsor and Maidenhead 009A,E01016539,785,200,81,119,585,418,167
2021,Windsor and Maidenhead 009B,E01016540,803,250,96,154,553,405,148
2021,Windsor and Maidenhead 009C,E01016541,656,172,65,107,484,399,85
2021,Windsor and Maidenhead 009D,E01016542,605,146,43,103,459,393,66
2021,Windsor and Maidenhead 009E,E01016543,907,244,109,135,663,492,171
2021,Windsor and Maidenhead 010A,E01016544,1270,233,105,128,1037,719,318
2021,Windsor and Maidenhead 012A,E01016545,1190,251,102,149,939,730,209
2021,Windsor and Maidenhead 015A,E01016546,898,193,95,98,705,520,185
2021,Windsor and Maidenhead 012B,E01016547,1064,209,89,120,855,667,188
2021,Windsor and Maidenhead 014A,E01016548,1027,232,94,138,795,630,165
2021,Windsor and Maidenhead 014B,E01016549,975,248,113,135,727,580,147
2021,Windsor and Maidenhead 012C,E01016550,814,189,71,118,625,435,190
2021,Windsor and Maidenhead 013A,E01016551,797,207,77,130,590,496,94
2021,Windsor and Maidenhead 012D,E01016552,850,241,95,146,609,495,114
2021,Windsor and Maidenhead 013B,E01016553,669,187,68,119,482,403,79
2021,Windsor and Maidenhead 014C,E01016554,776,209,74,135,567,483,84
2021,Windsor and Maidenhead 014D,E01016555,797,235,79,156,562,486,76
2021,Windsor and Maidenhead 014E,E01016556,859,246,98,148,613,516,97
2021,Windsor and Maidenhead 013C,E01016557,953,272,104,168,681,576,105
2021,Windsor and Maidenhead 013D,E01016558,724,172,44,128,552,396,156
2021,Windsor and Maidenhead 008A,E01016559,711,173,66,107,538,467,71
2021,Windsor and Maidenhead 008B,E01016560,737,201,65,136,536,462,74
2021,Windsor and Maidenhead 008C,E01016561,899,232,86,146,667,570,97
2021,Windsor and Maidenhead 008D,E01016562,691,164,67,97,527,432,95
2021,Windsor and Maidenhead 008E,E01016563,660,183,54,129,477,423,54
2021,Windsor and Maidenhead 011A,E01016564,860,195,68,127,665,561,104
2021,Windsor and Maidenhead 011B,E01016565,855,222,100,122,633,477,156
2021,Windsor and Maidenhead 011C,E01016566,907,246,83,163,661,529,132
2021,Windsor and Maidenhead 010B,E01016567,1191,269,121,148,922,622,300
2021,Windsor and Maidenhead 010C,E01016568,640,180,79,101,460,390,70
2021,Windsor and Maidenhead 010D,E01016569,552,135,49,86,417,354,63
2021,Windsor and Maidenhead 001A,E01016570,750,207,79,128,543,453,90
2021,Windsor and Maidenhead 003A,E01016571,921,253,95,158,668,553,115
2021,Windsor and Maidenhead 001B,E01016572,638,207,80,127,431,361,70
2021,Windsor and Maidenhead 003B,E01016573,687,209,76,133,478,414,64
2021,Windsor and Maidenhead 003C,E01016574,765,219,89,130,546,479,67
2021,Windsor and Maidenhead 016A,E01016575,931,240,107,133,691,550,141
2021,Windsor and Maidenhead 016B,E01016576,961,271,107,164,690,541,149
2021,Windsor and Maidenhead 011D,E01016577,950,260,99,161,690,578,112
2021,Windsor and Maidenhead 002E,E01016578,818,219,92,127,599,434,165
2021,Windsor and Maidenhead 002F,E01016579,915,280,126,154,635,462,173
2021,Windsor and Maidenhead 008F,E01016580,740,213,67,146,527,447,80
2021,Windsor and Maidenhead 002G,E01016581,726,205,77,128,521,401,120
2021,Windsor and Maidenhead 001C,E01016582,752,229,96,133,523,439,84
2021,Windsor and Maidenhead 004A,E01016583,1004,256,106,150,748,606,142
2021,Windsor and Maidenhead 005E,E01016584,1238,324,111,213,914,775,139
2021,Windsor and Maidenhead 004B,E01016585,946,210,97,113,736,586,150
2021,Windsor and Maidenhead 004C,E01016586,639,193,92,101,446,335,111
2021,Windsor and Maidenhead 016C,E01016587,898,248,101,147,650,524,126
2021,Windsor and Maidenhead 016D,E01016588,863,234,84,150,629,492,137
2021,Windsor and Maidenhead 016E,E01016589,837,234,97,137,603,468,135
2021,Windsor and Maidenhead 004D,E01016591,1195,259,109,150,936,721,215
2021,Windsor and Maidenhead 004E,E01016592,1051,229,106,123,822,670,152
2021,Windsor and Maidenhead 007D,E01016593,876,227,77,150,649,560,89
2021,Windsor and Maidenhead 007E,E01016594,789,221,70,151,568,488,80
2021,Windsor and Maidenhead 015B,E01016595,983,244,86,158,739,612,127
2021,Windsor and Maidenhead 015C,E01016596,1016,252,108,144,764,556,208
2021,Windsor and Maidenhead 015D,E01016597,811,220,90,130,591,448,143
2021,Windsor and Maidenhead 006D,E01016598,687,202,92,110,485,381,104
2021,Windsor and Maidenhead 003D,E01016599,826,245,83,162,581,487,94
2021,Windsor and Maidenhead 001D,E01016600,539,171,77,94,368,268,100
2021,Windsor and Maidenhead 006E,E01016601,846,215,68,147,631,535,96
2021,Windsor and Maidenhead 006F,E01016602,771,232,94,138,539,433,106
2021,Windsor and Maidenhead 018A,E01016603,786,246,103,143,540,380,160
2021,Windsor and Maidenhead 018B,E01016604,910,266,135,131,644,450,194
2021,Windsor and Maidenhead 018C,E01016605,760,196,74,122,564,420,144
2021,Windsor and Maidenhead 018D,E01016606,796,234,100,134,562,421,141
2021,Windsor and Maidenhead 018E,E01016607,722,212,104,108,510,342,168
2021,Windsor and Maidenhead 018F,E01016608,995,258,106,152,737,559,178
2021,Windsor and Maidenhead 017D,E01016609,962,276,90,186,686,564,122
2021,Wokingham 018B,E01016611,1159,240,81,159,919,743,176
2021,Wokingham 015A,E01016612,1397,370,160,210,1027,818,209
2021,Wokingham 006A,E01016613,758,249,96,153,509,435,74
2021,Wokingham 006B,E01016614,762,231,97,134,531,458,73
2021,Wokingham 005A,E01016615,647,211,93,118,436,381,55
2021,Wokingham 005B,E01016616,742,196,80,116,546,456,90
2021,Wokingham 005C,E01016617,945,229,76,153,716,626,90
2021,Wokingham 006C,E01016618,680,196,86,110,484,408,76
2021,Wokingham 002A,E01016619,840,267,99,168,573,452,121
2021,Wokingham 002B,E01016620,721,217,92,125,504,412,92
2021,Wokingham 003A,E01016621,765,227,83,144,538,474,64
2021,Wokingham 004A,E01016622,573,173,81,92,400,323,77
2021,Wokingham 003B,E01016623,701,219,77,142,482,430,52
2021,Wokingham 003C,E01016624,692,210,88,122,482,392,90
2021,Wokingham 016A,E01016625,820,207,82,125,613,537,76
2021,Wokingham 013A,E01016626,1134,286,124,162,848,722,126
2021,Wokingham 010A,E01016627,1075,298,114,184,777,622,155
2021,Wokingham 010B,E01016628,1318,322,130,192,996,852,144
2021,Wokingham 015B,E01016629,584,169,77,92,415,329,86
2021,Wokingham 015C,E01016630,782,177,75,102,605,519,86
2021,Wokingham 016B,E01016631,686,168,60,108,518,460,58
2021,Wokingham 016C,E01016632,945,263,95,168,682,572,110
2021,Wokingham 019A,E01016633,685,204,84,120,481,414,67
2021,Wokingham 016D,E01016634,1024,243,95,148,781,672,109
2021,Wokingham 015D,E01016635,771,203,78,125,568,501,67
2021,Wokingham 019B,E01016636,691,197,86,111,494,400,94
2021,Wokingham 019C,E01016637,524,155,74,81,369,275,94
2021,Wokingham 019D,E01016638,697,184,60,124,513,426,87
2021,Wokingham 019E,E01016639,804,201,89,112,603,502,101
2021,Wokingham 019F,E01016640,719,187,83,104,532,414,118
2021,Wokingham 019G,E01016643,685,195,86,109,490,397,93
2021,Wokingham 011A,E01016644,758,198,82,116,560,477,83
2021,Wokingham 011B,E01016645,931,197,67,130,734,652,82
2021,Wokingham 011C,E01016646,921,228,80,148,693,584,109
2021,Wokingham 009A,E01016647,960,222,86,136,738,649,89
2021,Wokingham 011D,E01016648,828,192,66,126,636,549,87
2021,Wokingham 011E,E01016649,780,166,62,104,614,518,96
2021,Wokingham 012A,E01016651,768,226,100,126,542,463,79
2021,Wokingham 008B,E01016652,606,156,58,98,450,396,54
2021,Wokingham 008C,E01016653,667,173,67,106,494,430,64
2021,Wokingham 012B,E01016654,704,168,59,109,536,480,56
2021,Wokingham 012C,E01016655,687,191,77,114,496,424,72
2021,Wokingham 010C,E01016656,738,209,101,108,529,378,151
2021,Wokingham 004B,E01016657,759,199,82,117,560,418,142
2021,Wokingham 004C,E01016658,1531,356,118,238,1175,1012,163
2021,Wokingham 004D,E01016659,808,206,68,138,602,528,74
2021,Wokingham 004E,E01016660,911,258,87,171,653,568,85
2021,Wokingham 007A,E01016661,691,189,68,121,502,449,53
2021,Wokingham 005D,E01016662,750,240,94,146,510,444,66
2021,Wokingham 007B,E01016663,812,230,74,156,582,495,87
2021,Wokingham 006D,E01016664,632,172,74,98,460,396,64
2021,Wokingham 008D,E01016665,777,191,61,130,586,513,73
2021,Wokingham 008E,E01016666,715,174,62,112,541,456,85
2021,Wokingham 006E,E01016668,842,249,111,138,593,514,79
2021,Wokingham 006F,E01016669,965,254,91,163,711,619,92
2021,Wokingham 014A,E01016670,1589,361,119,242,1228,1031,197
2021,Wokingham 013B,E01016671,877,194,71,123,683,558,125
2021,Wokingham 014B,E01016672,1416,343,132,211,1073,895,178
2021,Wokingham 013C,E01016673,840,251,105,146,589,509,80
2021,Wokingham 013D,E01016674,902,251,87,164,651,572,79
2021,Wokingham 001B,E01016676,687,185,86,99,502,369,133
2021,Wokingham 001D,E01016678,680,187,76,111,493,376,117
2021,Wokingham 012D,E01016679,1245,264,108,156,981,845,136
2021,Wokingham 012E,E01016680,654,171,75,96,483,420,63
2021,Wokingham 003D,E01016684,775,212,72,140,563,479,84
2021,Wokingham 003E,E01016685,752,203,104,99,549,392,157
2021,Wokingham 007C,E01016686,595,151,49,102,444,408,36
2021,Wokingham 007D,E01016687,573,173,65,108,400,364,36
2021,Wokingham 007E,E01016688,1080,267,96,171,813,713,100
2021,Wokingham 007F,E01016689,627,179,59,120,448,392,56
2021,Wokingham 017C,E01016690,1112,293,103,190,819,677,142
2021,Wokingham 017D,E01016691,597,181,63,118,416,312,104
2021,Wokingham 002C,E01016692,731,210,81,129,521,443,78
2021,Wokingham 002D,E01016693,796,178,93,85,618,532,86
2021,Wokingham 002E,E01016694,795,186,72,114,609,482,127
2021,Wokingham 002F,E01016695,740,210,78,132,530,441,89
2021,Wokingham 013E,E01016696,1105,239,82,157,866,713,153
2021,Wokingham 016E,E01016699,897,218,86,132,679,545,134
2021,Wokingham 010D,E01016700,1020,244,93,151,776,658,118
2021,Wokingham 009B,E01016701,1027,269,102,167,758,645,113
2021,Wokingham 009C,E01016702,962,224,91,133,738,631,107
2021,Wokingham 009D,E01016703,1433,318,129,189,1115,955,160
2021,Wokingham 009E,E01016704,1179,280,85,195,899,774,125
2021,Wokingham 020A,E01016705,780,190,83,107,590,432,158
2021,Wokingham 020B,E01016706,863,242,102,140,621,499,122
2021,Wokingham 020C,E01016707,907,246,108,138,661,559,102
2021,Wokingham 020D,E01016708,704,216,99,117,488,390,98
2021,Wokingham 020E,E01016709,776,239,98,141,537,438,99
2021,Milton Keynes 030A,E01016710,868,242,72,170,626,550,76
2021,Milton Keynes 031A,E01016711,1421,341,122,219,1080,951,129
2021,Milton Keynes 031B,E01016713,824,223,76,147,601,514,87
2021,Milton Keynes 030B,E01016714,986,332,105,227,654,578,76
2021,Milton Keynes 031C,E01016715,837,245,80,165,592,493,99
2021,Milton Keynes 030C,E01016716,1357,343,124,219,1014,881,133
2021,Milton Keynes 013A,E01016717,844,205,88,117,639,567,72
2021,Milton Keynes 014A,E01016718,937,271,81,190,666,601,65
2021,Milton Keynes 011A,E01016719,710,178,55,123,532,474,58
2021,Milton Keynes 013B,E01016720,660,185,47,138,475,437,38
2021,Milton Keynes 009A,E01016721,845,218,69,149,627,547,80
2021,Milton Keynes 011B,E01016722,779,225,70,155,554,500,54
2021,Milton Keynes 013C,E01016723,789,216,76,140,573,516,57
2021,Milton Keynes 013D,E01016724,916,237,84,153,679,615,64
2021,Milton Keynes 021A,E01016725,805,209,69,140,596,538,58
2021,Milton Keynes 018A,E01016726,855,285,88,197,570,497,73
2021,Milton Keynes 021B,E01016727,797,230,73,157,567,511,56
2021,Milton Keynes 021C,E01016728,1127,291,102,189,836,768,68
2021,Milton Keynes 014B,E01016729,1092,352,118,234,740,666,74
2021,Milton Keynes 016A,E01016731,741,226,72,154,515,446,69
2021,Milton Keynes 016B,E01016732,667,186,67,119,481,410,71
2021,Milton Keynes 018B,E01016733,860,265,66,199,595,536,59
2021,Milton Keynes 024A,E01016734,814,215,84,131,599,489,110
2021,Milton Keynes 024C,E01016736,616,170,73,97,446,366,80
2021,Milton Keynes 027A,E01016737,850,253,85,168,597,529,68
2021,Milton Keynes 027B,E01016738,852,235,67,168,617,538,79
2021,Milton Keynes 027C,E01016739,766,214,72,142,552,495,57
2021,Milton Keynes 027D,E01016740,660,157,45,112,503,426,77
2021,Milton Keynes 027E,E01016741,744,210,61,149,534,471,63
2021,Milton Keynes 032A,E01016742,672,273,74,199,399,334,65
2021,Milton Keynes 032C,E01016744,713,225,58,167,488,434,54
2021,Milton Keynes 030D,E01016745,779,212,72,140,567,506,61
2021,Milton Keynes 032D,E01016746,745,225,77,148,520,461,59
2021,Milton Keynes 028A,E01016748,1179,285,91,194,894,784,110
2021,Milton Keynes 028C,E01016750,857,220,72,148,637,557,80
2021,Milton Keynes 028D,E01016751,872,200,68,132,672,581,91
2021,Milton Keynes 025B,E01016752,871,238,78,160,633,550,83
2021,Milton Keynes 025C,E01016753,1284,305,90,215,979,850,129
2021,Milton Keynes 026A,E01016754,834,209,79,130,625,539,86
2021,Milton Keynes 025D,E01016755,965,217,76,141,748,638,110
2021,Milton Keynes 026B,E01016756,1099,306,91,215,793,700,93
2021,Milton Keynes 026C,E01016757,771,192,62,130,579,518,61
2021,Milton Keynes 026D,E01016758,937,228,82,146,709,615,94
2021,Milton Keynes 002A,E01016759,812,218,84,134,594,510,84
2021,Milton Keynes 002C,E01016761,761,200,70,130,561,450,111
2021,Milton Keynes 005A,E01016762,611,157,57,100,454,383,71
2021,Milton Keynes 007A,E01016763,638,172,64,108,466,398,68
2021,Milton Keynes 005B,E01016764,653,159,56,103,494,424,70
2021,Milton Keynes 009B,E01016765,620,180,68,112,440,392,48
2021,Milton Keynes 005C,E01016766,645,199,68,131,446,396,50
2021,Milton Keynes 005D,E01016767,703,201,84,117,502,426,76
2021,Milton Keynes 014D,E01016768,1431,327,108,219,1104,974,130
2021,Milton Keynes 007B,E01016769,696,167,52,115,529,435,94
2021,Milton Keynes 007C,E01016770,829,228,79,149,601,521,80
2021,Milton Keynes 005E,E01016771,626,180,67,113,446,395,51
2021,Milton Keynes 009C,E01016772,691,182,56,126,509,457,52
2021,Milton Keynes 007D,E01016773,842,214,75,139,628,531,97
2021,Milton Keynes 020A,E01016774,883,195,62,133,688,585,103
2021,Milton Keynes 020B,E01016775,851,227,99,128,624,529,95
2021,Milton Keynes 015A,E01016776,739,184,67,117,555,485,70
2021,Milton Keynes 020C,E01016777,821,219,76,143,602,524,78
2021,Milton Keynes 020D,E01016778,961,235,77,158,726,650,76
2021,Milton Keynes 037C,E01016780,912,213,81,132,699,608,91
2021,Milton Keynes 037D,E01016781,768,190,69,121,578,485,93
2021,Milton Keynes 035A,E01016783,1038,241,69,172,797,710,87
2021,Milton Keynes 016D,E01016784,876,240,82,158,636,566,70
2021,Milton Keynes 003A,E01016786,617,167,58,109,450,390,60
2021,Milton Keynes 003B,E01016787,734,208,73,135,526,457,69
2021,Milton Keynes 003C,E01016788,765,199,70,129,566,509,57
2021,Milton Keynes 003D,E01016789,732,183,65,118,549,493,56
2021,Milton Keynes 003E,E01016790,621,163,64,99,458,395,63
2021,Milton Keynes 004A,E01016791,684,199,68,131,485,424,61
2021,Milton Keynes 004B,E01016792,694,177,63,114,517,450,67
2021,Milton Keynes 004C,E01016793,1123,286,91,195,837,718,119
2021,Milton Keynes 004D,E01016794,925,228,97,131,697,594,103
2021,Milton Keynes 004E,E01016795,872,239,85,154,633,555,78
2021,Milton Keynes 001A,E01016796,823,249,88,161,574,435,139
2021,Milton Keynes 001B,E01016797,798,220,77,143,578,469,109
2021,Milton Keynes 001C,E01016798,963,283,98,185,680,547,133
2021,Milton Keynes 001D,E01016799,910,267,99,168,643,515,128
2021,Milton Keynes 001E,E01016800,866,253,99,154,613,478,135
2021,Milton Keynes 002D,E01016801,599,172,74,98,427,332,95
2021,Milton Keynes 002E,E01016802,638,199,86,113,439,334,105
2021,Milton Keynes 002F,E01016803,663,190,85,105,473,370,103
2021,Milton Keynes 009D,E01016804,903,228,72,156,675,601,74
2021,Milton Keynes 011C,E01016805,634,141,49,92,493,439,54
2021,Milton Keynes 006A,E01016806,913,281,92,189,632,549,83
2021,Milton Keynes 006B,E01016807,828,228,73,155,600,544,56
2021,Milton Keynes 011D,E01016808,727,207,57,150,520,454,66
2021,Milton Keynes 006C,E01016809,685,188,61,127,497,447,50
2021,Milton Keynes 012A,E01016810,635,203,63,140,432,395,37
2021,Milton Keynes 012B,E01016811,582,212,60,152,370,330,40
2021,Milton Keynes 010A,E01016812,695,191,65,126,504,438,66
2021,Milton Keynes 015B,E01016813,789,196,60,136,593,525,68
2021,Milton Keynes 015C,E01016815,650,144,39,105,506,465,41
2021,Milton Keynes 015D,E01016816,708,182,63,119,526,446,80
2021,Milton Keynes 010B,E01016817,715,219,83,136,496,442,54
2021,Milton Keynes 010C,E01016818,874,232,88,144,642,527,115
2021,Milton Keynes 012C,E01016819,464,161,52,109,303,268,35
2021,Milton Keynes 035D,E01016820,1027,245,90,155,782,681,101
2021,Milton Keynes 035B,E01016821,755,181,60,121,574,496,78
2021,Milton Keynes 022A,E01016822,810,202,53,149,608,528,80
2021,Milton Keynes 035C,E01016823,1045,215,66,149,830,736,94
2021,Milton Keynes 022B,E01016824,870,221,81,140,649,539,110
2021,Milton Keynes 022C,E01016825,823,177,48,129,646,570,76
2021,Milton Keynes 024D,E01016826,836,211,75,136,625,508,117
2021,Milton Keynes 022D,E01016827,1018,246,83,163,772,675,97
2021,Milton Keynes 022E,E01016828,998,248,85,163,750,636,114
2021,Milton Keynes 029A,E01016829,747,233,85,148,514,454,60
2021,Milton Keynes 031D,E01016830,653,161,57,104,492,434,58
2021,Milton Keynes 029B,E01016831,719,200,72,128,519,453,66
2021,Milton Keynes 029C,E01016832,625,167,51,116,458,409,49
2021,Milton Keynes 029D,E01016833,533,136,52,84,397,335,62
2021,Milton Keynes 029E,E01016834,749,206,68,138,543,486,57
2021,Milton Keynes 006D,E01016835,799,228,69,159,571,503,68
2021,Milton Keynes 008A,E01016836,909,257,91,166,652,578,74
2021,Milton Keynes 008B,E01016837,1041,311,120,191,730,639,91
2021,Milton Keynes 008C,E01016838,757,237,71,166,520,459,61
2021,Milton Keynes 012D,E01016839,754,247,72,175,507,447,60
2021,Milton Keynes 008D,E01016841,1399,267,89,178,1132,984,148
2021,Milton Keynes 023B,E01016842,608,205,55,150,403,361,42
2021,Milton Keynes 023C,E01016843,672,226,87,139,446,405,41
2021,Milton Keynes 023D,E01016844,619,198,65,133,421,373,48
2021,Milton Keynes 018C,E01016845,678,231,80,151,447,403,44
2021,Milton Keynes 018D,E01016846,749,208,65,143,541,485,56
2021,Milton Keynes 021D,E01016847,953,283,86,197,670,597,73
2021,Milton Keynes 018E,E01016848,738,187,71,116,551,490,61
2021,Brighton and Hove 026A,E01016849,955,270,114,156,685,570,115
2021,Brighton and Hove 029A,E01016850,1045,326,134,192,719,604,115
2021,Brighton and Hove 029B,E01016851,1158,308,110,198,850,704,146
2021,Brighton and Hove 026B,E01016852,1065,304,124,180,761,634,127
2021,Brighton and Hove 026C,E01016853,1195,305,125,180,890,765,125
2021,Brighton and Hove 029C,E01016854,1074,275,92,183,799,715,84
2021,Brighton and Hove 026D,E01016855,1051,254,113,141,797,700,97
2021,Brighton and Hove 026E,E01016856,966,279,97,182,687,598,89
2021,Brighton and Hove 028A,E01016857,902,275,105,170,627,509,118
2021,Brighton and Hove 028B,E01016858,934,275,117,158,659,587,72
2021,Brighton and Hove 028C,E01016859,727,222,91,131,505,425,80
2021,Brighton and Hove 019A,E01016860,1053,299,91,208,754,646,108
2021,Brighton and Hove 031A,E01016861,1011,273,115,158,738,611,127
2021,Brighton and Hove 031B,E01016862,918,260,112,148,658,576,82
2021,Brighton and Hove 032A,E01016863,770,241,88,153,529,446,83
2021,Brighton and Hove 025A,E01016864,579,216,82,134,363,333,30
2021,Brighton and Hove 025B,E01016865,550,207,74,133,343,300,43
2021,Brighton and Hove 025C,E01016866,543,211,71,140,332,292,40
2021,Brighton and Hove 025D,E01016867,611,220,61,159,391,345,46
2021,Brighton and Hove 025E,E01016868,592,233,79,154,359,315,44
2021,Brighton and Hove 032B,E01016869,975,306,113,193,669,579,90
2021,Brighton and Hove 020A,E01016870,967,315,118,197,652,553,99
2021,Brighton and Hove 019B,E01016871,1033,262,85,177,771,663,108
2021,Brighton and Hove 019C,E01016872,1188,326,109,217,862,741,121
2021,Brighton and Hove 019D,E01016873,1024,286,121,165,738,647,91
2021,Brighton and Hove 020B,E01016874,1028,293,129,164,735,644,91
2021,Brighton and Hove 020C,E01016875,881,275,115,160,606,516,90
2021,Brighton and Hove 020D,E01016876,1095,314,112,202,781,671,110
2021,Brighton and Hove 020E,E01016877,967,308,121,187,659,556,103
2021,Brighton and Hove 019E,E01016878,952,271,116,155,681,559,122
2021,Brighton and Hove 013A,E01016879,724,274,95,179,450,389,61
2021,Brighton and Hove 013B,E01016880,538,220,72,148,318,280,38
2021,Brighton and Hove 013C,E01016881,733,269,87,182,464,395,69
2021,Brighton and Hove 006A,E01016882,632,246,88,158,386,336,50
2021,Brighton and Hove 006B,E01016883,614,244,84,160,370,316,54
2021,Brighton and Hove 006C,E01016884,733,277,98,179,456,400,56
2021,Brighton and Hove 006D,E01016885,588,247,76,171,341,310,31
2021,Brighton and Hove 006E,E01016886,742,286,106,180,456,397,59
2021,Brighton and Hove 013D,E01016887,752,244,90,154,508,439,69
2021,Brighton and Hove 013E,E01016888,743,295,97,198,448,377,71
2021,Brighton and Hove 022A,E01016889,927,349,157,192,578,525,53
2021,Brighton and Hove 015A,E01016890,1002,396,206,190,606,541,65
2021,Brighton and Hove 022B,E01016891,959,335,157,178,624,531,93
2021,Brighton and Hove 018A,E01016892,853,322,119,203,531,467,64
2021,Brighton and Hove 018B,E01016893,1069,379,154,225,690,604,86
2021,Brighton and Hove 022C,E01016894,863,301,129,172,562,492,70
2021,Brighton and Hove 025F,E01016895,703,257,90,167,446,385,61
2021,Brighton and Hove 022D,E01016896,965,355,141,214,610,536,74
2021,Brighton and Hove 022E,E01016897,926,331,135,196,595,513,82
2021,Brighton and Hove 002A,E01016898,829,358,143,215,471,433,38
2021,Brighton and Hove 002B,E01016899,783,466,292,174,317,268,49
2021,Brighton and Hove 008A,E01016900,563,223,84,139,340,309,31
2021,Brighton and Hove 010A,E01016901,902,348,112,236,554,496,58
2021,Brighton and Hove 008B,E01016902,675,264,81,183,411,367,44
2021,Brighton and Hove 010B,E01016903,980,403,152,251,577,509,68
2021,Brighton and Hove 008C,E01016904,670,317,129,188,353,305,48
2021,Brighton and Hove 008D,E01016905,728,288,114,174,440,392,48
2021,Brighton and Hove 009A,E01016906,705,265,86,179,440,387,53
2021,Brighton and Hove 009B,E01016907,687,342,156,186,345,306,39
2021,Brighton and Hove 009C,E01016908,578,228,82,146,350,306,44
2021,Brighton and Hove 008E,E01016909,709,293,136,157,416,376,40
2021,Brighton and Hove 009D,E01016910,564,249,88,161,315,282,33
2021,Brighton and Hove 009E,E01016911,694,251,99,152,443,384,59
2021,Brighton and Hove 018C,E01016912,907,418,207,211,489,442,47
2021,Brighton and Hove 018D,E01016913,843,353,163,190,490,436,54
2021,Brighton and Hove 002C,E01016914,649,337,162,175,312,279,33
2021,Brighton and Hove 002D,E01016915,545,240,107,133,305,270,35
2021,Brighton and Hove 005A,E01016916,701,216,80,136,485,403,82
2021,Brighton and Hove 005B,E01016917,727,250,81,169,477,406,71
2021,Brighton and Hove 005C,E01016918,618,220,71,149,398,347,51
2021,Brighton and Hove 005D,E01016919,627,224,72,152,403,363,40
2021,Brighton and Hove 005E,E01016920,893,290,99,191,603,532,71
2021,Brighton and Hove 012A,E01016921,810,279,96,183,531,466,65
2021,Brighton and Hove 012B,E01016922,601,198,61,137,403,361,42
2021,Brighton and Hove 003A,E01016923,706,238,83,155,468,382,86
2021,Brighton and Hove 001A,E01016924,718,239,85,154,479,405,74
2021,Brighton and Hove 004A,E01016925,761,299,107,192,462,412,50
2021,Brighton and Hove 001B,E01016926,708,274,93,181,434,386,48
2021,Brighton and Hove 001C,E01016927,790,267,84,183,523,460,63
2021,Brighton and Hove 003B,E01016928,726,256,106,150,470,368,102
2021,Brighton and Hove 001D,E01016929,788,278,89,189,510,437,73
2021,Brighton and Hove 004B,E01016930,921,359,132,227,562,480,82
2021,Brighton and Hove 001E,E01016931,788,245,83,162,543,483,60
2021,Brighton and Hove 014A,E01016932,868,297,116,181,571,480,91
2021,Brighton and Hove 014B,E01016933,749,245,101,144,504,411,93
2021,Brighton and Hove 010C,E01016934,720,267,103,164,453,358,95
2021,Brighton and Hove 014C,E01016935,860,251,105,146,609,526,83
2021,Brighton and Hove 014D,E01016936,1077,368,162,206,709,612,97
2021,Brighton and Hove 014E,E01016937,1338,404,178,226,934,843,91
2021,Brighton and Hove 024A,E01016938,1181,335,152,183,846,735,111
2021,Brighton and Hove 010D,E01016939,857,303,119,184,554,464,90
2021,Brighton and Hove 010E,E01016940,835,267,109,158,568,470,98
2021,Brighton and Hove 030A,E01016941,1027,324,138,186,703,609,94
2021,Brighton and Hove 031C,E01016942,438,160,67,93,278,241,37
2021,Brighton and Hove 031D,E01016943,851,294,104,190,557,483,74
2021,Brighton and Hove 031E,E01016944,1045,280,116,164,765,666,99
2021,Brighton and Hove 030B,E01016945,968,244,115,129,724,623,101
2021,Brighton and Hove 018E,E01016946,785,268,99,169,517,453,64
2021,Brighton and Hove 030C,E01016947,802,313,131,182,489,427,62
2021,Brighton and Hove 030D,E01016948,934,320,110,210,614,535,79
2021,Brighton and Hove 030E,E01016949,850,306,136,170,544,499,45
2021,Brighton and Hove 024B,E01016950,1109,290,124,166,819,734,85
2021,Brighton and Hove 024C,E01016951,898,268,118,150,630,543,87
2021,Brighton and Hove 027A,E01016952,1011,302,143,159,709,620,89
2021,Brighton and Hove 027B,E01016953,955,291,119,172,664,552,112
2021,Brighton and Hove 029D,E01016954,1060,331,126,205,729,637,92
2021,Brighton and Hove 029E,E01016955,996,289,109,180,707,605,102
2021,Brighton and Hove 033A,E01016956,727,245,79,166,482,396,86
2021,Brighton and Hove 032C,E01016957,1127,278,108,170,849,685,164
2021,Brighton and Hove 033B,E01016958,738,255,105,150,483,417,66
2021,Brighton and Hove 033C,E01016959,657,252,94,158,405,328,77
2021,Brighton and Hove 033D,E01016960,758,287,122,165,471,375,96
2021,Brighton and Hove 033E,E01016961,965,338,118,220,627,532,95
2021,Brighton and Hove 033F,E01016962,741,291,123,168,450,353,97
2021,Brighton and Hove 032D,E01016963,1036,348,161,187,688,550,138
2021,Brighton and Hove 027C,E01016964,1226,443,201,242,783,681,102
2021,Brighton and Hove 015B,E01016966,884,367,183,184,517,440,77
2021,Brighton and Hove 024D,E01016967,1195,364,150,214,831,732,99
2021,Brighton and Hove 024E,E01016968,954,250,91,159,704,610,94
2021,Brighton and Hove 027E,E01016969,1027,308,132,176,719,614,105
2021,Brighton and Hove 015C,E01016970,923,335,134,201,588,520,68
2021,Brighton and Hove 015D,E01016971,894,408,201,207,486,421,65
2021,Brighton and Hove 015E,E01016972,1045,354,158,196,691,602,89
2021,Brighton and Hove 012C,E01016973,747,245,77,168,502,460,42
2021,Brighton and Hove 021A,E01016974,995,329,113,216,666,595,71
2021,Brighton and Hove 021B,E01016975,790,282,101,181,508,448,60
2021,Brighton and Hove 013F,E01016976,809,301,108,193,508,460,48
2021,Brighton and Hove 012D,E01016977,768,262,73,189,506,446,60
2021,Brighton and Hove 012E,E01016978,802,265,97,168,537,468,69
2021,Brighton and Hove 016A,E01016979,1019,311,89,222,708,612,96
2021,Brighton and Hove 007A,E01016980,825,308,119,189,517,439,78
2021,Brighton and Hove 011A,E01016981,760,277,120,157,483,388,95
2021,Brighton and Hove 007B,E01016982,622,256,95,161,366,294,72
2021,Brighton and Hove 007C,E01016983,673,256,105,151,417,322,95
2021,Brighton and Hove 007D,E01016984,667,258,109,149,409,303,106
2021,Brighton and Hove 007E,E01016985,834,258,102,156,576,472,104
2021,Brighton and Hove 028D,E01016986,815,275,100,175,540,458,82
2021,Brighton and Hove 023A,E01016987,860,294,102,192,566,469,97
2021,Brighton and Hove 028E,E01016988,840,252,104,148,588,509,79
2021,Brighton and Hove 023B,E01016989,763,271,113,158,492,388,104
2021,Brighton and Hove 016B,E01016990,947,284,102,182,663,575,88
2021,Brighton and Hove 016C,E01016991,972,295,124,171,677,569,108
2021,Brighton and Hove 021C,E01016992,830,280,94,186,550,444,106
2021,Brighton and Hove 023C,E01016993,581,233,86,147,348,301,47
2021,Brighton and Hove 021D,E01016994,967,312,111,201,655,578,77
2021,Brighton and Hove 023D,E01016995,790,283,116,167,507,411,96
2021,Brighton and Hove 016D,E01016996,1028,338,109,229,690,574,116
2021,Brighton and Hove 021E,E01016997,851,275,112,163,576,481,95
2021,Brighton and Hove 003C,E01016998,750,286,90,196,464,389,75
2021,Brighton and Hove 003D,E01016999,729,259,99,160,470,388,82
2021,Brighton and Hove 003E,E01017000,905,291,126,165,614,504,110
2021,Brighton and Hove 004C,E01017001,690,260,94,166,430,340,90
2021,Brighton and Hove 011B,E01017002,858,246,95,151,612,504,108
2021,Brighton and Hove 004D,E01017003,878,269,108,161,609,518,91
2021,Brighton and Hove 011C,E01017004,926,269,91,178,657,567,90
2021,Brighton and Hove 011D,E01017005,976,297,118,179,679,556,123
2021,Brighton and Hove 011E,E01017006,1035,293,100,193,742,644,98
2021,Brighton and Hove 017A,E01017007,691,235,87,148,456,401,55
2021,Brighton and Hove 017B,E01017008,792,290,89,201,502,438,64
2021,Brighton and Hove 017C,E01017009,690,221,75,146,469,410,59
2021,Brighton and Hove 017D,E01017010,864,302,106,196,562,479,83
2021,Brighton and Hove 017E,E01017011,596,206,83,123,390,346,44
2021,Brighton and Hove 017F,E01017012,867,325,116,209,542,474,68
2021,Portsmouth 012A,E01017013,957,284,80,204,673,591,82
2021,Portsmouth 008A,E01017014,833,263,87,176,570,480,90
2021,Portsmouth 014A,E01017015,778,217,61,156,561,484,77
2021,Portsmouth 014B,E01017016,839,241,65,176,598,515,83
2021,Portsmouth 014C,E01017017,789,241,80,161,548,457,91
2021,Portsmouth 014D,E01017018,792,234,76,158,558,489,69
2021,Portsmouth 014E,E01017019,878,250,77,173,628,537,91
2021,Portsmouth 014F,E01017020,1171,380,110,270,791,707,84
2021,Portsmouth 017A,E01017021,577,177,66,111,400,350,50
2021,Portsmouth 020A,E01017022,668,199,88,111,469,408,61
2021,Portsmouth 019A,E01017023,873,270,96,174,603,534,69
2021,Portsmouth 020B,E01017024,922,328,139,189,594,513,81
2021,Portsmouth 019B,E01017025,1056,331,117,214,725,605,120
2021,Portsmouth 019C,E01017026,869,259,94,165,610,522,88
2021,Portsmouth 020C,E01017027,807,318,154,164,489,423,66
2021,Portsmouth 020D,E01017028,856,374,172,202,482,430,52
2021,Portsmouth 019D,E01017029,853,253,87,166,600,504,96
2021,Portsmouth 019E,E01017030,876,299,146,153,577,503,74
2021,Portsmouth 028A,E01017031,675,269,83,186,406,352,54
2021,Portsmouth 027C,E01017032,812,532,316,216,280,244,36
2021,Portsmouth 027A,E01017034,759,301,144,157,458,390,68
2021,Portsmouth 018A,E01017035,455,173,45,128,282,243,39
2021,Portsmouth 013A,E01017036,638,238,68,170,400,355,45
2021,Portsmouth 013B,E01017037,492,170,46,124,322,287,35
2021,Portsmouth 013C,E01017038,483,215,65,150,268,242,26
2021,Portsmouth 028C,E01017039,675,276,85,191,399,351,48
2021,Portsmouth 028B,E01017040,462,184,57,127,278,246,32
2021,Portsmouth 011A,E01017041,751,247,75,172,504,439,65
2021,Portsmouth 012B,E01017042,683,212,66,146,471,411,60
2021,Portsmouth 011B,E01017043,691,222,88,134,469,420,49
2021,Portsmouth 011C,E01017044,811,207,82,125,604,537,67
2021,Portsmouth 012C,E01017045,679,200,48,152,479,420,59
2021,Portsmouth 008B,E01017046,889,249,71,178,640,548,92
2021,Portsmouth 008C,E01017047,906,280,96,184,626,551,75
2021,Portsmouth 008D,E01017048,815,260,79,181,555,473,82
2021,Portsmouth 011D,E01017049,778,236,84,152,542,463,79
2021,Portsmouth 003A,E01017050,758,242,84,158,516,416,100
2021,Portsmouth 002A,E01017051,995,295,104,191,700,633,67
2021,Portsmouth 002B,E01017052,694,223,50,173,471,427,44
2021,Portsmouth 002C,E01017053,542,176,55,121,366,324,42
2021,Portsmouth 004A,E01017054,693,212,58,154,481,413,68
2021,Portsmouth 006A,E01017055,811,256,94,162,555,499,56
2021,Portsmouth 006B,E01017056,735,235,70,165,500,427,73
2021,Portsmouth 006C,E01017057,790,238,71,167,552,484,68
2021,Portsmouth 006D,E01017058,943,275,81,194,668,574,94
2021,Portsmouth 026A,E01017059,766,262,86,176,504,426,78
2021,Portsmouth 006E,E01017060,1043,295,94,201,748,664,84
2021,Portsmouth 003B,E01017061,825,262,94,168,563,451,112
2021,Portsmouth 026B,E01017062,871,233,68,165,638,510,128
2021,Portsmouth 003C,E01017063,760,235,93,142,525,431,94
2021,Portsmouth 003D,E01017064,794,238,95,143,556,459,97
2021,Portsmouth 026C,E01017066,973,308,97,211,665,586,79
2021,Portsmouth 023A,E01017067,720,224,84,140,496,423,73
2021,Portsmouth 023B,E01017068,911,248,86,162,663,585,78
2021,Portsmouth 023C,E01017069,750,211,80,131,539,432,107
2021,Portsmouth 023D,E01017070,762,212,83,129,550,454,96
2021,Portsmouth 025A,E01017071,799,245,106,139,554,464,90
2021,Portsmouth 025B,E01017072,712,197,74,123,515,415,100
2021,Portsmouth 024A,E01017073,971,273,113,160,698,600,98
2021,Portsmouth 023E,E01017074,937,248,78,170,689,557,132
2021,Portsmouth 012D,E01017075,822,259,74,185,563,486,77
2021,Portsmouth 015A,E01017076,889,242,67,175,647,575,72
2021,Portsmouth 015B,E01017077,768,245,89,156,523,449,74
2021,Portsmouth 015C,E01017078,815,242,71,171,573,497,76
2021,Portsmouth 015D,E01017079,782,253,76,177,529,463,66
2021,Portsmouth 015E,E01017080,922,332,120,212,590,519,71
2021,Portsmouth 015F,E01017081,859,247,91,156,612,548,64
2021,Portsmouth 012E,E01017082,906,252,68,184,654,569,85
2021,Portsmouth 012F,E01017083,952,271,78,193,681,596,85
2021,Portsmouth 009A,E01017084,766,236,77,159,530,465,65
2021,Portsmouth 008E,E01017085,690,205,71,134,485,417,68
2021,Portsmouth 007A,E01017086,768,254,81,173,514,457,57
2021,Portsmouth 009B,E01017087,770,223,77,146,547,480,67
2021,Portsmouth 009C,E01017088,982,266,85,181,716,616,100
2021,Portsmouth 007B,E01017089,751,225,64,161,526,449,77
2021,Portsmouth 007C,E01017090,933,267,78,189,666,560,106
2021,Portsmouth 007D,E01017091,684,189,65,124,495,407,88
2021,Portsmouth 007E,E01017092,782,210,71,139,572,489,83
2021,Portsmouth 017B,E01017093,508,173,47,126,335,277,58
2021,Portsmouth 021A,E01017094,807,245,80,165,562,476,86
2021,Portsmouth 021B,E01017095,997,287,106,181,710,622,88
2021,Portsmouth 017C,E01017096,690,201,61,140,489,427,62
2021,Portsmouth 021C,E01017097,899,255,72,183,644,570,74
2021,Portsmouth 021D,E01017098,787,208,63,145,579,496,83
2021,Portsmouth 017D,E01017099,1232,383,140,243,849,760,89
2021,Portsmouth 017E,E01017100,724,225,73,152,499,431,68
2021,Portsmouth 017F,E01017101,794,234,60,174,560,489,71
2021,Portsmouth 013D,E01017102,734,255,89,166,479,435,44
2021,Portsmouth 013E,E01017103,423,162,54,108,261,215,46
2021,Portsmouth 010A,E01017104,621,173,61,112,448,386,62
2021,Portsmouth 009D,E01017105,778,222,72,150,556,473,83
2021,Portsmouth 010B,E01017106,736,208,73,135,528,469,59
2021,Portsmouth 009E,E01017107,814,243,81,162,571,493,78
2021,Portsmouth 010C,E01017108,723,204,63,141,519,468,51
2021,Portsmouth 010D,E01017109,710,204,55,149,506,440,66
2021,Portsmouth 011E,E01017110,810,246,86,160,564,508,56
2021,Portsmouth 011F,E01017111,877,250,85,165,627,550,77
2021,Portsmouth 001A,E01017112,831,271,93,178,560,492,68
2021,Portsmouth 004B,E01017113,867,252,83,169,615,531,84
2021,Portsmouth 004C,E01017114,774,196,98,98,578,466,112
2021,Portsmouth 001B,E01017115,619,191,61,130,428,381,47
2021,Portsmouth 004D,E01017116,813,230,63,167,583,480,103
2021,Portsmouth 001C,E01017117,706,236,81,155,470,408,62
2021,Portsmouth 002D,E01017118,681,217,79,138,464,406,58
2021,Portsmouth 001D,E01017119,802,242,68,174,560,477,83
2021,Portsmouth 001E,E01017120,634,210,54,156,424,360,64
2021,Portsmouth 025C,E01017121,836,248,97,151,588,484,104
2021,Portsmouth 022A,E01017122,941,251,105,146,690,594,96
2021,Portsmouth 024B,E01017123,1084,272,119,153,812,679,133
2021,Portsmouth 020E,E01017124,857,247,87,160,610,510,100
2021,Portsmouth 022B,E01017125,804,204,73,131,600,488,112
2021,Portsmouth 025D,E01017126,951,273,111,162,678,577,101
2021,Portsmouth 022C,E01017127,1035,280,125,155,755,649,106
2021,Portsmouth 018B,E01017128,741,283,149,134,458,392,66
2021,Portsmouth 018C,E01017129,682,304,152,152,378,319,59
2021,Portsmouth 018D,E01017130,655,329,138,191,326,276,50
2021,Portsmouth 024C,E01017131,715,228,121,107,487,392,95
2021,Portsmouth 018E,E01017132,459,207,84,123,252,214,38
2021,Portsmouth 018F,E01017133,564,226,92,134,338,288,50
2021,Portsmouth 022D,E01017135,770,221,100,121,549,458,91
2021,Southampton 023A,E01017136,890,288,137,151,602,523,79
2021,Southampton 023B,E01017137,758,308,152,156,450,401,49
2021,Southampton 023C,E01017138,1082,311,141,170,771,677,94
2021,Southampton 033B,E01017139,1160,447,188,259,713,610,103
2021,Southampton 001A,E01017144,504,153,50,103,351,299,52
2021,Southampton 001B,E01017145,761,235,86,149,526,421,105
2021,Southampton 001C,E01017146,878,307,162,145,571,465,106
2021,Southampton 006A,E01017147,690,229,97,132,461,389,72
2021,Southampton 001D,E01017148,591,202,99,103,389,314,75
2021,Southampton 001E,E01017149,550,207,76,131,343,290,53
2021,Southampton 006B,E01017150,652,193,73,120,459,385,74
2021,Southampton 006C,E01017151,754,202,51,151,552,472,80
2021,Southampton 006D,E01017152,853,192,52,140,661,590,71
2021,Southampton 022A,E01017153,636,262,94,168,374,323,51
2021,Southampton 022B,E01017154,1053,363,120,243,690,585,105
2021,Southampton 022C,E01017155,737,299,109,190,438,382,56
2021,Southampton 022D,E01017156,721,297,112,185,424,353,71
2021,Southampton 017A,E01017157,621,216,114,102,405,348,57
2021,Southampton 017B,E01017158,1083,297,139,158,786,657,129
2021,Southampton 017C,E01017159,612,227,106,121,385,332,53
2021,Southampton 017D,E01017160,910,254,101,153,656,578,78
2021,Southampton 025A,E01017162,633,208,75,133,425,367,58
2021,Southampton 025B,E01017163,598,216,65,151,382,335,47
2021,Southampton 025C,E01017164,753,217,62,155,536,459,77
2021,Southampton 025D,E01017165,681,227,70,157,454,391,63
2021,Southampton 025E,E01017166,696,244,74,170,452,401,51
2021,Southampton 027A,E01017167,618,214,70,144,404,346,58
2021,Southampton 027B,E01017168,740,225,80,145,515,442,73
2021,Southampton 027C,E01017169,674,248,88,160,426,356,70
2021,Southampton 027D,E01017170,718,246,77,169,472,398,74
2021,Southampton 014A,E01017171,1034,268,88,180,766,647,119
2021,Southampton 014B,E01017172,1029,280,91,189,749,625,124
2021,Southampton 014C,E01017173,749,244,80,164,505,440,65
2021,Southampton 008A,E01017174,683,211,65,146,472,411,61
2021,Southampton 008B,E01017175,791,238,75,163,553,478,75
2021,Southampton 008C,E01017176,818,251,79,172,567,468,99
2021,Southampton 014D,E01017177,835,253,82,171,582,488,94
2021,Southampton 014E,E01017178,826,272,83,189,554,487,67
2021,Southampton 008D,E01017179,613,210,72,138,403,338,65
2021,Southampton 002A,E01017180,761,226,72,154,535,473,62
2021,Southampton 002B,E01017181,577,179,53,126,398,341,57
2021,Southampton 004A,E01017182,535,168,31,137,367,327,40
2021,Southampton 002C,E01017183,813,226,70,156,587,508,79
2021,Southampton 004B,E01017184,661,190,50,140,471,406,65
2021,Southampton 002D,E01017185,832,258,77,181,574,497,77
2021,Southampton 004C,E01017186,888,273,72,201,615,536,79
2021,Southampton 002E,E01017187,844,213,67,146,631,560,71
2021,Southampton 004D,E01017188,779,232,73,159,547,481,66
2021,Southampton 020A,E01017189,835,205,73,132,630,521,109
2021,Southampton 020B,E01017190,884,194,83,111,690,601,89
2021,Southampton 020C,E01017191,1034,260,80,180,774,672,102
2021,Southampton 021A,E01017192,1130,294,95,199,836,718,118
2021,Southampton 021B,E01017193,978,253,62,191,725,639,86
2021,Southampton 021C,E01017194,1188,289,95,194,899,774,125
2021,Southampton 021D,E01017195,1123,305,96,209,818,698,120
2021,Southampton 020D,E01017196,1248,250,99,151,998,866,132
2021,Southampton 020E,E01017197,750,214,72,142,536,453,83
2021,Southampton 018A,E01017198,682,206,64,142,476,424,52
2021,Southampton 018B,E01017199,722,232,76,156,490,415,75
2021,Southampton 016A,E01017200,914,264,92,172,650,553,97
2021,Southampton 016B,E01017201,525,166,45,121,359,305,54
2021,Southampton 016C,E01017202,710,234,84,150,476,416,60
2021,Southampton 016D,E01017203,837,272,99,173,565,473,92
2021,Southampton 016E,E01017204,752,246,90,156,506,434,72
2021,Southampton 018C,E01017205,751,243,78,165,508,435,73
2021,Southampton 018D,E01017206,804,242,91,151,562,468,94
2021,Southampton 015A,E01017207,654,231,59,172,423,374,49
2021,Southampton 019A,E01017208,653,218,64,154,435,377,58
2021,Southampton 015B,E01017209,807,232,78,154,575,497,78
2021,Southampton 019B,E01017210,727,247,77,170,480,392,88
2021,Southampton 015C,E01017211,836,228,61,167,608,520,88
2021,Southampton 015D,E01017212,744,205,57,148,539,454,85
2021,Southampton 015E,E01017213,1015,264,78,186,751,665,86
2021,Southampton 019C,E01017214,803,226,71,155,577,498,79
2021,Southampton 019D,E01017215,933,275,89,186,658,554,104
2021,Southampton 019E,E01017216,747,219,63,156,528,471,57
2021,Southampton 024A,E01017217,775,218,83,135,557,478,79
2021,Southampton 028A,E01017218,627,185,54,131,442,383,59
2021,Southampton 028B,E01017219,856,273,81,192,583,485,98
2021,Southampton 028C,E01017220,925,269,87,182,656,563,93
2021,Southampton 028D,E01017221,909,253,64,189,656,561,95
2021,Southampton 028E,E01017222,831,257,88,169,574,500,74
2021,Southampton 024B,E01017223,853,254,82,172,599,507,92
2021,Southampton 024C,E01017224,730,229,69,160,501,422,79
2021,Southampton 024D,E01017225,734,218,69,149,516,444,72
2021,Southampton 009A,E01017226,745,185,74,111,560,480,80
2021,Southampton 013A,E01017227,452,168,101,67,284,243,41
2021,Southampton 013B,E01017228,779,221,68,153,558,466,92
2021,Southampton 009D,E01017231,665,261,139,122,404,350,54
2021,Southampton 009E,E01017232,580,197,85,112,383,320,63
2021,Southampton 013C,E01017233,802,252,77,175,550,471,79
2021,Southampton 013D,E01017234,698,260,134,126,438,391,47
2021,Southampton 013E,E01017235,658,251,137,114,407,354,53
2021,Southampton 012A,E01017236,613,200,71,129,413,354,59
2021,Southampton 012B,E01017237,686,226,54,172,460,396,64
2021,Southampton 007A,E01017238,937,245,72,173,692,597,95
2021,Southampton 012C,E01017239,784,214,69,145,570,496,74
2021,Southampton 012D,E01017240,584,191,54,137,393,335,58
2021,Southampton 007B,E01017241,650,198,58,140,452,397,55
2021,Southampton 007C,E01017242,1128,297,90,207,831,723,108
2021,Southampton 007D,E01017243,903,243,74,169,660,579,81
2021,Southampton 007E,E01017244,691,208,69,139,483,404,79
2021,Southampton 012E,E01017245,610,218,71,147,392,340,52
2021,Southampton 010A,E01017246,1227,303,94,209,924,813,111
2021,Southampton 011A,E01017247,847,251,91,160,596,513,83
2021,Southampton 011B,E01017248,814,257,76,181,557,481,76
2021,Southampton 011C,E01017249,641,221,103,118,420,336,84
2021,Southampton 010B,E01017250,629,199,48,151,430,367,63
2021,Southampton 010C,E01017251,853,211,59,152,642,581,61
2021,Southampton 011D,E01017252,793,227,65,162,566,482,84
2021,Southampton 010D,E01017253,853,256,98,158,597,523,74
2021,Southampton 011E,E01017254,861,214,57,157,647,569,78
2021,Southampton 030A,E01017255,891,236,75,161,655,556,99
2021,Southampton 026A,E01017256,1069,290,84,206,779,657,122
2021,Southampton 026B,E01017257,826,233,60,173,593,519,74
2021,Southampton 030B,E01017258,761,225,74,151,536,465,71
2021,Southampton 026C,E01017259,703,189,70,119,514,461,53
2021,Southampton 026D,E01017260,572,188,57,131,384,344,40
2021,Southampton 030C,E01017261,888,256,90,166,632,557,75
2021,Southampton 026E,E01017262,657,194,48,146,463,392,71
2021,Southampton 030D,E01017263,789,216,72,144,573,500,73
2021,Southampton 003A,E01017264,564,233,125,108,331,297,34
2021,Southampton 003B,E01017265,724,232,74,158,492,413,79
2021,Southampton 005A,E01017266,594,216,79,137,378,331,47
2021,Southampton 005B,E01017267,561,202,88,114,359,311,48
2021,Southampton 003C,E01017270,554,196,68,128,358,297,61
2021,Southampton 003D,E01017271,585,190,79,111,395,323,72
2021,Southampton 005E,E01017272,671,227,60,167,444,380,64
2021,Southampton 031A,E01017273,771,218,72,146,553,467,86
2021,Southampton 032A,E01017274,584,210,68,142,374,303,71
2021,Southampton 031B,E01017275,840,236,68,168,604,526,78
2021,Southampton 031C,E01017276,1024,256,72,184,768,650,118
2021,Southampton 032B,E01017277,721,216,62,154,505,436,69
2021,Southampton 031E,E01017279,833,226,77,149,607,541,66
2021,Southampton 032C,E01017280,747,233,73,160,514,437,77
2021,Southampton 032D,E01017281,479,168,51,117,311,273,38
2021,Isle of Wight 006A,E01017282,609,215,66,149,394,345,49
2021,Isle of Wight 006B,E01017283,761,283,100,183,478,400,78
2021,Isle of Wight 010A,E01017284,524,237,106,131,287,226,61
2021,Isle of Wight 010B,E01017285,656,255,98,157,401,322,79
2021,Isle of Wight 005A,E01017286,591,225,96,129,366,284,82
2021,Isle of Wight 005B,E01017287,691,257,69,188,434,376,58
2021,Isle of Wight 010C,E01017288,495,220,84,136,275,229,46
2021,Isle of Wight 014A,E01017289,812,343,124,219,469,398,71
2021,Isle of Wight 013A,E01017290,544,200,71,129,344,261,83
2021,Isle of Wight 013B,E01017291,392,177,62,115,215,170,45
2021,Isle of Wight 011A,E01017292,822,279,80,199,543,473,70
2021,Isle of Wight 011B,E01017293,911,311,78,233,600,528,72
2021,Isle of Wight 013C,E01017294,763,276,95,181,487,408,79
2021,Isle of Wight 009A,E01017295,614,236,61,175,378,337,41
2021,Isle of Wight 011C,E01017296,591,203,85,118,388,323,65
2021,Isle of Wight 017A,E01017297,640,241,95,146,399,318,81
2021,Isle of Wight 017B,E01017298,613,246,102,144,367,305,62
2021,Isle of Wight 017C,E01017299,472,193,72,121,279,219,60
2021,Isle of Wight 001A,E01017300,925,315,124,191,610,485,125
2021,Isle of Wight 002A,E01017301,431,144,51,93,287,238,49
2021,Isle of Wight 002B,E01017302,849,277,67,210,572,494,78
2021,Isle of Wight 001B,E01017303,635,193,57,136,442,368,74
2021,Isle of Wight 002C,E01017304,663,256,73,183,407,349,58
2021,Isle of Wight 001C,E01017305,771,257,68,189,514,446,68
2021,Isle of Wight 001D,E01017306,653,200,59,141,453,397,56
2021,Isle of Wight 003A,E01017307,886,323,107,216,563,494,69
2021,Isle of Wight 003B,E01017308,729,250,59,191,479,424,55
2021,Isle of Wight 001E,E01017309,778,266,95,171,512,449,63
2021,Isle of Wight 008A,E01017310,621,211,66,145,410,350,60
2021,Isle of Wight 008B,E01017311,711,260,85,175,451,397,54
2021,Isle of Wight 012A,E01017312,670,284,85,199,386,325,61
2021,Isle of Wight 012D,E01017315,550,244,84,160,306,273,33
2021,Isle of Wight 002D,E01017316,889,313,111,202,576,486,90
2021,Isle of Wight 015A,E01017317,611,246,86,160,365,326,39
2021,Isle of Wight 016A,E01017318,492,173,51,122,319,263,56
2021,Isle of Wight 016B,E01017319,420,163,44,119,257,229,28
2021,Isle of Wight 015B,E01017320,363,135,56,79,228,201,27
2021,Isle of Wight 011D,E01017321,591,214,73,141,377,331,46
2021,Isle of Wight 011E,E01017322,597,253,88,165,344,299,45
2021,Isle of Wight 015C,E01017323,480,182,78,104,298,249,49
2021,Isle of Wight 015D,E01017324,574,237,84,153,337,273,64
2021,Isle of Wight 009B,E01017325,564,202,49,153,362,329,33
2021,Isle of Wight 009C,E01017326,776,275,95,180,501,450,51
2021,Isle of Wight 011F,E01017327,670,224,51,173,446,387,59
2021,Isle of Wight 009D,E01017328,705,230,76,154,475,422,53
2021,Isle of Wight 002E,E01017329,1026,379,97,282,647,562,85
2021,Isle of Wight 008C,E01017331,968,316,90,226,652,590,62
2021,Isle of Wight 008D,E01017332,863,275,81,194,588,546,42
2021,Isle of Wight 009E,E01017333,920,317,100,217,603,524,79
2021,Isle of Wight 008E,E01017334,691,236,66,170,455,386,69
2021,Isle of Wight 004A,E01017335,640,246,78,168,394,332,62
2021,Isle of Wight 004B,E01017336,714,268,87,181,446,380,66
2021,Isle of Wight 004C,E01017337,723,269,87,182,454,388,66
2021,Isle of Wight 006C,E01017338,516,206,69,137,310,258,52
2021,Isle of Wight 007A,E01017339,814,288,92,196,526,455,71
2021,Isle of Wight 007B,E01017340,798,293,72,221,505,447,58
2021,Isle of Wight 006D,E01017341,592,230,58,172,362,320,42
2021,Isle of Wight 006E,E01017342,682,249,74,175,433,378,55
2021,Isle of Wight 007C,E01017343,561,200,50,150,361,302,59
2021,Isle of Wight 007D,E01017344,659,249,77,172,410,357,53
2021,Isle of Wight 007E,E01017345,714,295,79,216,419,370,49
2021,Isle of Wight 004D,E01017346,601,214,66,148,387,340,47
2021,Isle of Wight 014B,E01017347,687,268,110,158,419,354,65
2021,Isle of Wight 014C,E01017348,603,224,68,156,379,320,59
2021,Isle of Wight 014D,E01017349,927,381,130,251,546,473,73
2021,Isle of Wight 014E,E01017350,762,314,96,218,448,382,66
2021,Isle of Wight 010D,E01017351,587,247,88,159,340,264,76
2021,Isle of Wight 010E,E01017352,363,143,55,88,220,180,40
2021,Isle of Wight 013D,E01017353,501,196,80,116,305,240,65
2021,Isle of Wight 012E,E01017354,387,159,73,86,228,178,50
2021,Isle of Wight 015E,E01017355,640,244,82,162,396,331,65
2021,Isle of Wight 016C,E01017356,624,253,88,165,371,303,68
2021,Isle of Wight 016D,E01017357,554,229,79,150,325,275,50
2021,Isle of Wight 015F,E01017358,432,170,63,107,262,226,36
2021,Isle of Wight 016E,E01017359,558,233,91,142,325,281,44
2021,Isle of Wight 016F,E01017360,714,315,132,183,399,333,66
2021,Isle of Wight 012F,E01017361,464,213,89,124,251,212,39
2021,Isle of Wight 012G,E01017362,581,252,92,160,329,276,53
2021,Isle of Wight 018A,E01017363,548,229,83,146,319,265,54
2021,Isle of Wight 018B,E01017364,524,209,69,140,315,262,53
2021,Isle of Wight 018C,E01017365,476,205,86,119,271,214,57
2021,Isle of Wight 018D,E01017366,549,237,86,151,312,270,42
2021,Isle of Wight 005C,E01017367,716,270,84,186,446,385,61
2021,Isle of Wight 005D,E01017368,588,198,43,155,390,325,65
2021,Isle of Wight 017D,E01017369,616,250,97,153,366,298,68
2021,Isle of Wight 018E,E01017370,642,271,102,169,371,325,46
2021,Central Bedfordshire 012A,E01017371,874,259,95,164,615,500,115
2021,Central Bedfordshire 012B,E01017372,974,278,103,175,696,588,108
2021,Central Bedfordshire 012C,E01017373,1251,327,112,215,924,733,191
2021,Central Bedfordshire 012D,E01017374,790,219,91,128,571,467,104
2021,Central Bedfordshire 012E,E01017375,788,221,79,142,567,457,110
2021,Central Bedfordshire 010A,E01017376,1253,340,111,229,913,793,120
2021,Central Bedfordshire 010B,E01017377,1024,281,97,184,743,638,105
2021,Central Bedfordshire 010C,E01017378,1079,272,97,175,807,698,109
2021,Central Bedfordshire 007A,E01017379,573,169,64,105,404,321,83
2021,Central Bedfordshire 007B,E01017380,628,172,74,98,456,326,130
2021,Central Bedfordshire 006A,E01017381,678,195,69,126,483,408,75
2021,Central Bedfordshire 006B,E01017382,752,224,92,132,528,466,62
2021,Central Bedfordshire 005A,E01017383,1108,295,110,185,813,698,115
2021,Central Bedfordshire 005B,E01017384,841,222,76,146,619,542,77
2021,Central Bedfordshire 005C,E01017385,961,245,100,145,716,609,107
2021,Central Bedfordshire 005D,E01017386,949,258,86,172,691,601,90
2021,Central Bedfordshire 005E,E01017387,688,215,72,143,473,411,62
2021,Central Bedfordshire 005F,E01017388,1495,364,124,240,1131,968,163
2021,Central Bedfordshire 013A,E01017391,747,218,82,136,529,447,82
2021,Central Bedfordshire 013B,E01017392,905,248,92,156,657,540,117
2021,Central Bedfordshire 013C,E01017393,1056,289,107,182,767,644,123
2021,Central Bedfordshire 007C,E01017394,764,210,66,144,554,477,77
2021,Central Bedfordshire 007F,E01017397,886,241,88,153,645,537,108
2021,Central Bedfordshire 017A,E01017398,1262,399,158,241,863,681,182
2021,Central Bedfordshire 015A,E01017399,843,208,70,138,635,534,101
2021,Central Bedfordshire 015B,E01017400,679,210,88,122,469,412,57
2021,Central Bedfordshire 015C,E01017401,667,158,59,99,509,407,102
2021,Central Bedfordshire 015D,E01017402,754,211,95,116,543,450,93
2021,Central Bedfordshire 016A,E01017403,732,212,79,133,520,445,75
2021,Central Bedfordshire 016B,E01017404,620,177,74,103,443,365,78
2021,Central Bedfordshire 016C,E01017405,782,208,73,135,574,502,72
2021,Central Bedfordshire 016D,E01017406,1530,393,130,263,1137,960,177
2021,Central Bedfordshire 016E,E01017407,850,200,71,129,650,550,100
2021,Central Bedfordshire 017B,E01017408,553,151,63,88,402,344,58
2021,Central Bedfordshire 017C,E01017409,578,170,67,103,408,352,56
2021,Central Bedfordshire 008A,E01017410,526,141,61,80,385,305,80
2021,Central Bedfordshire 004A,E01017412,768,232,85,147,536,435,101
2021,Central Bedfordshire 010D,E01017413,1195,324,114,210,871,744,127
2021,Central Bedfordshire 010E,E01017414,936,257,102,155,679,574,105
2021,Central Bedfordshire 010F,E01017415,1009,300,110,190,709,578,131
2021,Central Bedfordshire 009C,E01017418,710,194,72,122,516,438,78
2021,Central Bedfordshire 008C,E01017419,827,259,98,161,568,416,152
2021,Central Bedfordshire 008D,E01017420,819,238,82,156,581,500,81
2021,Central Bedfordshire 008E,E01017421,895,259,86,173,636,497,139
2021,Central Bedfordshire 004B,E01017422,836,252,112,140,584,475,109
2021,Central Bedfordshire 004C,E01017423,989,255,99,156,734,584,150
2021,Central Bedfordshire 004D,E01017424,693,199,72,127,494,397,97
2021,Central Bedfordshire 003A,E01017425,601,183,85,98,418,345,73
2021,Central Bedfordshire 003B,E01017426,667,205,85,120,462,354,108
2021,Central Bedfordshire 003C,E01017427,980,251,102,149,729,597,132
2021,Central Bedfordshire 003D,E01017428,845,224,82,142,621,530,91
2021,Central Bedfordshire 003E,E01017429,1090,248,83,165,842,700,142
2021,Central Bedfordshire 002A,E01017430,715,194,67,127,521,427,94
2021,Central Bedfordshire 002B,E01017431,880,248,107,141,632,533,99
2021,Central Bedfordshire 002C,E01017432,704,183,70,113,521,436,85
2021,Central Bedfordshire 001A,E01017433,685,213,86,127,472,415,57
2021,Central Bedfordshire 001B,E01017434,871,225,78,147,646,552,94
2021,Central Bedfordshire 002D,E01017435,907,266,96,170,641,552,89
2021,Central Bedfordshire 001C,E01017436,1363,350,117,233,1013,875,138
2021,Central Bedfordshire 011A,E01017437,986,272,88,184,714,613,101
2021,Central Bedfordshire 011B,E01017438,909,252,88,164,657,547,110
2021,Central Bedfordshire 011C,E01017439,1140,291,113,178,849,712,137
2021,Central Bedfordshire 011D,E01017440,984,235,74,161,749,634,115
2021,Central Bedfordshire 011E,E01017441,1263,266,105,161,997,796,201
2021,Central Bedfordshire 013D,E01017442,1473,414,161,253,1059,885,174
2021,Central Bedfordshire 013E,E01017443,917,214,72,142,703,609,94
2021,Central Bedfordshire 011F,E01017444,1043,310,113,197,733,595,138
2021,Central Bedfordshire 014A,E01017446,924,293,104,189,631,556,75
2021,Central Bedfordshire 014B,E01017447,1342,407,144,263,935,784,151
2021,Central Bedfordshire 014D,E01017449,1099,282,111,171,817,677,140
2021,Central Bedfordshire 017E,E01017450,1140,333,135,198,807,630,177
2021,Central Bedfordshire 009D,E01017451,738,196,80,116,542,414,128
2021,Central Bedfordshire 009E,E01017452,577,146,58,88,431,304,127
2021,Bedford 005A,E01017453,558,165,47,118,393,352,41
2021,Bedford 005B,E01017454,653,179,78,101,474,409,65
2021,Bedford 005C,E01017455,630,195,68,127,435,357,78
2021,Bedford 005D,E01017456,664,187,72,115,477,382,95
2021,Bedford 005E,E01017457,569,198,58,140,371,323,48
2021,Bedford 005F,E01017458,599,164,57,107,435,373,62
2021,Bedford 008A,E01017459,831,240,90,150,591,493,98
2021,Bedford 008B,E01017460,1201,322,136,186,879,717,162
2021,Bedford 008D,E01017462,794,216,73,143,578,488,90
2021,Bedford 008E,E01017463,565,186,75,111,379,302,77
2021,Bedford 002A,E01017464,600,204,83,121,396,288,108
2021,Bedford 002B,E01017465,660,193,78,115,467,349,118
2021,Bedford 012A,E01017466,1230,339,123,216,891,784,107
2021,Bedford 012B,E01017467,747,186,72,114,561,467,94
2021,Bedford 012C,E01017468,754,230,90,140,524,437,87
2021,Bedford 012E,E01017470,692,189,70,119,503,436,67
2021,Bedford 012F,E01017471,830,219,97,122,611,534,77
2021,Bedford 015A,E01017472,650,217,82,135,433,386,47
2021,Bedford 015C,E01017474,899,231,74,157,668,590,78
2021,Bedford 015D,E01017475,854,223,69,154,631,553,78
2021,Bedford 015E,E01017476,779,206,73,133,573,493,80
2021,Bedford 015F,E01017477,503,171,40,131,332,281,51
2021,Bedford 003A,E01017478,847,242,97,145,605,465,140
2021,Bedford 003B,E01017479,597,177,60,117,420,338,82
2021,Bedford 003C,E01017480,1029,273,85,188,756,629,127
2021,Bedford 003D,E01017481,600,171,52,119,429,379,50
2021,Bedford 009A,E01017482,632,178,68,110,454,377,77
2021,Bedford 009B,E01017483,722,250,110,140,472,395,77
2021,Bedford 009C,E01017484,617,140,63,77,477,385,92
2021,Bedford 009D,E01017485,801,201,85,116,600,502,98
2021,Bedford 021B,E01017487,993,266,84,182,727,629,98
2021,Bedford 007A,E01017488,662,210,70,140,452,389,63
2021,Bedford 007B,E01017489,707,225,73,152,482,442,40
2021,Bedford 007C,E01017490,608,195,55,140,413,369,44
2021,Bedford 007D,E01017491,771,230,83,147,541,481,60
2021,Bedford 007E,E01017492,654,199,54,145,455,410,45
2021,Bedford 007F,E01017493,813,214,73,141,599,506,93
2021,Bedford 004B,E01017495,1131,333,138,195,798,628,170
2021,Bedford 004C,E01017496,735,200,80,120,535,423,112
2021,Bedford 010A,E01017497,766,199,74,125,567,493,74
2021,Bedford 010B,E01017498,612,178,55,123,434,370,64
2021,Bedford 010C,E01017499,718,146,64,82,572,475,97
2021,Bedford 010D,E01017500,592,149,56,93,443,368,75
2021,Bedford 010E,E01017501,930,202,71,131,728,631,97
2021,Bedford 010F,E01017502,706,178,78,100,528,460,68
2021,Bedford 002C,E01017503,659,194,70,124,465,374,91
2021,Bedford 002D,E01017504,987,308,111,197,679,520,159
2021,Bedford 017A,E01017505,797,216,64,152,581,506,75
2021,Bedford 017B,E01017506,777,223,63,160,554,497,57
2021,Bedford 017C,E01017507,713,195,70,125,518,463,55
2021,Bedford 017D,E01017508,892,245,78,167,647,567,80
2021,Bedford 016A,E01017509,529,187,48,139,342,292,50
2021,Bedford 016B,E01017510,851,222,82,140,629,545,84
2021,Bedford 016C,E01017511,586,159,52,107,427,365,62
2021,Bedford 016D,E01017512,733,212,71,141,521,456,65
2021,Bedford 018A,E01017513,735,208,61,147,527,461,66
2021,Bedford 018B,E01017514,788,242,81,161,546,472,74
2021,Bedford 018C,E01017515,782,216,73,143,566,503,63
2021,Bedford 018E,E01017517,839,228,72,156,611,541,70
2021,Bedford 014A,E01017518,865,227,77,150,638,551,87
2021,Bedford 014B,E01017519,728,215,69,146,513,450,63
2021,Bedford 014C,E01017520,900,219,78,141,681,601,80
2021,Bedford 014D,E01017521,865,240,74,166,625,543,82
2021,Bedford 014E,E01017522,1010,254,86,168,756,667,89
2021,Bedford 014F,E01017523,697,253,82,171,444,384,60
2021,Bedford 011A,E01017524,867,240,71,169,627,539,88
2021,Bedford 011B,E01017525,573,169,59,110,404,357,47
2021,Bedford 011C,E01017526,852,238,84,154,614,521,93
2021,Bedford 011D,E01017527,656,139,48,91,517,444,73
2021,Bedford 003E,E01017528,1189,368,123,245,821,673,148
2021,Bedford 006A,E01017529,631,196,71,125,435,377,58
2021,Bedford 006B,E01017530,668,185,73,112,483,421,62
2021,Bedford 006C,E01017531,529,159,54,105,370,330,40
2021,Bedford 006D,E01017532,594,173,57,116,421,345,76
2021,Bedford 006E,E01017533,496,161,65,96,335,268,67
2021,Bedford 006F,E01017534,772,229,95,134,543,467,76
2021,Bedford 013A,E01017535,994,285,97,188,709,599,110
2021,Bedford 013B,E01017536,1159,350,122,228,809,741,68
2021,Bedford 013C,E01017537,528,213,55,158,315,278,37
2021,Bedford 013D,E01017538,733,290,110,180,443,394,49
2021,Bedford 013E,E01017539,670,242,93,149,428,377,51
2021,Bedford 001A,E01017540,728,214,104,110,514,382,132
2021,Bedford 001B,E01017541,635,215,90,125,420,347,73
2021,Bedford 004D,E01017542,744,201,86,115,543,407,136
2021,Bedford 004E,E01017543,795,236,90,146,559,424,135
2021,Bedford 001C,E01017544,645,183,71,112,462,372,90
2021,Bedford 001D,E01017545,716,213,85,128,503,392,111
2021,Bedford 002E,E01017546,538,178,70,108,360,284,76
2021,Bedford 002F,E01017547,819,226,94,132,593,461,132
2021,Bedford 021F,E01017549,679,197,61,136,482,419,63
2021,Bedford 020B,E01017552,1496,320,98,222,1176,1002,174
2021,Bedford 020C,E01017553,666,188,66,122,478,410,68
2021,Bedford 020D,E01017554,928,244,98,146,684,589,95
2021,Central Bedfordshire 021A,E01017555,1075,277,106,171,798,684,114
2021,Central Bedfordshire 021B,E01017556,958,251,84,167,707,608,99
2021,Central Bedfordshire 021C,E01017557,945,232,66,166,713,609,104
2021,Central Bedfordshire 018A,E01017558,985,264,101,163,721,602,119
2021,Central Bedfordshire 018B,E01017559,802,243,86,157,559,462,97
2021,Central Bedfordshire 018C,E01017560,701,195,60,135,506,429,77
2021,Central Bedfordshire 033A,E01017561,750,252,94,158,498,394,104
2021,Central Bedfordshire 033B,E01017562,1248,322,114,208,926,775,151
2021,Central Bedfordshire 033C,E01017563,749,233,90,143,516,445,71
2021,Central Bedfordshire 033D,E01017564,737,193,70,123,544,431,113
2021,Central Bedfordshire 029A,E01017565,717,211,69,142,506,398,108
2021,Central Bedfordshire 028A,E01017566,653,215,88,127,438,356,82
2021,Central Bedfordshire 029B,E01017567,860,228,82,146,632,543,89
2021,Central Bedfordshire 029C,E01017568,1221,286,106,180,935,821,114
2021,Central Bedfordshire 029D,E01017569,984,230,79,151,754,642,112
2021,Central Bedfordshire 032A,E01017571,555,169,77,92,386,299,87
2021,Central Bedfordshire 032B,E01017572,674,202,69,133,472,377,95
2021,Central Bedfordshire 024A,E01017573,664,179,61,118,485,418,67
2021,Central Bedfordshire 024D,E01017576,665,178,65,113,487,415,72
2021,Central Bedfordshire 019A,E01017577,1280,357,140,217,923,763,160
2021,Central Bedfordshire 026A,E01017578,1296,316,106,210,980,842,138
2021,Central Bedfordshire 026B,E01017579,996,288,96,192,708,601,107
2021,Central Bedfordshire 026C,E01017580,1313,317,106,211,996,860,136
2021,Central Bedfordshire 026D,E01017581,896,230,75,155,666,563,103
2021,Central Bedfordshire 027A,E01017582,785,226,87,139,559,496,63
2021,Central Bedfordshire 027B,E01017583,1068,294,108,186,774,669,105
2021,Central Bedfordshire 027C,E01017584,1042,294,110,184,748,646,102
2021,Central Bedfordshire 027D,E01017585,668,180,73,107,488,414,74
2021,Central Bedfordshire 032C,E01017586,751,216,82,134,535,419,116
2021,Central Bedfordshire 032D,E01017587,690,235,95,140,455,325,130
2021,Central Bedfordshire 032E,E01017588,576,172,62,110,404,328,76
2021,Central Bedfordshire 022A,E01017589,961,221,74,147,740,629,111
2021,Central Bedfordshire 022B,E01017590,690,196,82,114,494,402,92
2021,Central Bedfordshire 022C,E01017591,914,245,99,146,669,580,89
2021,Central Bedfordshire 030A,E01017592,886,229,94,135,657,573,84
2021,Central Bedfordshire 030B,E01017593,740,201,67,134,539,472,67
2021,Central Bedfordshire 030C,E01017594,996,314,82,232,682,601,81
2021,Central Bedfordshire 028B,E01017595,534,161,43,118,373,316,57
2021,Central Bedfordshire 028C,E01017596,793,204,61,143,589,513,76
2021,Central Bedfordshire 028D,E01017597,785,203,70,133,582,502,80
2021,Central Bedfordshire 028E,E01017598,920,222,53,169,698,591,107
2021,Central Bedfordshire 025A,E01017600,1128,253,90,163,875,764,111
2021,Central Bedfordshire 025B,E01017601,673,179,70,109,494,424,70
2021,Central Bedfordshire 025C,E01017602,677,183,64,119,494,429,65
2021,Central Bedfordshire 020A,E01017603,767,204,61,143,563,477,86
2021,Central Bedfordshire 020B,E01017604,825,213,70,143,612,503,109
2021,Central Bedfordshire 020C,E01017605,669,189,56,133,480,401,79
2021,Central Bedfordshire 020D,E01017606,817,206,69,137,611,502,109
2021,Central Bedfordshire 020E,E01017607,610,157,77,80,453,365,88
2021,Central Bedfordshire 021D,E01017608,887,235,95,140,652,555,97
2021,Central Bedfordshire 021E,E01017609,1009,291,92,199,718,612,106
2021,Central Bedfordshire 022D,E01017610,503,153,55,98,350,309,41
2021,Central Bedfordshire 023A,E01017611,640,186,68,118,454,383,71
2021,Central Bedfordshire 023B,E01017612,662,173,52,121,489,417,72
2021,Central Bedfordshire 023C,E01017613,700,187,70,117,513,445,68
2021,Central Bedfordshire 023D,E01017614,763,215,90,125,548,472,76
2021,Central Bedfordshire 018D,E01017616,1240,339,117,222,901,770,131
2021,Central Bedfordshire 026E,E01017617,650,191,58,133,459,401,58
2021,Central Bedfordshire 025D,E01017618,1041,261,82,179,780,663,117
2021,Central Bedfordshire 025E,E01017619,1011,270,81,189,741,630,111
2021,Central Bedfordshire 019C,E01017620,1021,289,124,165,732,594,138
2021,Central Bedfordshire 019D,E01017621,719,225,95,130,494,388,106
2021,Central Bedfordshire 019E,E01017622,889,226,82,144,663,566,97
2021,Central Bedfordshire 031A,E01017623,933,238,92,146,695,595,100
2021,Central Bedfordshire 031B,E01017624,969,262,102,160,707,604,103
2021,Central Bedfordshire 031C,E01017625,723,213,75,138,510,427,83
2021,Central Bedfordshire 031D,E01017626,766,213,72,141,553,471,82
2021,Buckinghamshire 021A,E01017627,885,292,103,189,593,472,121
2021,Buckinghamshire 021B,E01017628,834,242,101,141,592,469,123
2021,Buckinghamshire 021C,E01017629,847,258,110,148,589,454,135
2021,Buckinghamshire 021D,E01017630,721,247,102,145,474,382,92
2021,Buckinghamshire 021E,E01017631,1229,318,122,196,911,765,146
2021,Buckinghamshire 015A,E01017634,995,222,91,131,773,670,103
2021,Buckinghamshire 018A,E01017635,731,202,76,126,529,441,88
2021,Buckinghamshire 018B,E01017636,743,231,87,144,512,426,86
2021,Buckinghamshire 018C,E01017637,663,190,73,117,473,409,64
2021,Buckinghamshire 018D,E01017638,585,174,69,105,411,342,69
2021,Buckinghamshire 018E,E01017639,702,220,83,137,482,393,89
2021,Buckinghamshire 018F,E01017640,753,214,78,136,539,442,97
2021,Buckinghamshire 010A,E01017642,645,195,89,106,450,336,114
2021,Buckinghamshire 010B,E01017643,720,196,80,116,524,383,141
2021,Buckinghamshire 002A,E01017644,833,220,83,137,613,525,88
2021,Buckinghamshire 002B,E01017645,703,214,86,128,489,414,75
2021,Buckinghamshire 002C,E01017646,1077,344,125,219,733,622,111
2021,Buckinghamshire 002D,E01017647,686,200,81,119,486,391,95
2021,Buckinghamshire 001A,E01017648,836,242,94,148,594,479,115
2021,Buckinghamshire 001B,E01017649,1190,331,114,217,859,706,153
2021,Buckinghamshire 008A,E01017651,770,235,101,134,535,437,98
2021,Buckinghamshire 008B,E01017652,873,252,91,161,621,507,114
2021,Buckinghamshire 016A,E01017653,816,224,80,144,592,511,81
2021,Buckinghamshire 016B,E01017654,843,251,98,153,592,527,65
2021,Buckinghamshire 016C,E01017655,1064,260,80,180,804,708,96
2021,Buckinghamshire 008C,E01017657,740,246,105,141,494,389,105
2021,Buckinghamshire 008D,E01017658,881,263,107,156,618,487,131
2021,Buckinghamshire 012A,E01017659,799,247,88,159,552,486,66
2021,Buckinghamshire 012B,E01017660,903,197,64,133,706,611,95
2021,Buckinghamshire 012C,E01017661,791,251,84,167,540,454,86
2021,Buckinghamshire 015B,E01017662,721,205,69,136,516,442,74
2021,Buckinghamshire 015C,E01017663,771,256,91,165,515,443,72
2021,Buckinghamshire 012D,E01017664,804,190,70,120,614,510,104
2021,Buckinghamshire 013A,E01017665,1371,371,119,252,1000,879,121
2021,Buckinghamshire 013B,E01017666,1148,281,100,181,867,763,104
2021,Buckinghamshire 013C,E01017667,640,193,53,140,447,400,47
2021,Buckinghamshire 013D,E01017668,850,219,62,157,631,551,80
2021,Buckinghamshire 006A,E01017669,1234,359,144,215,875,703,172
2021,Buckinghamshire 006B,E01017670,955,261,117,144,694,548,146
2021,Buckinghamshire 003A,E01017671,815,231,99,132,584,436,148
2021,Buckinghamshire 003B,E01017672,830,220,100,120,610,451,159
2021,Buckinghamshire 010C,E01017673,736,222,92,130,514,380,134
2021,Buckinghamshire 010D,E01017674,906,247,81,166,659,525,134
2021,Buckinghamshire 022A,E01017675,897,245,104,141,652,525,127
2021,Buckinghamshire 022B,E01017676,703,214,87,127,489,353,136
2021,Buckinghamshire 022C,E01017677,919,253,108,145,666,512,154
2021,Buckinghamshire 022D,E01017678,721,220,86,134,501,393,108
2021,Buckinghamshire 022E,E01017679,792,231,91,140,561,468,93
2021,Buckinghamshire 022F,E01017680,588,189,66,123,399,318,81
2021,Buckinghamshire 023A,E01017681,637,199,76,123,438,341,97
2021,Buckinghamshire 023B,E01017682,619,190,79,111,429,317,112
2021,Buckinghamshire 023C,E01017683,918,275,124,151,643,491,152
2021,Buckinghamshire 023D,E01017684,515,178,71,107,337,248,89
2021,Buckinghamshire 019A,E01017687,1421,350,108,242,1071,941,130
2021,Buckinghamshire 019B,E01017688,650,157,59,98,493,424,69
2021,Buckinghamshire 019C,E01017689,722,203,80,123,519,456,63
2021,Buckinghamshire 019D,E01017690,591,158,53,105,433,386,47
2021,Buckinghamshire 019E,E01017691,709,199,62,137,510,427,83
2021,Buckinghamshire 019F,E01017692,830,206,72,134,624,523,101
2021,Buckinghamshire 004A,E01017693,602,183,73,110,419,320,99
2021,Buckinghamshire 004B,E01017694,1279,346,135,211,933,737,196
2021,Buckinghamshire 003C,E01017695,542,159,67,92,383,322,61
2021,Buckinghamshire 003D,E01017696,703,202,79,123,501,394,107
2021,Buckinghamshire 014A,E01017697,779,207,64,143,572,497,75
2021,Buckinghamshire 014B,E01017698,711,205,68,137,506,430,76
2021,Buckinghamshire 014C,E01017699,791,240,101,139,551,477,74
2021,Buckinghamshire 014D,E01017700,803,234,87,147,569,478,91
2021,Buckinghamshire 008E,E01017701,1431,415,157,258,1016,791,225
2021,Buckinghamshire 008F,E01017702,756,209,78,131,547,435,112
2021,Buckinghamshire 009A,E01017703,670,218,94,124,452,346,106
2021,Buckinghamshire 009B,E01017704,638,191,76,115,447,327,120
2021,Buckinghamshire 011A,E01017706,687,213,74,139,474,414,60
2021,Buckinghamshire 011B,E01017707,608,205,71,134,403,354,49
2021,Buckinghamshire 011C,E01017708,715,217,68,149,498,435,63
2021,Buckinghamshire 017A,E01017709,750,280,108,172,470,424,46
2021,Buckinghamshire 017B,E01017710,779,241,75,166,538,473,65
2021,Buckinghamshire 017C,E01017711,779,229,65,164,550,466,84
2021,Buckinghamshire 017D,E01017712,1183,325,111,214,858,752,106
2021,Buckinghamshire 004C,E01017713,751,202,70,132,549,460,89
2021,Buckinghamshire 004D,E01017714,836,243,86,157,593,463,130
2021,Buckinghamshire 006C,E01017715,619,180,77,103,439,309,130
2021,Buckinghamshire 006D,E01017716,924,274,128,146,650,487,163
2021,Buckinghamshire 004E,E01017717,890,248,107,141,642,484,158
2021,Buckinghamshire 004F,E01017718,978,289,117,172,689,522,167
2021,Buckinghamshire 009C,E01017719,616,168,53,115,448,369,79
2021,Buckinghamshire 009D,E01017720,694,187,68,119,507,386,121
2021,Buckinghamshire 020A,E01017721,979,225,89,136,754,647,107
2021,Buckinghamshire 020B,E01017722,818,220,70,150,598,532,66
2021,Buckinghamshire 020C,E01017723,621,202,53,149,419,369,50
2021,Buckinghamshire 020D,E01017724,664,226,77,149,438,385,53
2021,Buckinghamshire 024A,E01017726,508,151,69,82,357,273,84
2021,Buckinghamshire 024B,E01017727,904,257,112,145,647,505,142
2021,Buckinghamshire 024C,E01017729,798,239,89,150,559,450,109
2021,Buckinghamshire 024D,E01017730,753,244,91,153,509,428,81
2021,Buckinghamshire 007A,E01017731,651,185,63,122,466,391,75
2021,Buckinghamshire 007B,E01017732,841,242,90,152,599,462,137
2021,Buckinghamshire 007C,E01017733,631,199,74,125,432,322,110
2021,Buckinghamshire 007D,E01017734,720,210,98,112,510,393,117
2021,Buckinghamshire 005A,E01017735,745,213,95,118,532,419,113
2021,Buckinghamshire 005B,E01017736,711,232,87,145,479,397,82
2021,Buckinghamshire 005C,E01017737,596,194,71,123,402,329,73
2021,Buckinghamshire 005D,E01017738,1243,310,122,188,933,785,148
2021,Buckinghamshire 034A,E01017739,625,189,83,106,436,342,94
2021,Buckinghamshire 034B,E01017740,734,192,71,121,542,469,73
2021,Buckinghamshire 032A,E01017741,749,226,92,134,523,407,116
2021,Buckinghamshire 032B,E01017742,828,221,105,116,607,476,131
2021,Buckinghamshire 032C,E01017743,931,291,122,169,640,531,109
2021,Buckinghamshire 034C,E01017744,729,228,101,127,501,401,100
2021,Buckinghamshire 034D,E01017745,847,208,95,113,639,494,145
2021,Buckinghamshire 034E,E01017746,811,223,80,143,588,487,101
2021,Buckinghamshire 027A,E01017747,750,247,92,155,503,406,97
2021,Buckinghamshire 027B,E01017748,845,295,127,168,550,471,79
2021,Buckinghamshire 027C,E01017749,912,257,106,151,655,527,128
2021,Buckinghamshire 029A,E01017750,1079,357,154,203,722,538,184
2021,Buckinghamshire 054A,E01017751,962,271,135,136,691,440,251
2021,Buckinghamshire 029B,E01017752,1112,370,165,205,742,541,201
2021,Buckinghamshire 054B,E01017753,633,216,86,130,417,339,78
2021,Buckinghamshire 050A,E01017754,722,228,109,119,494,366,128
2021,Buckinghamshire 050B,E01017755,1004,270,108,162,734,573,161
2021,Buckinghamshire 050C,E01017756,708,216,97,119,492,372,120
2021,Buckinghamshire 050D,E01017757,578,188,89,99,390,281,109
2021,Buckinghamshire 050E,E01017758,581,188,77,111,393,305,88
2021,Buckinghamshire 047A,E01017759,840,277,140,137,563,415,148
2021,Buckinghamshire 047B,E01017760,764,221,95,126,543,386,157
2021,Buckinghamshire 047C,E01017761,1063,370,148,222,693,541,152
2021,Buckinghamshire 035A,E01017762,621,201,97,104,420,288,132
2021,Buckinghamshire 032D,E01017763,842,234,98,136,608,443,165
2021,Buckinghamshire 032E,E01017764,718,214,92,122,504,362,142
2021,Buckinghamshire 032F,E01017765,780,269,137,132,511,357,154
2021,Buckinghamshire 029C,E01017766,1077,407,190,217,670,470,200
2021,Buckinghamshire 054C,E01017767,1175,361,138,223,814,662,152
2021,Buckinghamshire 031A,E01017768,1095,313,131,182,782,604,178
2021,Buckinghamshire 028A,E01017769,860,234,96,138,626,507,119
2021,Buckinghamshire 030A,E01017770,897,232,90,142,665,550,115
2021,Buckinghamshire 028B,E01017771,708,208,87,121,500,398,102
2021,Buckinghamshire 039A,E01017773,744,231,99,132,513,423,90
2021,Buckinghamshire 039B,E01017774,575,177,66,111,398,310,88
2021,Buckinghamshire 035B,E01017775,819,235,99,136,584,470,114
2021,Buckinghamshire 035C,E01017776,1069,315,122,193,754,631,123
2021,Buckinghamshire 035D,E01017777,788,208,78,130,580,460,120
2021,Buckinghamshire 029D,E01017778,568,203,81,122,365,285,80
2021,Buckinghamshire 031B,E01017779,513,172,87,85,341,245,96
2021,Buckinghamshire 028C,E01017780,741,228,93,135,513,419,94
2021,Buckinghamshire 028D,E01017781,601,187,63,124,414,368,46
2021,Buckinghamshire 039C,E01017782,633,205,106,99,428,280,148
2021,Buckinghamshire 039D,E01017783,765,253,110,143,512,371,141
2021,Buckinghamshire 039E,E01017784,762,232,106,126,530,343,187
2021,Buckinghamshire 031C,E01017785,814,244,101,143,570,444,126
2021,Buckinghamshire 031D,E01017786,757,247,92,155,510,390,120
2021,Buckinghamshire 031E,E01017787,713,229,93,136,484,381,103
2021,Buckinghamshire 031F,E01017788,798,240,90,150,558,460,98
2021,Buckinghamshire 027D,E01017789,682,193,67,126,489,406,83
2021,Buckinghamshire 027E,E01017790,651,237,94,143,414,350,64
2021,Buckinghamshire 030B,E01017791,767,232,91,141,535,447,88
2021,Buckinghamshire 030C,E01017792,1141,292,124,168,849,686,163
2021,Buckinghamshire 030D,E01017793,708,226,88,138,482,418,64
2021,Buckinghamshire 047D,E01017794,1105,348,161,187,757,536,221
2021,Buckinghamshire 027F,E01017795,1058,329,120,209,729,619,110
2021,Buckinghamshire 053A,E01017796,857,247,106,141,610,453,157
2021,Buckinghamshire 053B,E01017797,627,195,98,97,432,271,161
2021,Buckinghamshire 053C,E01017798,704,213,98,115,491,302,189
2021,Buckinghamshire 053D,E01017799,1072,287,124,163,785,546,239
2021,Buckinghamshire 053E,E01017800,819,210,83,127,609,507,102
2021,Buckinghamshire 053F,E01017801,830,227,104,123,603,432,171
2021,Buckinghamshire 053G,E01017802,759,202,63,139,557,448,109
2021,Buckinghamshire 065A,E01017803,653,173,60,113,480,366,114
2021,Buckinghamshire 066A,E01017804,847,205,80,125,642,544,98
2021,Buckinghamshire 066B,E01017805,992,280,107,173,712,610,102
2021,Buckinghamshire 065B,E01017806,871,261,108,153,610,493,117
2021,Buckinghamshire 066C,E01017807,834,203,74,129,631,526,105
2021,Buckinghamshire 066D,E01017808,752,177,69,108,575,497,78
2021,Buckinghamshire 066E,E01017809,800,217,80,137,583,504,79
2021,Buckinghamshire 059A,E01017810,1032,298,110,188,734,598,136
2021,Buckinghamshire 059B,E01017811,551,148,65,83,403,319,84
2021,Buckinghamshire 059C,E01017812,1013,230,95,135,783,647,136
2021,Buckinghamshire 059D,E01017813,1083,307,107,200,776,585,191
2021,Buckinghamshire 065C,E01017814,815,221,86,135,594,467,127
2021,Buckinghamshire 063A,E01017815,902,302,138,164,600,425,175
2021,Buckinghamshire 063B,E01017816,827,244,101,143,583,450,133
2021,Buckinghamshire 063C,E01017817,978,241,83,158,737,556,181
2021,Buckinghamshire 058A,E01017818,1010,274,112,162,736,540,196
2021,Buckinghamshire 058B,E01017819,708,204,103,101,504,315,189
2021,Buckinghamshire 058C,E01017820,824,226,108,118,598,417,181
2021,Buckinghamshire 058D,E01017821,736,210,108,102,526,361,165
2021,Buckinghamshire 058E,E01017822,1011,281,127,154,730,539,191
2021,Buckinghamshire 063D,E01017823,710,217,88,129,493,353,140
2021,Buckinghamshire 067A,E01017824,843,221,92,129,622,503,119
2021,Buckinghamshire 067B,E01017825,941,223,100,123,718,589,129
2021,Buckinghamshire 067C,E01017826,798,209,75,134,589,493,96
2021,Buckinghamshire 067D,E01017827,1074,295,121,174,779,633,146
2021,Buckinghamshire 067E,E01017828,777,189,69,120,588,491,97
2021,Buckinghamshire 067F,E01017829,1186,299,138,161,887,716,171
2021,Buckinghamshire 064A,E01017830,980,296,111,185,684,567,117
2021,Buckinghamshire 064B,E01017831,846,231,87,144,615,458,157
2021,Buckinghamshire 064C,E01017832,919,254,99,155,665,522,143
2021,Buckinghamshire 065D,E01017833,1258,311,140,171,947,718,229
2021,Buckinghamshire 064D,E01017834,788,214,69,145,574,446,128
2021,Buckinghamshire 064E,E01017835,799,260,108,152,539,450,89
2021,Buckinghamshire 049A,E01017836,871,258,103,155,613,537,76
2021,Buckinghamshire 049B,E01017837,1360,366,168,198,994,869,125
2021,Buckinghamshire 049C,E01017838,815,249,96,153,566,485,81
2021,Buckinghamshire 049D,E01017839,1027,227,98,129,800,645,155
2021,Buckinghamshire 049E,E01017840,959,276,93,183,683,582,101
2021,Buckinghamshire 049F,E01017841,1342,376,137,239,966,797,169
2021,Buckinghamshire 052A,E01017843,737,214,70,144,523,445,78
2021,Buckinghamshire 052B,E01017844,789,201,80,121,588,504,84
2021,Buckinghamshire 052C,E01017845,763,200,74,126,563,497,66
2021,Buckinghamshire 060A,E01017846,711,192,70,122,519,447,72
2021,Buckinghamshire 060B,E01017847,842,212,90,122,630,500,130
2021,Buckinghamshire 060C,E01017848,565,173,71,102,392,290,102
2021,Buckinghamshire 060D,E01017849,763,235,112,123,528,411,117
2021,Buckinghamshire 042A,E01017850,691,234,85,149,457,418,39
2021,Buckinghamshire 042B,E01017851,914,243,99,144,671,577,94
2021,Buckinghamshire 042C,E01017852,1129,416,162,254,713,637,76
2021,Buckinghamshire 040A,E01017853,783,190,85,105,593,496,97
2021,Buckinghamshire 040B,E01017854,649,205,78,127,444,345,99
2021,Buckinghamshire 052D,E01017855,807,218,90,128,589,452,137
2021,Buckinghamshire 052E,E01017856,715,209,89,120,506,431,75
2021,Buckinghamshire 038A,E01017857,648,215,66,149,433,377,56
2021,Buckinghamshire 038B,E01017858,1017,294,117,177,723,634,89
2021,Buckinghamshire 038C,E01017859,829,250,95,155,579,480,99
2021,Buckinghamshire 038D,E01017860,684,213,80,133,471,413,58
2021,Buckinghamshire 038E,E01017861,775,213,76,137,562,479,83
2021,Buckinghamshire 038F,E01017862,915,275,107,168,640,553,87
2021,Buckinghamshire 038G,E01017863,858,243,83,160,615,521,94
2021,Buckinghamshire 055A,E01017864,597,198,83,115,399,313,86
2021,Buckinghamshire 055B,E01017865,687,219,78,141,468,379,89
2021,Buckinghamshire 057A,E01017866,732,233,103,130,499,347,152
2021,Buckinghamshire 055C,E01017867,676,191,60,131,485,415,70
2021,Buckinghamshire 055D,E01017868,757,235,97,138,522,399,123
2021,Buckinghamshire 033A,E01017869,623,214,85,129,409,299,110
2021,Buckinghamshire 033B,E01017870,606,189,88,101,417,328,89
2021,Buckinghamshire 033C,E01017871,706,223,77,146,483,362,121
2021,Buckinghamshire 033D,E01017872,778,246,114,132,532,414,118
2021,Buckinghamshire 033E,E01017873,719,217,86,131,502,405,97
2021,Buckinghamshire 033F,E01017874,734,150,52,98,584,493,91
2021,Buckinghamshire 057B,E01017875,732,198,90,108,534,384,150
2021,Buckinghamshire 057C,E01017876,977,314,141,173,663,502,161
2021,Buckinghamshire 057D,E01017877,704,208,90,118,496,393,103
2021,Buckinghamshire 040C,E01017878,1229,393,195,198,836,592,244
2021,Buckinghamshire 036A,E01017880,683,222,78,144,461,384,77
2021,Buckinghamshire 036B,E01017881,894,280,103,177,614,495,119
2021,Buckinghamshire 036C,E01017882,814,235,81,154,579,479,100
2021,Buckinghamshire 036D,E01017883,764,245,118,127,519,395,124
2021,Buckinghamshire 036E,E01017884,685,198,76,122,487,417,70
2021,Buckinghamshire 025A,E01017885,1043,309,125,184,734,574,160
2021,Buckinghamshire 025B,E01017886,720,214,108,106,506,371,135
2021,Buckinghamshire 025C,E01017887,591,157,61,96,434,345,89
2021,Buckinghamshire 025D,E01017888,795,221,102,119,574,412,162
2021,Buckinghamshire 062A,E01017889,734,212,75,137,522,432,90
2021,Buckinghamshire 062B,E01017890,634,200,81,119,434,340,94
2021,Buckinghamshire 062C,E01017891,715,218,98,120,497,404,93
2021,Buckinghamshire 062D,E01017892,648,189,77,112,459,321,138
2021,Buckinghamshire 062E,E01017893,790,251,115,136,539,440,99
2021,Buckinghamshire 062F,E01017894,684,204,83,121,480,357,123
2021,Buckinghamshire 061A,E01017895,647,192,79,113,455,366,89
2021,Buckinghamshire 061B,E01017896,628,201,90,111,427,308,119
2021,Buckinghamshire 061C,E01017897,863,260,121,139,603,481,122
2021,Buckinghamshire 061D,E01017898,625,185,63,122,440,379,61
2021,Buckinghamshire 048A,E01017899,806,236,76,160,570,485,85
2021,Buckinghamshire 048B,E01017900,586,143,47,96,443,388,55
2021,Buckinghamshire 048C,E01017901,585,184,57,127,401,350,51
2021,Buckinghamshire 048D,E01017902,773,231,73,158,542,463,79
2021,Buckinghamshire 046A,E01017903,746,266,108,158,480,416,64
2021,Buckinghamshire 046B,E01017904,917,298,100,198,619,526,93
2021,Buckinghamshire 046C,E01017905,1156,358,149,209,798,704,94
2021,Buckinghamshire 046D,E01017906,731,332,125,207,399,352,47
2021,Buckinghamshire 046E,E01017907,867,323,120,203,544,467,77
2021,Buckinghamshire 051A,E01017910,1413,330,116,214,1083,915,168
2021,Buckinghamshire 044A,E01017911,845,248,93,155,597,519,78
2021,Buckinghamshire 044B,E01017912,820,222,85,137,598,522,76
2021,Buckinghamshire 044C,E01017913,1167,327,127,200,840,698,142
2021,Buckinghamshire 044D,E01017914,738,201,72,129,537,474,63
2021,Buckinghamshire 037A,E01017915,732,208,74,134,524,441,83
2021,Buckinghamshire 037B,E01017916,587,188,83,105,399,303,96
2021,Buckinghamshire 037C,E01017917,882,245,92,153,637,533,104
2021,Buckinghamshire 037D,E01017918,745,214,77,137,531,452,79
2021,Buckinghamshire 042D,E01017919,748,159,47,112,589,505,84
2021,Buckinghamshire 041A,E01017920,803,204,74,130,599,491,108
2021,Buckinghamshire 041B,E01017921,945,252,90,162,693,573,120
2021,Buckinghamshire 041C,E01017922,1155,336,136,200,819,687,132
2021,Buckinghamshire 041D,E01017923,983,263,80,183,720,630,90
2021,Buckinghamshire 041E,E01017924,819,203,95,108,616,485,131
2021,Buckinghamshire 043A,E01017925,1126,331,100,231,795,691,104
2021,Buckinghamshire 043B,E01017926,742,179,52,127,563,501,62
2021,Buckinghamshire 043C,E01017927,835,260,107,153,575,499,76
2021,Buckinghamshire 043D,E01017928,711,199,54,145,512,448,64
2021,Buckinghamshire 026A,E01017929,746,224,73,151,522,441,81
2021,Buckinghamshire 026B,E01017930,954,256,120,136,698,526,172
2021,Buckinghamshire 026C,E01017931,728,197,65,132,531,440,91
2021,Buckinghamshire 026D,E01017932,680,236,93,143,444,333,111
2021,Buckinghamshire 026E,E01017933,842,292,117,175,550,433,117
2021,Buckinghamshire 056A,E01017934,920,261,95,166,659,552,107
2021,Buckinghamshire 056B,E01017935,1105,323,125,198,782,633,149
2021,Buckinghamshire 056C,E01017936,730,195,82,113,535,423,112
2021,Buckinghamshire 045A,E01017937,703,259,133,126,444,319,125
2021,Buckinghamshire 045B,E01017938,617,190,80,110,427,323,104
2021,Buckinghamshire 056D,E01017939,778,198,79,119,580,483,97
2021,Buckinghamshire 045C,E01017940,902,236,106,130,666,567,99
2021,Buckinghamshire 051B,E01017941,770,219,82,137,551,460,91
2021,Buckinghamshire 045D,E01017942,681,212,87,125,469,387,82
2021,Cambridge 006A,E01017943,1292,337,151,186,955,779,176
2021,Cambridge 006B,E01017944,724,253,92,161,471,424,47
2021,Cambridge 006C,E01017945,1088,263,96,167,825,716,109
2021,Cambridge 006D,E01017946,800,242,74,168,558,501,57
2021,Cambridge 006E,E01017947,897,306,102,204,591,519,72
2021,Cambridge 006F,E01017948,710,216,91,125,494,442,52
2021,Cambridge 002A,E01017949,893,216,84,132,677,581,96
2021,Cambridge 002B,E01017950,691,185,90,95,506,398,108
2021,Cambridge 002C,E01017951,767,196,79,117,571,494,77
2021,Cambridge 002D,E01017952,783,244,81,163,539,486,53
2021,Cambridge 002E,E01017953,942,270,112,158,672,600,72
2021,Cambridge 002F,E01017954,748,213,71,142,535,474,61
2021,Cambridge 005A,E01017955,742,208,91,117,534,446,88
2021,Cambridge 011A,E01017959,943,216,61,155,727,648,79
2021,Cambridge 011B,E01017960,723,203,80,123,520,472,48
2021,Cambridge 011C,E01017961,630,180,72,108,450,396,54
2021,Cambridge 011D,E01017962,1006,272,79,193,734,655,79
2021,Cambridge 011E,E01017963,850,225,83,142,625,560,65
2021,Cambridge 011F,E01017964,684,182,71,111,502,454,48
2021,Cambridge 010A,E01017965,834,254,98,156,580,515,65
2021,Cambridge 010C,E01017967,863,292,105,187,571,510,61
2021,Cambridge 010D,E01017968,874,217,87,130,657,554,103
2021,Cambridge 010E,E01017969,981,247,96,151,734,608,126
2021,Cambridge 003B,E01017971,873,248,78,170,625,560,65
2021,Cambridge 003C,E01017972,918,237,86,151,681,582,99
2021,Cambridge 003D,E01017973,820,227,82,145,593,542,51
2021,Cambridge 003E,E01017974,938,266,95,171,672,601,71
2021,Cambridge 001A,E01017975,1244,394,113,281,850,765,85
2021,Cambridge 001B,E01017976,995,237,85,152,758,659,99
2021,Cambridge 001C,E01017977,952,262,90,172,690,620,70
2021,Cambridge 001D,E01017978,719,234,73,161,485,437,48
2021,Cambridge 001E,E01017979,767,229,67,162,538,480,58
2021,Cambridge 001F,E01017980,959,190,69,121,769,702,67
2021,Cambridge 007C,E01017983,1403,377,204,173,1026,793,233
2021,Cambridge 007E,E01017985,784,228,102,126,556,419,137
2021,Cambridge 008A,E01017987,1016,219,85,134,797,623,174
2021,Cambridge 008B,E01017988,770,252,135,117,518,380,138
2021,Cambridge 008C,E01017989,1198,315,114,201,883,742,141
2021,Cambridge 008D,E01017990,765,155,80,75,610,494,116
2021,Cambridge 008E,E01017991,598,180,81,99,418,330,88
2021,Cambridge 013A,E01017992,1015,263,81,182,752,631,121
2021,Cambridge 013C,E01017994,856,203,61,142,653,569,84
2021,Cambridge 013D,E01017995,1088,263,110,153,825,657,168
2021,Cambridge 013E,E01017996,856,205,93,112,651,515,136
2021,Cambridge 009A,E01017997,1531,362,145,217,1169,1015,154
2021,Cambridge 009B,E01017998,1297,299,79,220,998,879,119
2021,Cambridge 009C,E01017999,1233,403,150,253,830,742,88
2021,Cambridge 009D,E01018000,1103,263,103,160,840,703,137
2021,Cambridge 009E,E01018001,1013,220,100,120,793,664,129
2021,Cambridge 014A,E01018005,780,186,90,96,594,458,136
2021,Cambridge 004A,E01018006,921,216,74,142,705,614,91
2021,Cambridge 004B,E01018007,758,244,104,140,514,415,99
2021,Cambridge 004C,E01018008,892,275,106,169,617,499,118
2021,Cambridge 004D,E01018009,1125,306,139,167,819,648,171
2021,Cambridge 004E,E01018010,941,221,105,116,720,599,121
2021,East Cambridgeshire 009A,E01018011,1218,373,148,225,845,689,156
2021,East Cambridgeshire 009B,E01018012,764,266,91,175,498,428,70
2021,East Cambridgeshire 008A,E01018013,894,269,93,176,625,516,109
2021,East Cambridgeshire 008B,E01018014,950,282,93,189,668,557,111
2021,East Cambridgeshire 008C,E01018015,708,206,73,133,502,397,105
2021,East Cambridgeshire 008D,E01018016,652,209,63,146,443,377,66
2021,East Cambridgeshire 011A,E01018017,620,201,79,122,419,325,94
2021,East Cambridgeshire 011B,E01018019,500,125,47,78,375,301,74
2021,East Cambridgeshire 002A,E01018020,804,243,99,144,561,428,133
2021,East Cambridgeshire 002B,E01018021,760,245,95,150,515,426,89
2021,East Cambridgeshire 002C,E01018022,702,204,79,125,498,406,92
2021,East Cambridgeshire 011C,E01018023,1128,326,120,206,802,598,204
2021,East Cambridgeshire 004A,E01018024,543,177,73,104,366,283,83
2021,East Cambridgeshire 004B,E01018025,810,186,67,119,624,519,105
2021,East Cambridgeshire 004C,E01018026,775,214,68,146,561,448,113
2021,East Cambridgeshire 003A,E01018027,859,216,68,148,643,526,117
2021,East Cambridgeshire 003D,E01018032,1203,340,126,214,863,720,143
2021,East Cambridgeshire 003E,E01018033,909,248,84,164,661,570,91
2021,East Cambridgeshire 007A,E01018034,878,262,93,169,616,507,109
2021,East Cambridgeshire 007B,E01018035,1130,329,122,207,801,621,180
2021,East Cambridgeshire 005A,E01018036,808,237,88,149,571,469,102
2021,East Cambridgeshire 005B,E01018037,751,264,94,170,487,379,108
2021,East Cambridgeshire 005C,E01018038,828,258,102,156,570,472,98
2021,East Cambridgeshire 005D,E01018039,644,196,73,123,448,376,72
2021,East Cambridgeshire 007C,E01018040,681,202,87,115,479,384,95
2021,East Cambridgeshire 007D,E01018041,617,194,66,128,423,353,70
2021,East Cambridgeshire 001A,E01018042,672,197,64,133,475,397,78
2021,East Cambridgeshire 001B,E01018043,1144,296,89,207,848,713,135
2021,East Cambridgeshire 001C,E01018044,931,241,84,157,690,567,123
2021,East Cambridgeshire 001D,E01018045,776,212,77,135,564,465,99
2021,East Cambridgeshire 006A,E01018047,1082,317,105,212,765,622,143
2021,East Cambridgeshire 006C,E01018049,1016,277,102,175,739,586,153
2021,East Cambridgeshire 006D,E01018050,747,219,74,145,528,436,92
2021,East Cambridgeshire 006E,E01018051,1253,332,102,230,921,792,129
2021,East Cambridgeshire 006F,E01018052,1005,259,102,157,746,605,141
2021,East Cambridgeshire 005E,E01018053,814,232,83,149,582,468,114
2021,East Cambridgeshire 005F,E01018054,1293,356,113,243,937,783,154
2021,East Cambridgeshire 002D,E01018055,1065,302,101,201,763,629,134
2021,East Cambridgeshire 002E,E01018056,1018,299,107,192,719,623,96
2021,East Cambridgeshire 009C,E01018057,1036,322,132,190,714,551,163
2021,Fenland 008A,E01018058,662,188,65,123,474,395,79
2021,Fenland 008B,E01018059,714,207,69,138,507,399,108
2021,Fenland 008C,E01018060,985,268,85,183,717,557,160
2021,Fenland 008D,E01018061,662,172,48,124,490,390,100
2021,Fenland 011A,E01018062,1216,324,94,230,892,737,155
2021,Fenland 002A,E01018063,1411,307,95,212,1104,944,160
2021,Fenland 006A,E01018064,1207,317,101,216,890,738,152
2021,Fenland 010A,E01018065,1216,337,129,208,879,705,174
2021,Fenland 004A,E01018066,652,178,57,121,474,403,71
2021,Fenland 004B,E01018067,851,262,83,179,589,480,109
2021,Fenland 004C,E01018068,709,218,78,140,491,385,106
2021,Fenland 003A,E01018069,874,239,80,159,635,524,111
2021,Fenland 003B,E01018070,1000,218,63,155,782,679,103
2021,Fenland 003C,E01018071,880,234,81,153,646,538,108
2021,Fenland 006B,E01018072,1142,311,105,206,831,703,128
2021,Fenland 002B,E01018073,1197,285,92,193,912,791,121
2021,Fenland 006C,E01018074,545,156,52,104,389,333,56
2021,Fenland 006D,E01018075,481,134,37,97,347,286,61
2021,Fenland 010B,E01018076,1229,342,120,222,887,710,177
2021,Fenland 007A,E01018077,913,273,95,178,640,521,119
2021,Fenland 007B,E01018078,659,192,57,135,467,355,112
2021,Fenland 007C,E01018079,661,189,43,146,472,386,86
2021,Fenland 007D,E01018080,1044,295,99,196,749,628,121
2021,Fenland 005A,E01018081,788,264,128,136,524,418,106
2021,Fenland 005B,E01018082,974,284,101,183,690,574,116
2021,Fenland 005C,E01018083,872,221,75,146,651,544,107
2021,Fenland 005D,E01018084,900,256,93,163,644,539,105
2021,Fenland 009A,E01018085,693,189,63,126,504,404,100
2021,Fenland 009B,E01018086,883,280,103,177,603,487,116
2021,Fenland 009C,E01018087,1031,278,94,184,753,638,115
2021,Fenland 009D,E01018088,659,180,54,126,479,392,87
2021,Fenland 004D,E01018090,847,250,78,172,597,468,129
2021,Fenland 004E,E01018091,743,209,83,126,534,425,109
2021,Fenland 004F,E01018092,824,262,92,170,562,429,133
2021,Fenland 003E,E01018093,1170,342,131,211,828,674,154
2021,Fenland 001A,E01018094,743,226,64,162,517,432,85
2021,Fenland 001B,E01018095,754,217,77,140,537,424,113
2021,Fenland 001C,E01018096,762,192,60,132,570,482,88
2021,Fenland 001D,E01018097,656,209,71,138,447,356,91
2021,Fenland 006E,E01018098,562,176,59,117,386,318,68
2021,Fenland 006F,E01018099,587,172,62,110,415,344,71
2021,Fenland 006G,E01018100,674,164,37,127,510,428,82
2021,Fenland 006H,E01018101,706,208,70,138,498,419,79
2021,Fenland 003F,E01018103,494,120,34,86,374,326,48
2021,Fenland 003G,E01018104,530,145,39,106,385,333,52
2021,Fenland 011C,E01018105,583,120,29,91,463,397,66
2021,Fenland 011D,E01018106,854,207,68,139,647,537,110
2021,Fenland 002C,E01018107,714,169,46,123,545,449,96
2021,Fenland 002D,E01018108,847,197,64,133,650,543,107
2021,Fenland 002E,E01018109,868,199,52,147,669,543,126
2021,Fenland 011E,E01018110,1321,361,137,224,960,804,156
2021,Fenland 010C,E01018111,1088,316,106,210,772,599,173
2021,Huntingdonshire 010B,E01018113,733,205,86,119,528,434,94
2021,Huntingdonshire 017A,E01018115,662,195,74,121,467,362,105
2021,Huntingdonshire 010D,E01018116,1386,312,113,199,1074,900,174
2021,Huntingdonshire 010E,E01018117,800,215,86,129,585,496,89
2021,Huntingdonshire 010F,E01018118,1100,282,86,196,818,702,116
2021,Huntingdonshire 017B,E01018119,767,223,95,128,544,452,92
2021,Huntingdonshire 017C,E01018120,828,252,97,155,576,483,93
2021,Huntingdonshire 007A,E01018121,673,204,71,133,469,402,67
2021,Huntingdonshire 007B,E01018122,502,152,59,93,350,307,43
2021,Huntingdonshire 007C,E01018123,845,209,72,137,636,536,100
2021,Huntingdonshire 007D,E01018124,955,314,108,206,641,532,109
2021,Huntingdonshire 015A,E01018125,807,245,103,142,562,444,118
2021,Huntingdonshire 015B,E01018126,868,237,89,148,631,461,170
2021,Huntingdonshire 002A,E01018127,730,201,68,133,529,400,129
2021,Huntingdonshire 002B,E01018128,538,160,71,89,378,270,108
2021,Huntingdonshire 016A,E01018129,866,223,73,150,643,526,117
2021,Huntingdonshire 016B,E01018130,997,256,94,162,741,620,121
2021,Huntingdonshire 014A,E01018131,767,198,62,136,569,472,97
2021,Huntingdonshire 014C,E01018133,866,238,73,165,628,536,92
2021,Huntingdonshire 014D,E01018134,1024,259,90,169,765,655,110
2021,Huntingdonshire 018B,E01018136,795,235,92,143,560,430,130
2021,Huntingdonshire 017D,E01018137,885,243,87,156,642,513,129
2021,Huntingdonshire 012A,E01018138,1157,257,96,161,900,796,104
2021,Huntingdonshire 009A,E01018139,854,204,60,144,650,574,76
2021,Huntingdonshire 009B,E01018140,649,154,43,111,495,425,70
2021,Huntingdonshire 009C,E01018141,799,227,81,146,572,467,105
2021,Huntingdonshire 009D,E01018142,629,155,42,113,474,403,71
2021,Huntingdonshire 008A,E01018143,1031,265,99,166,766,684,82
2021,Huntingdonshire 008B,E01018144,851,210,67,143,641,568,73
2021,Huntingdonshire 008C,E01018145,734,202,66,136,532,473,59
2021,Huntingdonshire 008D,E01018146,1084,261,90,171,823,727,96
2021,Huntingdonshire 008E,E01018147,838,253,95,158,585,515,70
2021,Huntingdonshire 012B,E01018148,1536,368,111,257,1168,1033,135
2021,Huntingdonshire 012C,E01018149,888,199,61,138,689,618,71
2021,Huntingdonshire 012D,E01018150,905,221,64,157,684,603,81
2021,Huntingdonshire 015C,E01018152,734,214,87,127,520,380,140
2021,Huntingdonshire 015D,E01018153,820,261,126,135,559,432,127
2021,Huntingdonshire 018C,E01018154,1258,296,86,210,962,797,165
2021,Huntingdonshire 018D,E01018155,733,223,66,157,510,424,86
2021,Huntingdonshire 003A,E01018156,773,241,75,166,532,437,95
2021,Huntingdonshire 003B,E01018157,1110,300,116,184,810,628,182
2021,Huntingdonshire 003C,E01018158,847,207,61,146,640,534,106
2021,Huntingdonshire 003D,E01018159,844,236,83,153,608,489,119
2021,Huntingdonshire 003E,E01018160,717,201,68,133,516,432,84
2021,Huntingdonshire 011A,E01018161,758,208,66,142,550,500,50
2021,Huntingdonshire 011B,E01018162,797,215,72,143,582,516,66
2021,Huntingdonshire 011C,E01018163,762,183,56,127,579,510,69
2021,Huntingdonshire 011D,E01018164,651,174,63,111,477,418,59
2021,Huntingdonshire 011E,E01018165,690,166,60,106,524,458,66
2021,Huntingdonshire 013A,E01018166,658,198,61,137,460,401,59
2021,Huntingdonshire 013B,E01018167,707,203,76,127,504,428,76
2021,Huntingdonshire 013C,E01018168,1044,223,77,146,821,713,108
2021,Huntingdonshire 013D,E01018169,1102,314,99,215,788,690,98
2021,Huntingdonshire 011F,E01018170,651,177,60,117,474,420,54
2021,Huntingdonshire 011G,E01018171,748,223,80,143,525,444,81
2021,Huntingdonshire 020A,E01018172,657,171,62,109,486,400,86
2021,Huntingdonshire 020B,E01018173,681,159,50,109,522,447,75
2021,Huntingdonshire 020C,E01018174,791,227,76,151,564,475,89
2021,Huntingdonshire 020D,E01018175,650,185,59,126,465,382,83
2021,Huntingdonshire 020E,E01018176,565,170,80,90,395,319,76
2021,Huntingdonshire 022A,E01018177,693,198,86,112,495,427,68
2021,Huntingdonshire 022B,E01018178,782,211,76,135,571,485,86
2021,Huntingdonshire 022C,E01018179,734,177,63,114,557,481,76
2021,Huntingdonshire 022D,E01018180,623,161,38,123,462,394,68
2021,Huntingdonshire 021B,E01018182,780,179,53,126,601,509,92
2021,Huntingdonshire 021C,E01018183,706,193,57,136,513,454,59
2021,Huntingdonshire 021D,E01018184,615,159,62,97,456,402,54
2021,Huntingdonshire 021E,E01018185,760,189,70,119,571,494,77
2021,Huntingdonshire 021F,E01018186,874,242,85,157,632,540,92
2021,Huntingdonshire 019A,E01018187,1041,242,78,164,799,666,133
2021,Huntingdonshire 019B,E01018188,741,206,65,141,535,473,62
2021,Huntingdonshire 019C,E01018189,617,176,68,108,441,346,95
2021,Huntingdonshire 019D,E01018190,789,208,89,119,581,494,87
2021,Huntingdonshire 004A,E01018191,696,173,57,116,523,437,86
2021,Huntingdonshire 004B,E01018192,953,272,110,162,681,562,119
2021,Huntingdonshire 004C,E01018193,656,148,57,91,508,440,68
2021,Huntingdonshire 004D,E01018194,729,201,83,118,528,430,98
2021,Huntingdonshire 004E,E01018195,625,170,45,125,455,380,75
2021,Huntingdonshire 006A,E01018196,599,164,68,96,435,315,120
2021,Huntingdonshire 006B,E01018197,733,184,59,125,549,478,71
2021,Huntingdonshire 006C,E01018198,831,257,105,152,574,471,103
2021,Huntingdonshire 006D,E01018199,808,229,93,136,579,476,103
2021,Huntingdonshire 002C,E01018200,825,241,95,146,584,466,118
2021,Huntingdonshire 002D,E01018201,739,197,66,131,542,467,75
2021,Huntingdonshire 016C,E01018202,641,211,83,128,430,341,89
2021,Huntingdonshire 016D,E01018203,905,270,102,168,635,535,100
2021,Huntingdonshire 016E,E01018204,655,220,89,131,435,364,71
2021,Huntingdonshire 016F,E01018205,760,233,85,148,527,428,99
2021,Huntingdonshire 006E,E01018206,1320,268,91,177,1052,899,153
2021,Huntingdonshire 006F,E01018207,755,211,61,150,544,446,98
2021,Huntingdonshire 005A,E01018208,1032,273,92,181,759,612,147
2021,Huntingdonshire 005B,E01018209,802,219,82,137,583,469,114
2021,Huntingdonshire 005C,E01018210,661,163,48,115,498,425,73
2021,Huntingdonshire 005D,E01018211,935,290,88,202,645,516,129
2021,Huntingdonshire 001A,E01018212,786,202,66,136,584,487,97
2021,Huntingdonshire 001B,E01018213,1004,274,91,183,730,597,133
2021,Huntingdonshire 001C,E01018214,951,275,76,199,676,585,91
2021,Huntingdonshire 001D,E01018215,779,202,54,148,577,484,93
2021,Huntingdonshire 001E,E01018216,1350,394,137,257,956,810,146
2021,Huntingdonshire 001F,E01018217,733,212,83,129,521,443,78
2021,South Cambridgeshire 016A,E01018218,825,217,82,135,608,473,135
2021,South Cambridgeshire 016B,E01018219,737,252,89,163,485,407,78
2021,South Cambridgeshire 016C,E01018220,716,219,96,123,497,382,115
2021,South Cambridgeshire 022A,E01018221,911,218,75,143,693,612,81
2021,South Cambridgeshire 022B,E01018222,685,201,73,128,484,417,67
2021,South Cambridgeshire 022C,E01018223,1014,286,92,194,728,591,137
2021,South Cambridgeshire 022F,E01018224,717,217,73,144,500,390,110
2021,South Cambridgeshire 022G,E01018225,485,175,67,108,310,238,72
2021,South Cambridgeshire 019A,E01018226,632,183,64,119,449,349,100
2021,South Cambridgeshire 019B,E01018227,967,284,97,187,683,592,91
2021,South Cambridgeshire 019C,E01018228,841,254,106,148,587,471,116
2021,South Cambridgeshire 010A,E01018231,1442,408,123,285,1034,842,192
2021,South Cambridgeshire 010B,E01018232,1087,341,145,196,746,602,144
2021,South Cambridgeshire 002A,E01018233,778,248,81,167,530,436,94
2021,South Cambridgeshire 002B,E01018234,774,224,86,138,550,452,98
2021,South Cambridgeshire 002C,E01018235,821,252,105,147,569,496,73
2021,South Cambridgeshire 002D,E01018236,1046,300,94,206,746,651,95
2021,South Cambridgeshire 003A,E01018237,687,229,69,160,458,379,79
2021,South Cambridgeshire 017A,E01018238,727,202,71,131,525,424,101
2021,South Cambridgeshire 017B,E01018239,757,219,89,130,538,431,107
2021,South Cambridgeshire 014A,E01018240,622,197,71,126,425,345,80
2021,South Cambridgeshire 018A,E01018241,615,176,66,110,439,346,93
2021,South Cambridgeshire 011A,E01018242,810,224,67,157,586,511,75
2021,South Cambridgeshire 011B,E01018243,897,199,59,140,698,628,70
2021,South Cambridgeshire 011C,E01018244,761,217,83,134,544,448,96
2021,South Cambridgeshire 013A,E01018245,828,244,83,161,584,474,110
2021,South Cambridgeshire 013B,E01018246,745,251,92,159,494,397,97
2021,South Cambridgeshire 013C,E01018247,899,278,117,161,621,481,140
2021,South Cambridgeshire 022E,E01018248,966,273,108,165,693,579,114
2021,South Cambridgeshire 010C,E01018251,632,183,55,128,449,391,58
2021,South Cambridgeshire 010D,E01018252,782,218,80,138,564,484,80
2021,South Cambridgeshire 014B,E01018253,584,169,61,108,415,315,100
2021,South Cambridgeshire 014C,E01018254,1032,241,85,156,791,620,171
2021,South Cambridgeshire 010E,E01018255,561,161,63,98,400,311,89
2021,South Cambridgeshire 014D,E01018256,1306,303,98,205,1003,842,161
2021,South Cambridgeshire 006A,E01018257,668,202,78,124,466,408,58
2021,South Cambridgeshire 006B,E01018258,764,227,63,164,537,441,96
2021,South Cambridgeshire 006C,E01018259,730,214,85,129,516,451,65
2021,South Cambridgeshire 006D,E01018260,964,286,98,188,678,564,114
2021,South Cambridgeshire 006F,E01018262,649,184,56,128,465,403,62
2021,South Cambridgeshire 016D,E01018263,755,219,72,147,536,432,104
2021,South Cambridgeshire 016E,E01018264,735,226,70,156,509,442,67
2021,South Cambridgeshire 016F,E01018265,847,248,85,163,599,514,85
2021,South Cambridgeshire 018B,E01018267,1068,306,114,192,762,651,111
2021,South Cambridgeshire 018C,E01018268,1028,330,135,195,698,570,128
2021,South Cambridgeshire 018D,E01018269,738,198,89,109,540,461,79
2021,South Cambridgeshire 018E,E01018270,570,180,72,108,390,304,86
2021,South Cambridgeshire 018F,E01018271,759,238,78,160,521,445,76
2021,South Cambridgeshire 007A,E01018272,807,211,84,127,596,512,84
2021,South Cambridgeshire 007B,E01018273,691,178,65,113,513,465,48
2021,South Cambridgeshire 007C,E01018274,954,215,75,140,739,658,81
2021,South Cambridgeshire 013D,E01018275,1197,404,171,233,793,659,134
2021,South Cambridgeshire 021A,E01018276,798,178,60,118,620,541,79
2021,South Cambridgeshire 021B,E01018277,952,291,111,180,661,537,124
2021,South Cambridgeshire 021C,E01018278,1444,324,114,210,1120,950,170
2021,South Cambridgeshire 015A,E01018279,775,214,80,134,561,481,80
2021,South Cambridgeshire 015B,E01018280,702,189,48,141,513,442,71
2021,South Cambridgeshire 015C,E01018281,694,201,62,139,493,442,51
2021,South Cambridgeshire 015D,E01018282,646,165,63,102,481,408,73
2021,South Cambridgeshire 015E,E01018283,642,172,52,120,470,429,41
2021,South Cambridgeshire 003C,E01018284,659,191,60,131,468,386,82
2021,South Cambridgeshire 003D,E01018285,729,207,65,142,522,449,73
2021,South Cambridgeshire 011D,E01018286,863,224,87,137,639,550,89
2021,South Cambridgeshire 011E,E01018287,765,140,46,94,625,571,54
2021,South Cambridgeshire 017C,E01018288,628,182,76,106,446,360,86
2021,South Cambridgeshire 017D,E01018289,662,182,66,116,480,395,85
2021,South Cambridgeshire 019D,E01018290,1170,374,166,208,796,636,160
2021,South Cambridgeshire 014E,E01018291,559,163,67,96,396,317,79
2021,South Cambridgeshire 012A,E01018292,725,182,68,114,543,435,108
2021,South Cambridgeshire 012B,E01018293,707,207,83,124,500,369,131
2021,South Cambridgeshire 012C,E01018294,917,200,67,133,717,626,91
2021,South Cambridgeshire 012D,E01018295,785,202,74,128,583,469,114
2021,South Cambridgeshire 011F,E01018296,509,141,56,85,368,280,88
2021,South Cambridgeshire 007D,E01018297,929,249,97,152,680,566,114
2021,South Cambridgeshire 004A,E01018298,992,199,83,116,793,697,96
2021,South Cambridgeshire 004B,E01018299,1225,334,108,226,891,792,99
2021,South Cambridgeshire 004C,E01018300,593,171,71,100,422,356,66
2021,South Cambridgeshire 004D,E01018301,706,192,73,119,514,438,76
2021,South Cambridgeshire 017E,E01018302,863,232,91,141,631,496,135
2021,South Cambridgeshire 017F,E01018303,591,177,65,112,414,329,85
2021,South Cambridgeshire 001A,E01018304,1099,326,109,217,773,656,117
2021,South Cambridgeshire 001B,E01018305,631,182,69,113,449,369,80
2021,South Cambridgeshire 001C,E01018306,829,254,106,148,575,457,118
2021,South Cambridgeshire 001D,E01018307,1115,341,125,216,774,661,113
2021,Cheshire West and Chester 022A,E01018308,939,298,119,179,641,492,149
2021,Cheshire West and Chester 029A,E01018309,705,244,71,173,461,407,54
2021,Cheshire West and Chester 029B,E01018310,648,257,70,187,391,342,49
2021,Cheshire West and Chester 029C,E01018311,588,212,54,158,376,334,42
2021,Cheshire West and Chester 029D,E01018312,696,260,80,180,436,383,53
2021,Cheshire West and Chester 031A,E01018313,622,206,70,136,416,374,42
2021,Cheshire West and Chester 031B,E01018314,734,276,97,179,458,416,42
2021,Cheshire West and Chester 031C,E01018315,536,168,47,121,368,313,55
2021,Cheshire West and Chester 031D,E01018316,569,206,62,144,363,327,36
2021,Cheshire West and Chester 031E,E01018317,669,215,73,142,454,406,48
2021,Cheshire West and Chester 036A,E01018319,1204,319,116,203,885,760,125
2021,Cheshire West and Chester 041A,E01018320,703,192,58,134,511,438,73
2021,Cheshire West and Chester 041B,E01018321,534,156,55,101,378,319,59
2021,Cheshire West and Chester 041C,E01018322,433,141,44,97,292,238,54
2021,Cheshire West and Chester 039A,E01018323,715,215,83,132,500,392,108
2021,Cheshire West and Chester 039B,E01018324,615,196,82,114,419,343,76
2021,Cheshire West and Chester 039C,E01018325,669,217,78,139,452,370,82
2021,Cheshire West and Chester 034B,E01018328,574,292,136,156,282,251,31
2021,Cheshire West and Chester 034D,E01018330,604,236,113,123,368,334,34
2021,Cheshire West and Chester 034E,E01018331,902,316,137,179,586,516,70
2021,Cheshire West and Chester 043A,E01018332,469,123,37,86,346,290,56
2021,Cheshire West and Chester 043B,E01018333,626,184,78,106,442,345,97
2021,Cheshire West and Chester 043C,E01018334,666,211,70,141,455,382,73
2021,Cheshire West and Chester 046A,E01018335,1100,303,118,185,797,596,201
2021,Cheshire West and Chester 022B,E01018336,601,158,50,108,443,389,54
2021,Cheshire West and Chester 022C,E01018337,611,164,42,122,447,370,77
2021,Cheshire West and Chester 022D,E01018338,903,238,86,152,665,570,95
2021,Cheshire West and Chester 047A,E01018339,1220,371,120,251,849,696,153
2021,Cheshire West and Chester 043D,E01018340,688,221,72,149,467,401,66
2021,Cheshire West and Chester 043E,E01018341,427,130,49,81,297,257,40
2021,Cheshire West and Chester 043F,E01018342,956,275,88,187,681,587,94
2021,Cheshire West and Chester 033C,E01018343,872,219,79,140,653,584,69
2021,Cheshire West and Chester 036B,E01018344,1152,291,113,178,861,754,107
2021,Cheshire West and Chester 032A,E01018345,641,213,62,151,428,365,63
2021,Cheshire West and Chester 032B,E01018346,713,191,66,125,522,439,83
2021,Cheshire West and Chester 032C,E01018347,612,185,59,126,427,385,42
2021,Cheshire West and Chester 030A,E01018349,833,258,97,161,575,433,142
2021,Cheshire West and Chester 030B,E01018350,964,307,142,165,657,496,161
2021,Cheshire West and Chester 044A,E01018351,559,205,62,143,354,323,31
2021,Cheshire West and Chester 044B,E01018352,1062,274,88,186,788,691,97
2021,Cheshire West and Chester 044C,E01018353,741,220,76,144,521,454,67
2021,Cheshire West and Chester 044D,E01018354,703,248,89,159,455,402,53
2021,Cheshire West and Chester 047B,E01018355,610,207,68,139,403,315,88
2021,Cheshire West and Chester 047C,E01018356,851,296,132,164,555,417,138
2021,Cheshire West and Chester 047D,E01018357,944,322,114,208,622,476,146
2021,Cheshire West and Chester 022E,E01018358,606,185,72,113,421,328,93
2021,Cheshire West and Chester 022F,E01018359,473,129,45,84,344,276,68
2021,Cheshire West and Chester 025A,E01018360,1431,469,180,289,962,750,212
2021,Cheshire West and Chester 033D,E01018361,791,222,88,134,569,491,78
2021,Cheshire West and Chester 028A,E01018362,797,233,70,163,564,502,62
2021,Cheshire West and Chester 028B,E01018363,457,132,42,90,325,285,40
2021,Cheshire West and Chester 027A,E01018364,648,230,70,160,418,365,53
2021,Cheshire West and Chester 027B,E01018365,810,242,75,167,568,486,82
2021,Cheshire West and Chester 025B,E01018366,655,227,86,141,428,360,68
2021,Cheshire West and Chester 025C,E01018367,926,276,90,186,650,533,117
2021,Cheshire West and Chester 030C,E01018368,713,191,64,127,522,426,96
2021,Cheshire West and Chester 046B,E01018369,818,268,117,151,550,401,149
2021,Cheshire West and Chester 030D,E01018370,759,235,90,145,524,430,94
2021,Cheshire West and Chester 046C,E01018371,1010,310,109,201,700,524,176
2021,Cheshire West and Chester 046D,E01018372,1017,327,135,192,690,528,162
2021,Cheshire West and Chester 047E,E01018373,1079,330,136,194,749,537,212
2021,Cheshire West and Chester 028C,E01018374,879,265,102,163,614,507,107
2021,Cheshire West and Chester 028D,E01018375,967,305,117,188,662,579,83
2021,Cheshire West and Chester 028E,E01018376,809,239,83,156,570,485,85
2021,Cheshire West and Chester 028F,E01018377,1071,270,93,177,801,687,114
2021,Cheshire West and Chester 027C,E01018378,551,199,65,134,352,312,40
2021,Cheshire West and Chester 027D,E01018379,573,175,63,112,398,354,44
2021,Cheshire West and Chester 027E,E01018380,501,160,58,102,341,284,57
2021,Cheshire West and Chester 036C,E01018381,593,169,53,116,424,357,67
2021,Cheshire West and Chester 036D,E01018382,720,180,61,119,540,479,61
2021,Cheshire West and Chester 032D,E01018383,732,205,65,140,527,447,80
2021,Cheshire West and Chester 032E,E01018384,689,209,66,143,480,432,48
2021,Cheshire West and Chester 039D,E01018385,859,281,104,177,578,465,113
2021,Cheshire East 042A,E01018386,1033,277,98,179,756,619,137
2021,Cheshire East 040A,E01018387,787,230,81,149,557,463,94
2021,Cheshire East 040B,E01018388,644,212,72,140,432,375,57
2021,Cheshire East 040C,E01018389,771,224,81,143,547,460,87
2021,Cheshire East 040D,E01018390,715,221,73,148,494,409,85
2021,Cheshire East 042B,E01018391,1240,305,99,206,935,812,123
2021,Cheshire East 042C,E01018392,834,245,87,158,589,489,100
2021,Cheshire East 026A,E01018395,956,259,85,174,697,566,131
2021,Cheshire East 026B,E01018396,591,182,67,115,409,358,51
2021,Cheshire East 028A,E01018397,1043,296,102,194,747,622,125
2021,Cheshire East 027A,E01018398,698,193,70,123,505,413,92
2021,Cheshire East 027B,E01018399,889,233,77,156,656,557,99
2021,Cheshire East 026C,E01018400,1103,323,101,222,780,670,110
2021,Cheshire East 026D,E01018401,723,238,89,149,485,406,79
2021,Cheshire East 027C,E01018402,950,264,68,196,686,600,86
2021,Cheshire East 027D,E01018403,1221,388,148,240,833,707,126
2021,Cheshire East 029A,E01018404,688,219,74,145,469,384,85
2021,Cheshire East 029B,E01018405,689,174,52,122,515,429,86
2021,Cheshire East 029C,E01018406,657,214,98,116,443,349,94
2021,Cheshire East 029D,E01018407,726,222,75,147,504,428,76
2021,Cheshire East 028B,E01018408,862,253,81,172,609,534,75
2021,Cheshire East 028C,E01018409,886,246,81,165,640,547,93
2021,Cheshire East 028D,E01018410,827,256,96,160,571,475,96
2021,Cheshire East 022B,E01018411,1069,351,151,200,718,539,179
2021,Cheshire East 022C,E01018412,686,220,85,135,466,351,115
2021,Cheshire East 023A,E01018413,790,226,85,141,564,446,118
2021,Cheshire East 023B,E01018414,630,187,72,115,443,368,75
2021,Cheshire East 023C,E01018415,734,217,83,134,517,445,72
2021,Cheshire East 023D,E01018416,800,236,100,136,564,471,93
2021,Cheshire East 033B,E01018417,696,187,69,118,509,413,96
2021,Cheshire East 033C,E01018418,716,220,84,136,496,368,128
2021,Cheshire East 025A,E01018419,1310,342,95,247,968,833,135
2021,Cheshire East 025B,E01018420,1104,305,117,188,799,684,115
2021,Cheshire East 025C,E01018421,713,178,56,122,535,465,70
2021,Cheshire East 025D,E01018422,681,190,72,118,491,405,86
2021,Cheshire East 025E,E01018423,611,172,55,117,439,387,52
2021,Cheshire East 024A,E01018424,869,241,97,144,628,532,96
2021,Cheshire East 024B,E01018425,775,209,81,128,566,464,102
2021,Cheshire East 024C,E01018426,687,187,55,132,500,433,67
2021,Cheshire East 024D,E01018427,588,169,77,92,419,375,44
2021,Cheshire East 033D,E01018428,629,197,71,126,432,356,76
2021,Cheshire East 033E,E01018429,656,220,77,143,436,365,71
2021,Cheshire East 033F,E01018430,633,184,47,137,449,395,54
2021,Cheshire East 033G,E01018431,648,180,51,129,468,370,98
2021,Cheshire East 032A,E01018432,613,179,55,124,434,360,74
2021,Cheshire East 032B,E01018433,650,173,65,108,477,384,93
2021,Cheshire East 032C,E01018434,696,201,73,128,495,421,74
2021,Cheshire East 032D,E01018435,652,198,63,135,454,385,69
2021,Cheshire East 030A,E01018436,728,211,69,142,517,442,75
2021,Cheshire East 030B,E01018437,747,218,64,154,529,447,82
2021,Cheshire East 030C,E01018438,541,164,60,104,377,324,53
2021,Cheshire East 030D,E01018439,997,259,102,157,738,630,108
2021,Cheshire East 031A,E01018440,1475,369,106,263,1106,922,184
2021,Cheshire East 031B,E01018441,1235,310,81,229,925,780,145
2021,Cheshire East 031D,E01018443,1114,284,104,180,830,702,128
2021,Cheshire East 045A,E01018445,958,239,80,159,719,621,98
2021,Cheshire East 045B,E01018446,710,224,56,168,486,423,63
2021,Cheshire East 045C,E01018447,1155,260,69,191,895,770,125
2021,Cheshire East 045D,E01018448,929,247,71,176,682,598,84
2021,Cheshire East 051A,E01018449,712,265,119,146,447,322,125
2021,Cheshire East 051B,E01018450,1263,387,167,220,876,654,222
2021,Cheshire East 047A,E01018451,567,200,80,120,367,325,42
2021,Cheshire East 050A,E01018452,495,180,62,118,315,274,41
2021,Cheshire East 047B,E01018454,741,228,65,163,513,442,71
2021,Cheshire East 047C,E01018455,612,192,64,128,420,355,65
2021,Cheshire East 047D,E01018456,470,134,59,75,336,286,50
2021,Cheshire East 047E,E01018457,728,195,61,134,533,450,83
2021,Cheshire East 051C,E01018458,1041,315,130,185,726,559,167
2021,Cheshire East 036A,E01018459,539,174,55,119,365,326,39
2021,Cheshire East 036B,E01018460,597,166,42,124,431,382,49
2021,Cheshire East 036C,E01018461,684,192,48,144,492,437,55
2021,Cheshire East 039A,E01018462,852,234,78,156,618,546,72
2021,Cheshire East 035A,E01018463,721,203,62,141,518,455,63
2021,Cheshire East 039B,E01018464,818,222,67,155,596,517,79
2021,Cheshire East 036D,E01018466,1131,322,113,209,809,738,71
2021,Cheshire East 041B,E01018468,778,206,75,131,572,504,68
2021,Cheshire East 041C,E01018469,767,212,67,145,555,468,87
2021,Cheshire East 041D,E01018470,955,267,89,178,688,582,106
2021,Cheshire East 041E,E01018471,717,210,82,128,507,434,73
2021,Cheshire East 034A,E01018472,690,173,43,130,517,452,65
2021,Cheshire East 034B,E01018473,891,238,79,159,653,576,77
2021,Cheshire East 034C,E01018474,1036,297,92,205,739,631,108
2021,Cheshire East 034D,E01018475,1001,277,80,197,724,633,91
2021,Cheshire East 035B,E01018476,538,177,51,126,361,327,34
2021,Cheshire East 035C,E01018477,690,209,57,152,481,418,63
2021,Cheshire East 035D,E01018478,858,243,63,180,615,560,55
2021,Cheshire East 035E,E01018479,1271,326,99,227,945,819,126
2021,Cheshire East 051D,E01018481,993,323,154,169,670,442,228
2021,Cheshire East 037A,E01018482,619,192,61,131,427,371,56
2021,Cheshire East 037B,E01018483,591,166,49,117,425,371,54
2021,Cheshire East 037C,E01018484,1069,271,66,205,798,714,84
2021,Cheshire East 037D,E01018485,698,220,67,153,478,424,54
2021,Cheshire East 043A,E01018486,879,184,35,149,695,613,82
2021,Cheshire East 043B,E01018487,962,219,64,155,743,643,100
2021,Cheshire East 043C,E01018488,844,248,72,176,596,538,58
2021,Cheshire East 043D,E01018489,887,159,58,101,728,587,141
2021,Cheshire East 046A,E01018490,833,213,76,137,620,537,83
2021,Cheshire East 046B,E01018491,757,216,69,147,541,444,97
2021,Cheshire East 046C,E01018492,470,132,35,97,338,294,44
2021,Cheshire East 048A,E01018493,598,192,54,138,406,350,56
2021,Cheshire East 048B,E01018494,1496,379,134,245,1117,955,162
2021,Cheshire East 048C,E01018495,769,215,71,144,554,477,77
2021,Cheshire East 039C,E01018496,808,210,53,157,598,512,86
2021,Cheshire East 039D,E01018497,634,147,42,105,487,431,56
2021,Cheshire East 039E,E01018498,776,197,62,135,579,521,58
2021,Cheshire East 038A,E01018499,792,199,52,147,593,527,66
2021,Cheshire East 038B,E01018500,509,136,49,87,373,323,50
2021,Cheshire East 038C,E01018501,672,164,42,122,508,461,47
2021,Cheshire East 038D,E01018502,677,139,42,97,538,493,45
2021,Cheshire East 050C,E01018503,691,227,86,141,464,368,96
2021,Cheshire East 050D,E01018504,732,225,74,151,507,423,84
2021,Cheshire East 046D,E01018505,618,175,63,112,443,365,78
2021,Cheshire East 046E,E01018506,666,207,79,128,459,398,61
2021,Cheshire East 046F,E01018507,568,188,63,125,380,321,59
2021,Cheshire East 048D,E01018508,653,183,62,121,470,386,84
2021,Cheshire East 048E,E01018509,582,157,54,103,425,365,60
2021,Cheshire East 044A,E01018510,927,234,70,164,693,612,81
2021,Cheshire East 044B,E01018511,619,162,52,110,457,403,54
2021,Cheshire East 044C,E01018512,789,234,63,171,555,467,88
2021,Cheshire East 044D,E01018513,773,215,54,161,558,495,63
2021,Cheshire East 051E,E01018514,949,299,118,181,650,486,164
2021,Cheshire East 053F,E01018515,1170,337,126,211,833,580,253
2021,Cheshire East 053C,E01018516,778,229,75,154,549,446,103
2021,Cheshire West and Chester 004A,E01018518,639,221,83,138,418,302,116
2021,Cheshire West and Chester 007A,E01018519,702,226,79,147,476,433,43
2021,Cheshire West and Chester 007B,E01018520,1014,285,83,202,729,653,76
2021,Cheshire West and Chester 011A,E01018521,571,189,54,135,382,343,39
2021,Cheshire West and Chester 010A,E01018522,603,196,65,131,407,366,41
2021,Cheshire West and Chester 008A,E01018523,649,220,60,160,429,387,42
2021,Cheshire West and Chester 008B,E01018524,556,230,72,158,326,285,41
2021,Cheshire West and Chester 007C,E01018525,817,254,67,187,563,510,53
2021,Cheshire West and Chester 016A,E01018526,776,247,62,185,529,484,45
2021,Cheshire West and Chester 016B,E01018527,787,233,74,159,554,497,57
2021,Cheshire West and Chester 009A,E01018528,929,231,66,165,698,611,87
2021,Cheshire West and Chester 009B,E01018529,629,173,60,113,456,400,56
2021,Cheshire West and Chester 009C,E01018530,752,213,74,139,539,452,87
2021,Cheshire West and Chester 009D,E01018531,789,208,64,144,581,501,80
2021,Cheshire West and Chester 006A,E01018532,830,274,93,181,556,478,78
2021,Cheshire West and Chester 006B,E01018533,584,199,66,133,385,317,68
2021,Cheshire West and Chester 001A,E01018534,1052,335,100,235,717,620,97
2021,Cheshire West and Chester 001B,E01018535,683,253,81,172,430,364,66
2021,Cheshire West and Chester 001C,E01018536,747,242,101,141,505,414,91
2021,Cheshire West and Chester 001D,E01018537,784,266,102,164,518,407,111
2021,Cheshire West and Chester 010B,E01018538,536,186,47,139,350,315,35
2021,Cheshire West and Chester 010C,E01018539,572,186,46,140,386,343,43
2021,Cheshire West and Chester 010D,E01018540,727,219,65,154,508,447,61
2021,Cheshire West and Chester 008C,E01018541,643,192,64,128,451,394,57
2021,Cheshire West and Chester 008D,E01018542,574,211,57,154,363,317,46
2021,Cheshire West and Chester 008E,E01018543,614,172,59,113,442,391,51
2021,Cheshire West and Chester 006C,E01018544,655,188,66,122,467,393,74
2021,Cheshire West and Chester 006D,E01018545,818,262,91,171,556,484,72
2021,Cheshire West and Chester 005A,E01018546,709,254,67,187,455,402,53
2021,Cheshire West and Chester 005B,E01018547,610,173,54,119,437,387,50
2021,Cheshire West and Chester 005C,E01018548,955,238,73,165,717,630,87
2021,Cheshire West and Chester 005D,E01018549,670,213,68,145,457,409,48
2021,Cheshire West and Chester 011B,E01018550,456,162,54,108,294,254,40
2021,Cheshire West and Chester 011C,E01018551,627,217,68,149,410,379,31
2021,Cheshire West and Chester 011D,E01018552,1359,433,127,306,926,798,128
2021,Cheshire West and Chester 011E,E01018553,754,230,74,156,524,459,65
2021,Cheshire West and Chester 016C,E01018554,990,275,82,193,715,635,80
2021,Cheshire West and Chester 016D,E01018555,599,157,54,103,442,391,51
2021,Cheshire West and Chester 013A,E01018556,603,204,64,140,399,343,56
2021,Cheshire West and Chester 013B,E01018557,582,202,71,131,380,335,45
2021,Cheshire West and Chester 013C,E01018558,640,164,42,122,476,425,51
2021,Cheshire West and Chester 013D,E01018559,543,150,33,117,393,349,44
2021,Cheshire West and Chester 009E,E01018560,573,164,47,117,409,359,50
2021,Cheshire West and Chester 009F,E01018561,598,152,54,98,446,374,72
2021,Cheshire West and Chester 009G,E01018562,813,222,72,150,591,520,71
2021,Cheshire West and Chester 014A,E01018565,755,201,65,136,554,477,77
2021,Cheshire West and Chester 014B,E01018566,556,149,54,95,407,349,58
2021,Cheshire West and Chester 014C,E01018567,674,186,47,139,488,427,61
2021,Cheshire West and Chester 014D,E01018568,873,238,89,149,635,536,99
2021,Cheshire West and Chester 004B,E01018569,557,173,69,104,384,310,74
2021,Cheshire West and Chester 004C,E01018570,673,162,67,95,511,413,98
2021,Cheshire West and Chester 004D,E01018571,569,163,65,98,406,329,77
2021,Cheshire East 012A,E01018572,784,233,108,125,551,412,139
2021,Cheshire East 012B,E01018573,655,203,94,109,452,319,133
2021,Cheshire East 012C,E01018574,927,257,116,141,670,540,130
2021,Cheshire East 013A,E01018575,707,237,82,155,470,400,70
2021,Cheshire East 013B,E01018576,994,261,103,158,733,607,126
2021,Cheshire East 013C,E01018577,1125,347,131,216,778,654,124
2021,Cheshire East 013D,E01018578,576,164,61,103,412,344,68
2021,Cheshire East 013E,E01018579,601,194,69,125,407,345,62
2021,Cheshire East 012D,E01018580,801,260,127,133,541,394,147
2021,Cheshire East 012E,E01018581,740,184,76,108,556,453,103
2021,Cheshire East 004A,E01018582,1316,332,124,208,984,789,195
2021,Cheshire East 005A,E01018583,1013,277,100,177,736,632,104
2021,Cheshire East 005B,E01018584,932,282,117,165,650,502,148
2021,Cheshire East 001A,E01018585,654,175,49,126,479,413,66
2021,Cheshire East 001B,E01018586,1070,298,102,196,772,647,125
2021,Cheshire East 001C,E01018587,733,220,93,127,513,408,105
2021,Cheshire East 008A,E01018588,793,253,104,149,540,429,111
2021,Cheshire East 008B,E01018589,719,229,95,134,490,356,134
2021,Cheshire East 008C,E01018590,942,292,102,190,650,507,143
2021,Cheshire East 020A,E01018591,1128,367,122,245,761,586,175
2021,Cheshire East 004B,E01018592,885,254,91,163,631,552,79
2021,Cheshire East 004C,E01018593,806,243,76,167,563,466,97
2021,Cheshire East 004D,E01018594,807,249,81,168,558,502,56
2021,Cheshire East 004E,E01018595,841,234,84,150,607,520,87
2021,Cheshire East 004F,E01018596,942,300,100,200,642,563,79
2021,Cheshire East 007A,E01018598,946,265,105,160,681,488,193
2021,Cheshire East 007B,E01018599,486,158,58,100,328,279,49
2021,Cheshire East 006A,E01018600,751,225,99,126,526,391,135
2021,Cheshire East 006B,E01018601,842,253,107,146,589,479,110
2021,Cheshire East 006C,E01018602,888,249,110,139,639,490,149
2021,Cheshire East 010A,E01018603,578,180,85,95,398,301,97
2021,Cheshire East 010B,E01018604,689,166,62,104,523,430,93
2021,Cheshire East 009A,E01018605,470,139,61,78,331,271,60
2021,Cheshire East 010C,E01018606,690,208,92,116,482,396,86
2021,Cheshire East 010D,E01018607,530,175,80,95,355,264,91
2021,Cheshire East 010E,E01018608,621,191,94,97,430,332,98
2021,Cheshire East 009B,E01018609,704,214,97,117,490,396,94
2021,Cheshire East 009C,E01018610,985,254,95,159,731,612,119
2021,Cheshire East 009D,E01018611,767,260,109,151,507,438,69
2021,Cheshire East 005C,E01018612,653,180,64,116,473,396,77
2021,Cheshire East 005D,E01018613,817,265,85,180,552,473,79
2021,Cheshire East 015A,E01018614,939,289,108,181,650,546,104
2021,Cheshire East 017A,E01018615,691,181,63,118,510,447,63
2021,Cheshire East 017B,E01018616,699,188,71,117,511,437,74
2021,Cheshire East 017C,E01018617,643,183,56,127,460,418,42
2021,Cheshire East 015B,E01018618,694,225,85,140,469,413,56
2021,Cheshire East 015C,E01018619,800,250,85,165,550,458,92
2021,Cheshire East 015D,E01018620,592,208,66,142,384,331,53
2021,Cheshire East 015E,E01018621,671,197,71,126,474,425,49
2021,Cheshire East 018A,E01018622,701,184,61,123,517,454,63
2021,Cheshire East 018B,E01018623,784,220,80,140,564,490,74
2021,Cheshire East 018C,E01018624,1259,295,111,184,964,860,104
2021,Cheshire East 018D,E01018625,834,189,56,133,645,568,77
2021,Cheshire East 018E,E01018627,951,270,78,192,681,621,60
2021,Cheshire East 016B,E01018628,715,212,65,147,503,447,56
2021,Cheshire East 016C,E01018629,909,259,96,163,650,590,60
2021,Cheshire East 016D,E01018630,671,202,71,131,469,428,41
2021,Cheshire East 016E,E01018631,668,205,74,131,463,428,35
2021,Cheshire East 017D,E01018632,935,279,89,190,656,572,84
2021,Cheshire East 017E,E01018633,639,187,56,131,452,380,72
2021,Cheshire East 019A,E01018634,902,255,80,175,647,576,71
2021,Cheshire East 018F,E01018635,634,178,60,118,456,413,43
2021,Cheshire East 018G,E01018636,736,232,89,143,504,444,60
2021,Cheshire East 021A,E01018637,883,277,84,193,606,526,80
2021,Cheshire East 021B,E01018638,635,211,76,135,424,363,61
2021,Cheshire East 021C,E01018639,922,225,78,147,697,604,93
2021,Cheshire East 021D,E01018640,555,172,47,125,383,343,40
2021,Cheshire East 014A,E01018641,760,222,80,142,538,470,68
2021,Cheshire East 014B,E01018642,676,212,77,135,464,390,74
2021,Cheshire East 014C,E01018643,945,302,138,164,643,523,120
2021,Cheshire East 014D,E01018644,652,213,86,127,439,378,61
2021,Cheshire East 019B,E01018645,717,229,64,165,488,433,55
2021,Cheshire East 019C,E01018646,813,299,89,210,514,467,47
2021,Cheshire East 019D,E01018647,706,251,82,169,455,390,65
2021,Cheshire East 007C,E01018648,1134,367,146,221,767,565,202
2021,Cheshire East 007D,E01018649,561,192,75,117,369,257,112
2021,Cheshire East 007E,E01018650,861,260,103,157,601,470,131
2021,Cheshire East 007F,E01018651,639,202,87,115,437,345,92
2021,Cheshire East 006D,E01018652,756,212,101,111,544,431,113
2021,Cheshire East 008D,E01018653,1007,300,109,191,707,560,147
2021,Cheshire East 007G,E01018654,1119,326,142,184,793,595,198
2021,Cheshire East 003A,E01018655,665,204,81,123,461,391,70
2021,Cheshire East 002A,E01018657,502,166,53,113,336,287,49
2021,Cheshire East 003C,E01018658,555,176,58,118,379,334,45
2021,Cheshire East 003D,E01018659,494,175,77,98,319,248,71
2021,Cheshire East 001D,E01018661,564,196,82,114,368,298,70
2021,Cheshire East 002B,E01018662,618,195,73,122,423,366,57
2021,Cheshire East 002C,E01018663,669,211,89,122,458,372,86
2021,Cheshire East 002D,E01018664,602,211,68,143,391,338,53
2021,Cheshire East 002E,E01018665,564,179,58,121,385,327,58
2021,Cheshire East 011A,E01018666,739,237,115,122,502,353,149
2021,Cheshire East 011B,E01018667,693,237,104,133,456,331,125
2021,Cheshire East 011C,E01018668,784,246,117,129,538,389,149
2021,Cheshire East 020C,E01018669,1247,409,169,240,838,642,196
2021,Cheshire East 020D,E01018670,1091,384,167,217,707,541,166
2021,Cheshire West and Chester 012A,E01018671,558,162,49,113,396,342,54
2021,Cheshire West and Chester 012B,E01018672,801,256,73,183,545,460,85
2021,Cheshire West and Chester 012C,E01018673,542,155,46,109,387,336,51
2021,Cheshire West and Chester 012D,E01018674,805,238,88,150,567,487,80
2021,Cheshire West and Chester 003A,E01018675,923,274,83,191,649,508,141
2021,Cheshire West and Chester 024A,E01018676,814,220,78,142,594,502,92
2021,Cheshire West and Chester 024B,E01018677,725,223,80,143,502,382,120
2021,Cheshire West and Chester 024C,E01018678,519,152,63,89,367,310,57
2021,Cheshire West and Chester 024D,E01018679,1057,254,88,166,803,667,136
2021,Cheshire West and Chester 026A,E01018680,867,254,103,151,613,487,126
2021,Cheshire West and Chester 026B,E01018681,784,219,74,145,565,481,84
2021,Cheshire West and Chester 026C,E01018682,633,169,66,103,464,384,80
2021,Cheshire West and Chester 026D,E01018683,844,238,88,150,606,497,109
2021,Cheshire West and Chester 015A,E01018684,1032,297,114,183,735,576,159
2021,Cheshire West and Chester 002A,E01018685,553,180,67,113,373,329,44
2021,Cheshire West and Chester 002B,E01018686,821,200,69,131,621,541,80
2021,Cheshire West and Chester 002C,E01018687,545,170,60,110,375,308,67
2021,Cheshire West and Chester 002D,E01018688,723,194,72,122,529,433,96
2021,Cheshire West and Chester 002E,E01018689,605,162,60,102,443,380,63
2021,Cheshire West and Chester 002F,E01018690,982,274,105,169,708,579,129
2021,Cheshire West and Chester 023A,E01018691,759,202,69,133,557,455,102
2021,Cheshire West and Chester 024E,E01018692,946,279,118,161,667,519,148
2021,Cheshire West and Chester 023B,E01018693,922,276,116,160,646,538,108
2021,Cheshire West and Chester 023C,E01018694,1030,301,109,192,729,591,138
2021,Cheshire West and Chester 015B,E01018695,1082,272,96,176,810,712,98
2021,Cheshire West and Chester 015C,E01018696,689,187,58,129,502,426,76
2021,Cheshire West and Chester 015D,E01018697,886,266,92,174,620,539,81
2021,Cheshire West and Chester 015E,E01018698,847,288,120,168,559,437,122
2021,Cheshire West and Chester 021A,E01018699,776,214,54,160,562,478,84
2021,Cheshire West and Chester 023D,E01018700,1045,288,103,185,757,641,116
2021,Cheshire West and Chester 021B,E01018701,613,225,64,161,388,347,41
2021,Cheshire West and Chester 023E,E01018702,802,208,71,137,594,506,88
2021,Cheshire West and Chester 023F,E01018703,985,276,94,182,709,595,114
2021,Cheshire West and Chester 017A,E01018704,621,195,70,125,426,375,51
2021,Cheshire West and Chester 017B,E01018705,705,239,73,166,466,399,67
2021,Cheshire West and Chester 017C,E01018706,935,245,75,170,690,613,77
2021,Cheshire West and Chester 045A,E01018707,776,258,121,137,518,399,119
2021,Cheshire West and Chester 003B,E01018708,1039,316,136,180,723,550,173
2021,Cheshire West and Chester 020A,E01018709,792,252,67,185,540,467,73
2021,Cheshire West and Chester 020B,E01018710,644,197,67,130,447,381,66
2021,Cheshire West and Chester 020C,E01018711,780,223,69,154,557,482,75
2021,Cheshire West and Chester 020D,E01018712,749,205,68,137,544,471,73
2021,Cheshire West and Chester 018B,E01018714,905,286,89,197,619,545,74
2021,Cheshire West and Chester 018C,E01018715,924,253,67,186,671,592,79
2021,Cheshire West and Chester 021C,E01018716,646,210,64,146,436,385,51
2021,Cheshire West and Chester 021D,E01018717,926,259,88,171,667,589,78
2021,Cheshire West and Chester 017D,E01018718,1012,254,74,180,758,678,80
2021,Cheshire West and Chester 021E,E01018719,743,203,60,143,540,469,71
2021,Cheshire West and Chester 021F,E01018720,856,220,76,144,636,557,79
2021,Cheshire West and Chester 003C,E01018721,1076,343,141,202,733,539,194
2021,Cheshire West and Chester 017E,E01018722,1255,375,140,235,880,626,254
2021,Cheshire West and Chester 045B,E01018723,676,185,61,124,491,383,108
2021,Cheshire West and Chester 045C,E01018724,739,246,82,164,493,401,92
2021,Cheshire West and Chester 045D,E01018725,734,239,100,139,495,343,152
2021,Cheshire West and Chester 019A,E01018726,679,230,70,160,449,390,59
2021,Cheshire West and Chester 019B,E01018727,787,221,100,121,566,473,93
2021,Cheshire West and Chester 019C,E01018728,765,231,72,159,534,466,68
2021,Cheshire West and Chester 019D,E01018729,767,266,77,189,501,435,66
2021,Cheshire West and Chester 040A,E01018730,664,184,53,131,480,437,43
2021,Cheshire West and Chester 042A,E01018731,1061,263,78,185,798,698,100
2021,Cheshire West and Chester 038A,E01018732,658,183,59,124,475,423,52
2021,Cheshire West and Chester 035A,E01018733,637,163,62,101,474,412,62
2021,Cheshire West and Chester 035B,E01018734,536,155,44,111,381,335,46
2021,Cheshire West and Chester 042B,E01018735,674,170,30,140,504,448,56
2021,Cheshire West and Chester 037A,E01018736,898,222,67,155,676,584,92
2021,Cheshire West and Chester 037B,E01018737,1189,277,91,186,912,792,120
2021,Cheshire West and Chester 040B,E01018738,588,207,62,145,381,333,48
2021,Cheshire West and Chester 040C,E01018739,846,214,56,158,632,558,74
2021,Cheshire West and Chester 042C,E01018740,498,159,59,100,339,301,38
2021,Cheshire West and Chester 040D,E01018741,561,142,48,94,419,359,60
2021,Cheshire West and Chester 042D,E01018742,1185,315,93,222,870,740,130
2021,Cheshire West and Chester 037C,E01018743,624,171,56,115,453,397,56
2021,Cheshire West and Chester 037D,E01018744,837,212,72,140,625,553,72
2021,Cheshire West and Chester 038B,E01018745,656,199,67,132,457,407,50
2021,Cheshire West and Chester 038C,E01018746,847,222,65,157,625,539,86
2021,Cheshire West and Chester 038D,E01018747,879,237,77,160,642,562,80
2021,Cheshire West and Chester 035C,E01018748,582,157,47,110,425,367,58
2021,Cheshire West and Chester 035D,E01018749,1401,342,94,248,1059,940,119
2021,Cornwall 013A,E01018750,1063,353,89,264,710,601,109
2021,Cornwall 013B,E01018751,620,211,67,144,409,331,78
2021,Cornwall 013C,E01018752,1010,343,111,232,667,540,127
2021,Cornwall 010A,E01018753,805,262,88,174,543,414,129
2021,Cornwall 010B,E01018754,806,269,87,182,537,450,87
2021,Cornwall 010C,E01018755,645,241,84,157,404,324,80
2021,Cornwall 010D,E01018756,652,266,97,169,386,315,71
2021,Cornwall 023A,E01018757,934,339,139,200,595,464,131
2021,Cornwall 028A,E01018759,655,230,82,148,425,324,101
2021,Cornwall 028B,E01018760,586,218,83,135,368,278,90
2021,Cornwall 028C,E01018761,666,261,107,154,405,299,106
2021,Cornwall 037A,E01018762,532,215,98,117,317,260,57
2021,Cornwall 023B,E01018763,570,171,61,110,399,320,79
2021,Cornwall 022A,E01018764,707,267,100,167,440,325,115
2021,Cornwall 023C,E01018765,628,227,96,131,401,298,103
2021,Cornwall 028D,E01018766,709,278,121,157,431,300,131
2021,Cornwall 017A,E01018767,577,199,56,143,378,329,49
2021,Cornwall 016B,E01018768,1003,304,88,216,699,598,101
2021,Cornwall 017B,E01018770,506,183,48,135,323,262,61
2021,Cornwall 017C,E01018771,626,197,88,109,429,345,84
2021,Cornwall 017D,E01018772,733,251,81,170,482,398,84
2021,Cornwall 037B,E01018773,630,247,87,160,383,315,68
2021,Cornwall 028E,E01018774,774,292,117,175,482,383,99
2021,Cornwall 012A,E01018777,914,331,142,189,583,431,152
2021,Cornwall 016D,E01018778,795,274,107,167,521,384,137
2021,Cornwall 013D,E01018779,1017,332,107,225,685,518,167
2021,Cornwall 034A,E01018780,953,390,117,273,563,452,111
2021,Cornwall 034B,E01018781,736,319,133,186,417,334,83
2021,Cornwall 012B,E01018782,660,230,85,145,430,337,93
2021,Cornwall 012C,E01018783,691,245,92,153,446,351,95
2021,Cornwall 012D,E01018784,708,251,78,173,457,322,135
2021,Cornwall 023D,E01018785,873,310,129,181,563,420,143
2021,Cornwall 025A,E01018786,551,169,46,123,382,327,55
2021,Cornwall 022B,E01018787,761,242,88,154,519,420,99
2021,Cornwall 025B,E01018788,513,180,51,129,333,277,56
2021,Cornwall 026A,E01018789,601,209,57,152,392,359,33
2021,Cornwall 025C,E01018790,469,164,49,115,305,257,48
2021,Cornwall 026B,E01018791,513,180,69,111,333,285,48
2021,Cornwall 026C,E01018792,1318,411,140,271,907,758,149
2021,Cornwall 026D,E01018793,800,278,93,185,522,437,85
2021,Cornwall 025D,E01018794,630,226,81,145,404,350,54
2021,Cornwall 022C,E01018795,538,172,60,112,366,296,70
2021,Cornwall 022D,E01018796,587,199,48,151,388,327,61
2021,Cornwall 029A,E01018797,483,149,35,114,334,276,58
2021,Cornwall 029B,E01018798,660,198,62,136,462,383,79
2021,Cornwall 029C,E01018799,494,154,41,113,340,290,50
2021,Cornwall 029D,E01018800,750,212,69,143,538,469,69
2021,Cornwall 063A,E01018803,675,270,144,126,405,321,84
2021,Cornwall 063B,E01018804,840,423,228,195,417,352,65
2021,Cornwall 063C,E01018805,618,269,136,133,349,281,68
2021,Cornwall 063D,E01018806,753,335,136,199,418,350,68
2021,Cornwall 044A,E01018807,921,294,118,176,627,524,103
2021,Cornwall 044B,E01018808,743,275,96,179,468,377,91
2021,Cornwall 044D,E01018810,673,218,76,142,455,380,75
2021,Cornwall 064A,E01018811,816,268,92,176,548,477,71
2021,Cornwall 064B,E01018812,864,335,102,233,529,439,90
2021,Cornwall 064C,E01018813,792,279,89,190,513,438,75
2021,Cornwall 064D,E01018814,761,276,84,192,485,417,68
2021,Cornwall 032A,E01018815,1265,428,132,296,837,678,159
2021,Cornwall 047A,E01018816,574,239,91,148,335,251,84
2021,Cornwall 047B,E01018817,942,333,133,200,609,483,126
2021,Cornwall 047C,E01018818,677,251,91,160,426,356,70
2021,Cornwall 043A,E01018819,763,253,74,179,510,449,61
2021,Cornwall 047D,E01018820,901,301,103,198,600,491,109
2021,Cornwall 047E,E01018821,954,285,84,201,669,543,126
2021,Cornwall 043B,E01018822,687,231,69,162,456,403,53
2021,Cornwall 042A,E01018823,708,256,79,177,452,383,69
2021,Cornwall 042B,E01018824,1219,426,121,305,793,675,118
2021,Cornwall 040A,E01018825,808,300,109,191,508,411,97
2021,Cornwall 040B,E01018826,1155,346,75,271,809,668,141
2021,Cornwall 056A,E01018827,577,223,85,138,354,262,92
2021,Cornwall 056B,E01018828,592,235,89,146,357,286,71
2021,Cornwall 056C,E01018829,634,230,76,154,404,334,70
2021,Cornwall 056D,E01018830,615,231,89,142,384,302,82
2021,Cornwall 032B,E01018831,724,247,74,173,477,389,88
2021,Cornwall 032C,E01018832,605,218,78,140,387,311,76
2021,Cornwall 033A,E01018833,892,309,103,206,583,438,145
2021,Cornwall 060A,E01018834,955,363,120,243,592,506,86
2021,Cornwall 060B,E01018835,876,330,139,191,546,482,64
2021,Cornwall 060C,E01018836,733,280,111,169,453,398,55
2021,Cornwall 060D,E01018837,1247,449,179,270,798,680,118
2021,Cornwall 062A,E01018838,609,262,95,167,347,291,56
2021,Cornwall 062B,E01018839,536,228,105,123,308,260,48
2021,Cornwall 062C,E01018840,813,389,197,192,424,365,59
2021,Cornwall 062D,E01018841,652,277,115,162,375,344,31
2021,Cornwall 033B,E01018842,790,316,125,191,474,414,60
2021,Cornwall 033C,E01018843,657,253,106,147,404,312,92
2021,Cornwall 033D,E01018844,560,202,69,133,358,295,63
2021,Cornwall 048A,E01018845,870,270,99,171,600,463,137
2021,Cornwall 048B,E01018846,667,212,76,136,455,342,113
2021,Cornwall 032D,E01018847,901,285,88,197,616,496,120
2021,Cornwall 048C,E01018848,849,293,97,196,556,471,85
2021,Cornwall 048D,E01018849,799,312,153,159,487,377,110
2021,Cornwall 048E,E01018850,637,232,96,136,405,308,97
2021,Cornwall 040C,E01018851,548,206,72,134,342,270,72
2021,Cornwall 042C,E01018853,1273,406,139,267,867,708,159
2021,Cornwall 042D,E01018854,603,203,73,130,400,329,71
2021,Cornwall 043D,E01018856,625,197,59,138,428,361,67
2021,Cornwall 043E,E01018857,555,206,51,155,349,312,37
2021,Cornwall 043F,E01018858,605,203,73,130,402,333,69
2021,Cornwall 064E,E01018859,759,314,137,177,445,368,77
2021,Cornwall 062E,E01018860,783,274,84,190,509,443,66
2021,Cornwall 072A,E01018861,664,212,81,131,452,349,103
2021,Cornwall 072B,E01018862,571,225,85,140,346,250,96
2021,Cornwall 059A,E01018863,842,319,107,212,523,430,93
2021,Cornwall 059B,E01018864,843,301,112,189,542,425,117
2021,Cornwall 052A,E01018865,1079,336,85,251,743,650,93
2021,Cornwall 052B,E01018866,1009,328,85,243,681,592,89
2021,Cornwall 052D,E01018868,834,238,79,159,596,528,68
2021,Cornwall 055A,E01018869,769,279,79,200,490,407,83
2021,Cornwall 055B,E01018870,462,158,48,110,304,274,30
2021,Cornwall 055C,E01018871,762,273,70,203,489,419,70
2021,Cornwall 055D,E01018872,556,204,62,142,352,294,58
2021,Cornwall 055E,E01018873,539,160,50,110,379,331,48
2021,Cornwall 053A,E01018874,585,190,56,134,395,337,58
2021,Cornwall 053B,E01018875,478,177,50,127,301,243,58
2021,Cornwall 053C,E01018876,658,251,80,171,407,344,63
2021,Cornwall 053D,E01018877,605,219,82,137,386,332,54
2021,Cornwall 053E,E01018878,693,238,66,172,455,399,56
2021,Cornwall 066A,E01018879,724,313,122,191,411,313,98
2021,Cornwall 066B,E01018880,942,341,127,214,601,475,126
2021,Cornwall 073A,E01018881,903,356,128,228,547,407,140
2021,Cornwall 071A,E01018882,720,257,86,171,463,392,71
2021,Cornwall 071B,E01018883,787,308,99,209,479,414,65
2021,Cornwall 071C,E01018884,809,258,69,189,551,474,77
2021,Cornwall 071D,E01018885,693,262,82,180,431,383,48
2021,Cornwall 071E,E01018886,866,270,93,177,596,485,111
2021,Cornwall 071F,E01018887,916,331,101,230,585,512,73
2021,Cornwall 071G,E01018888,969,333,95,238,636,544,92
2021,Cornwall 045A,E01018889,644,214,53,161,430,372,58
2021,Cornwall 045B,E01018890,710,240,66,174,470,409,61
2021,Cornwall 045C,E01018891,602,221,78,143,381,336,45
2021,Cornwall 045D,E01018892,787,277,103,174,510,425,85
2021,Cornwall 045E,E01018893,542,192,57,135,350,303,47
2021,Cornwall 051A,E01018894,951,306,102,204,645,551,94
2021,Cornwall 051B,E01018895,931,302,76,226,629,542,87
2021,Cornwall 051C,E01018896,598,218,81,137,380,337,43
2021,Cornwall 051D,E01018897,1209,429,162,267,780,679,101
2021,Cornwall 051E,E01018898,482,169,41,128,313,290,23
2021,Cornwall 066C,E01018899,884,383,204,179,501,411,90
2021,Cornwall 066D,E01018900,1006,352,129,223,654,537,117
2021,Cornwall 066E,E01018901,686,257,97,160,429,365,64
2021,Cornwall 073B,E01018902,568,219,74,145,349,259,90
2021,Cornwall 073C,E01018903,556,202,76,126,354,273,81
2021,Cornwall 073D,E01018904,865,352,129,223,513,439,74
2021,Cornwall 072C,E01018905,685,267,110,157,418,336,82
2021,Cornwall 072D,E01018906,510,185,65,120,325,282,43
2021,Cornwall 072E,E01018907,549,229,79,150,320,270,50
2021,Cornwall 046A,E01018908,873,307,103,204,566,489,77
2021,Cornwall 046B,E01018909,839,282,76,206,557,493,64
2021,Cornwall 046C,E01018910,837,274,59,215,563,502,61
2021,Cornwall 046D,E01018911,839,259,70,189,580,499,81
2021,Cornwall 049A,E01018912,974,305,72,233,669,573,96
2021,Cornwall 049B,E01018913,963,306,91,215,657,579,78
2021,Cornwall 049C,E01018914,1008,319,86,233,689,589,100
2021,Cornwall 049D,E01018915,1093,358,80,278,735,647,88
2021,Cornwall 050A,E01018916,676,219,75,144,457,376,81
2021,Cornwall 050B,E01018917,670,239,84,155,431,376,55
2021,Cornwall 050C,E01018918,869,314,113,201,555,471,84
2021,Cornwall 050D,E01018919,726,252,87,165,474,403,71
2021,Cornwall 073E,E01018920,851,354,127,227,497,360,137
2021,Cornwall 059C,E01018921,1104,395,138,257,709,591,118
2021,Cornwall 059D,E01018922,1312,464,168,296,848,653,195
2021,Cornwall 011A,E01018923,635,245,97,148,390,292,98
2021,Cornwall 007A,E01018924,636,251,98,153,385,295,90
2021,Cornwall 006A,E01018925,1034,334,120,214,700,494,206
2021,Cornwall 011B,E01018926,1166,432,143,289,734,551,183
2021,Cornwall 015A,E01018927,757,253,61,192,504,426,78
2021,Cornwall 015B,E01018928,751,226,80,146,525,456,69
2021,Cornwall 015C,E01018929,896,282,75,207,614,536,78
2021,Cornwall 015D,E01018930,573,214,52,162,359,308,51
2021,Cornwall 015E,E01018931,519,151,53,98,368,320,48
2021,Cornwall 014A,E01018932,708,263,79,184,445,373,72
2021,Cornwall 014B,E01018933,819,263,77,186,556,458,98
2021,Cornwall 014C,E01018934,1289,394,137,257,895,763,132
2021,Cornwall 014D,E01018935,1305,371,116,255,934,798,136
2021,Cornwall 001A,E01018936,691,247,83,164,444,368,76
2021,Cornwall 001B,E01018937,860,369,131,238,491,425,66
2021,Cornwall 001C,E01018938,570,230,83,147,340,273,67
2021,Cornwall 003A,E01018940,696,255,87,168,441,339,102
2021,Cornwall 003B,E01018941,763,334,122,212,429,369,60
2021,Cornwall 003C,E01018942,636,266,109,157,370,286,84
2021,Cornwall 002A,E01018943,1045,387,161,226,658,498,160
2021,Cornwall 011C,E01018944,512,198,78,120,314,244,70
2021,Cornwall 011D,E01018945,630,238,96,142,392,291,101
2021,Cornwall 005A,E01018946,636,224,66,158,412,336,76
2021,Cornwall 005C,E01018948,772,272,93,179,500,396,104
2021,Cornwall 005D,E01018949,553,188,59,129,365,315,50
2021,Cornwall 005E,E01018950,785,238,71,167,547,452,95
2021,Cornwall 002B,E01018951,1035,434,168,266,601,436,165
2021,Cornwall 006B,E01018952,587,200,65,135,387,282,105
2021,Cornwall 004B,E01018953,568,197,74,123,371,265,106
2021,Cornwall 008A,E01018954,775,233,79,154,542,446,96
2021,Cornwall 008B,E01018955,690,269,108,161,421,329,92
2021,Cornwall 008C,E01018956,489,181,76,105,308,224,84
2021,Cornwall 008D,E01018957,736,261,98,163,475,361,114
2021,Cornwall 008E,E01018958,410,160,74,86,250,200,50
2021,Cornwall 001D,E01018959,547,219,101,118,328,257,71
2021,Cornwall 001E,E01018960,1020,385,131,254,635,543,92
2021,Cornwall 001F,E01018961,561,236,106,130,325,265,60
2021,Cornwall 007B,E01018962,899,390,153,237,509,375,134
2021,Cornwall 006C,E01018965,1061,338,116,222,723,527,196
2021,Cornwall 006D,E01018966,490,167,61,106,323,242,81
2021,Cornwall 006E,E01018967,566,211,89,122,355,274,81
2021,Cornwall 004C,E01018968,1173,463,190,273,710,485,225
2021,Cornwall 003D,E01018969,1001,387,160,227,614,444,170
2021,Cornwall 009A,E01018970,750,249,90,159,501,408,93
2021,Cornwall 009B,E01018971,805,291,109,182,514,420,94
2021,Cornwall 009C,E01018972,776,237,67,170,539,438,101
2021,Cornwall 009D,E01018973,698,239,71,168,459,384,75
2021,Cornwall 002C,E01018974,1216,428,180,248,788,527,261
2021,Cornwall 061A,E01018975,912,382,134,248,530,444,86
2021,Cornwall 067A,E01018976,892,337,104,233,555,451,104
2021,Cornwall 067B,E01018977,564,218,53,165,346,293,53
2021,Cornwall 057A,E01018978,668,240,68,172,428,363,65
2021,Cornwall 061B,E01018979,714,253,70,183,461,366,95
2021,Cornwall 061C,E01018980,729,273,89,184,456,363,93
2021,Cornwall 057B,E01018981,890,320,88,232,570,480,90
2021,Cornwall 057C,E01018982,935,344,111,233,591,496,95
2021,Cornwall 057D,E01018983,631,214,65,149,417,343,74
2021,Cornwall 058A,E01018985,1006,427,168,259,579,458,121
2021,Cornwall 058B,E01018986,561,221,90,131,340,269,71
2021,Cornwall 058C,E01018987,930,379,139,240,551,417,134
2021,Cornwall 065A,E01018988,726,311,110,201,415,348,67
2021,Cornwall 065B,E01018989,846,362,132,230,484,374,110
2021,Cornwall 061D,E01018990,747,312,100,212,435,343,92
2021,Cornwall 065C,E01018991,639,264,80,184,375,310,65
2021,Cornwall 069A,E01018992,798,350,123,227,448,355,93
2021,Cornwall 069B,E01018993,657,246,62,184,411,347,64
2021,Cornwall 067C,E01018994,702,278,94,184,424,363,61
2021,Cornwall 068A,E01018995,775,333,114,219,442,368,74
2021,Cornwall 067D,E01018996,609,239,92,147,370,302,68
2021,Cornwall 067E,E01018997,553,229,71,158,324,284,40
2021,Cornwall 068B,E01018998,636,230,68,162,406,340,66
2021,Cornwall 068C,E01018999,677,262,80,182,415,347,68
2021,Cornwall 070A,E01019000,555,227,76,151,328,270,58
2021,Cornwall 068D,E01019001,644,250,87,163,394,305,89
2021,Cornwall 070B,E01019002,462,189,85,104,273,202,71
2021,Cornwall 070C,E01019003,768,315,117,198,453,345,108
2021,Cornwall 070D,E01019004,607,262,86,176,345,283,62
2021,Cornwall 069C,E01019005,891,379,149,230,512,377,135
2021,Cornwall 065D,E01019006,688,282,109,173,406,290,116
2021,Cornwall 061E,E01019007,1097,409,151,258,688,543,145
2021,Cornwall 054A,E01019008,548,238,101,137,310,252,58
2021,Cornwall 054B,E01019009,705,315,130,185,390,305,85
2021,Cornwall 054C,E01019010,543,222,88,134,321,262,59
2021,Cornwall 054D,E01019011,619,254,104,150,365,276,89
2021,Cornwall 054E,E01019012,500,190,84,106,310,249,61
2021,Cornwall 036A,E01019013,882,301,80,221,581,499,82
2021,Cornwall 036B,E01019014,683,233,80,153,450,383,67
2021,Cornwall 036C,E01019015,645,253,82,171,392,336,56
2021,Cornwall 036D,E01019016,939,316,79,237,623,537,86
2021,Cornwall 021A,E01019018,656,235,83,152,421,362,59
2021,Cornwall 021B,E01019019,861,339,124,215,522,446,76
2021,Cornwall 021C,E01019020,830,295,123,172,535,447,88
2021,Cornwall 021D,E01019021,783,270,83,187,513,432,81
2021,Cornwall 021E,E01019022,765,277,97,180,488,411,77
2021,Cornwall 021F,E01019023,837,299,87,212,538,473,65
2021,Cornwall 035A,E01019024,674,250,90,160,424,346,78
2021,Cornwall 035B,E01019025,631,242,93,149,389,310,79
2021,Cornwall 035C,E01019026,561,233,92,141,328,271,57
2021,Cornwall 035D,E01019027,522,232,100,132,290,230,60
2021,Cornwall 020A,E01019028,1065,362,132,230,703,589,114
2021,Cornwall 020B,E01019029,802,289,111,178,513,425,88
2021,Cornwall 020C,E01019030,1050,358,126,232,692,580,112
2021,Cornwall 020D,E01019031,822,266,110,156,556,451,105
2021,Cornwall 038A,E01019032,585,180,57,123,405,345,60
2021,Cornwall 039A,E01019033,610,228,70,158,382,319,63
2021,Cornwall 038B,E01019034,700,234,72,162,466,407,59
2021,Cornwall 027A,E01019035,774,266,107,159,508,409,99
2021,Cornwall 027B,E01019036,787,285,102,183,502,395,107
2021,Cornwall 027C,E01019037,728,256,98,158,472,376,96
2021,Cornwall 041A,E01019038,440,177,76,101,263,195,68
2021,Cornwall 041B,E01019039,530,195,91,104,335,242,93
2021,Cornwall 041C,E01019040,556,231,88,143,325,264,61
2021,Cornwall 039B,E01019041,711,252,75,177,459,397,62
2021,Cornwall 039C,E01019042,775,273,80,193,502,425,77
2021,Cornwall 039D,E01019043,829,278,94,184,551,454,97
2021,Cornwall 039E,E01019044,616,206,56,150,410,356,54
2021,Cornwall 038C,E01019045,1284,413,119,294,871,752,119
2021,Cornwall 039F,E01019046,584,194,54,140,390,326,64
2021,Cornwall 038D,E01019047,666,236,72,164,430,362,68
2021,Cornwall 018A,E01019048,907,331,131,200,576,476,100
2021,Cornwall 018C,E01019050,867,284,100,184,583,493,90
2021,Cornwall 018D,E01019051,690,227,67,160,463,390,73
2021,Cornwall 024A,E01019052,983,324,112,212,659,530,129
2021,Cornwall 024B,E01019053,1069,335,99,236,734,616,118
2021,Cornwall 024C,E01019054,945,286,85,201,659,554,105
2021,Cornwall 024D,E01019055,667,204,48,156,463,391,72
2021,Cornwall 031A,E01019056,508,186,62,124,322,271,51
2021,Cornwall 031B,E01019057,901,327,99,228,574,498,76
2021,Cornwall 031C,E01019058,1096,408,143,265,688,586,102
2021,Cornwall 031D,E01019059,650,236,88,148,414,335,79
2021,Cornwall 019A,E01019060,660,240,101,139,420,312,108
2021,Cornwall 019B,E01019061,853,280,79,201,573,481,92
2021,Cornwall 019C,E01019062,726,247,71,176,479,417,62
2021,Cornwall 019D,E01019063,1123,407,120,287,716,592,124
2021,Cornwall 019E,E01019064,1104,395,126,269,709,582,127
2021,Cornwall 019F,E01019065,636,201,54,147,435,387,48
2021,Cornwall 041D,E01019066,665,232,86,146,433,320,113
2021,Cornwall 041E,E01019067,586,195,74,121,391,301,90
2021,Cornwall 041F,E01019068,632,223,77,146,409,340,69
2021,Cornwall 030A,E01019069,614,179,53,126,435,362,73
2021,Cornwall 030B,E01019070,945,326,101,225,619,524,95
2021,Cornwall 030C,E01019071,846,307,106,201,539,428,111
2021,Cornwall 030D,E01019072,639,202,53,149,437,379,58
2021,Cornwall 030E,E01019073,706,225,83,142,481,381,100
2021,Cornwall 027D,E01019074,822,275,83,192,547,472,75
2021,Cornwall 027E,E01019075,900,293,85,208,607,512,95
2021,Cornwall 027F,E01019076,941,316,86,230,625,532,93
2021,Isles of Scilly 001A,E01019077,1114,346,134,212,768,597,171
2021,Allerdale 007A,E01019078,631,191,78,113,440,380,60
2021,Allerdale 007B,E01019079,571,186,64,122,385,336,49
2021,Allerdale 007C,E01019080,938,311,100,211,627,542,85
2021,Allerdale 003A,E01019081,782,241,76,165,541,425,116
2021,Allerdale 003B,E01019082,709,238,66,172,471,392,79
2021,Allerdale 002A,E01019083,908,312,142,170,596,425,171
2021,Allerdale 006A,E01019084,760,210,62,148,550,494,56
2021,Allerdale 006B,E01019085,990,331,114,217,659,566,93
2021,Allerdale 006C,E01019086,490,146,52,94,344,267,77
2021,Allerdale 007D,E01019087,705,230,81,149,475,396,79
2021,Allerdale 006D,E01019088,876,275,107,168,601,506,95
2021,Allerdale 011A,E01019089,748,232,43,189,516,444,72
2021,Allerdale 007E,E01019090,683,243,118,125,440,296,144
2021,Allerdale 006E,E01019091,835,245,92,153,590,453,137
2021,Allerdale 012A,E01019092,674,219,93,126,455,355,100
2021,Allerdale 004A,E01019093,759,228,68,160,531,444,87
2021,Allerdale 004B,E01019094,1054,274,88,186,780,679,101
2021,Allerdale 005A,E01019095,542,203,66,137,339,299,40
2021,Allerdale 004C,E01019096,953,283,71,212,670,591,79
2021,Allerdale 005B,E01019097,684,258,85,173,426,379,47
2021,Allerdale 005C,E01019098,811,248,59,189,563,496,67
2021,Allerdale 005D,E01019099,757,241,55,186,516,450,66
2021,Allerdale 011B,E01019100,1052,265,81,184,787,704,83
2021,Allerdale 011C,E01019101,648,181,48,133,467,422,45
2021,Allerdale 003C,E01019102,743,233,68,165,510,368,142
2021,Allerdale 012C,E01019104,576,204,85,119,372,298,74
2021,Allerdale 012E,E01019106,608,231,99,132,377,279,98
2021,Allerdale 002B,E01019107,717,255,83,172,462,324,138
2021,Allerdale 010A,E01019108,617,219,51,168,398,362,36
2021,Allerdale 010B,E01019109,736,237,77,160,499,446,53
2021,Allerdale 010C,E01019110,633,242,70,172,391,357,34
2021,Allerdale 009A,E01019111,855,281,69,212,574,500,74
2021,Allerdale 009B,E01019112,619,232,63,169,387,342,45
2021,Allerdale 009C,E01019113,577,215,68,147,362,331,31
2021,Allerdale 004D,E01019114,707,217,60,157,490,441,49
2021,Allerdale 004E,E01019115,633,196,50,146,437,378,59
2021,Allerdale 008A,E01019116,561,153,46,107,408,358,50
2021,Allerdale 010D,E01019117,711,199,55,144,512,459,53
2021,Allerdale 008B,E01019118,694,219,59,160,475,430,45
2021,Allerdale 010E,E01019119,656,195,47,148,461,420,41
2021,Allerdale 009D,E01019120,806,253,75,178,553,503,50
2021,Allerdale 009E,E01019121,783,255,72,183,528,475,53
2021,Allerdale 008C,E01019122,528,200,72,128,328,300,28
2021,Allerdale 008D,E01019123,809,222,51,171,587,537,50
2021,Allerdale 008E,E01019124,984,249,66,183,735,663,72
2021,Allerdale 008F,E01019125,642,174,51,123,468,420,48
2021,Allerdale 001A,E01019126,691,217,76,141,474,378,96
2021,Allerdale 001B,E01019127,626,208,74,134,418,337,81
2021,Allerdale 003D,E01019128,746,257,80,177,489,348,141
2021,Allerdale 011D,E01019129,1047,293,77,216,754,667,87
2021,Allerdale 002C,E01019130,875,268,78,190,607,453,154
2021,Allerdale 002D,E01019131,972,330,123,207,642,439,203
2021,Allerdale 001C,E01019132,918,271,85,186,647,431,216
2021,Allerdale 003E,E01019133,763,239,88,151,524,385,139
2021,Allerdale 001D,E01019134,616,215,72,143,401,340,61
2021,Allerdale 001E,E01019135,668,219,71,148,449,381,68
2021,Allerdale 001F,E01019136,1009,300,83,217,709,594,115
2021,Allerdale 001G,E01019137,440,161,52,109,279,241,38
2021,Barrow-in-Furness 010A,E01019138,526,163,49,114,363,326,37
2021,Barrow-in-Furness 010B,E01019139,418,120,30,90,298,260,38
2021,Barrow-in-Furness 008A,E01019141,485,158,42,116,327,289,38
2021,Barrow-in-Furness 008B,E01019142,526,197,64,133,329,307,22
2021,Barrow-in-Furness 008C,E01019143,529,177,41,136,352,317,35
2021,Barrow-in-Furness 001A,E01019144,675,199,75,124,476,417,59
2021,Barrow-in-Furness 001B,E01019145,1054,292,80,212,762,681,81
2021,Barrow-in-Furness 001C,E01019146,675,221,77,144,454,393,61
2021,Barrow-in-Furness 001D,E01019147,795,241,75,166,554,498,56
2021,Barrow-in-Furness 002A,E01019148,639,189,55,134,450,401,49
2021,Barrow-in-Furness 002B,E01019149,808,226,66,160,582,500,82
2021,Barrow-in-Furness 002C,E01019150,742,212,57,155,530,483,47
2021,Barrow-in-Furness 002D,E01019151,600,181,52,129,419,375,44
2021,Barrow-in-Furness 003A,E01019152,611,135,36,99,476,419,57
2021,Barrow-in-Furness 003B,E01019153,492,120,36,84,372,337,35
2021,Barrow-in-Furness 003C,E01019154,516,138,45,93,378,341,37
2021,Barrow-in-Furness 003D,E01019155,452,150,45,105,302,275,27
2021,Barrow-in-Furness 004A,E01019156,476,172,56,116,304,281,23
2021,Barrow-in-Furness 008D,E01019157,591,222,57,165,369,336,33
2021,Barrow-in-Furness 008E,E01019158,472,152,43,109,320,295,25
2021,Barrow-in-Furness 004B,E01019159,613,183,50,133,430,397,33
2021,Barrow-in-Furness 007B,E01019160,575,185,56,129,390,360,30
2021,Barrow-in-Furness 006A,E01019161,1008,280,78,202,728,663,65
2021,Barrow-in-Furness 003E,E01019162,824,212,46,166,612,568,44
2021,Barrow-in-Furness 003F,E01019163,572,153,43,110,419,360,59
2021,Barrow-in-Furness 004C,E01019164,554,204,65,139,350,301,49
2021,Barrow-in-Furness 004D,E01019165,556,198,42,156,358,329,29
2021,Barrow-in-Furness 004E,E01019166,605,204,62,142,401,368,33
2021,Barrow-in-Furness 005A,E01019167,767,221,59,162,546,500,46
2021,Barrow-in-Furness 005B,E01019168,640,177,63,114,463,425,38
2021,Barrow-in-Furness 005C,E01019169,700,183,47,136,517,463,54
2021,Barrow-in-Furness 005D,E01019170,685,176,56,120,509,460,49
2021,Barrow-in-Furness 005E,E01019171,616,180,37,143,436,408,28
2021,Barrow-in-Furness 007C,E01019172,632,186,56,130,446,400,46
2021,Barrow-in-Furness 007D,E01019173,553,171,38,133,382,349,33
2021,Barrow-in-Furness 007F,E01019175,666,208,48,160,458,428,30
2021,Barrow-in-Furness 006B,E01019176,858,216,55,161,642,601,41
2021,Barrow-in-Furness 006C,E01019177,615,194,56,138,421,383,38
2021,Barrow-in-Furness 006D,E01019178,791,228,76,152,563,500,63
2021,Barrow-in-Furness 006E,E01019179,570,152,49,103,418,379,39
2021,Barrow-in-Furness 009A,E01019180,701,180,52,128,521,477,44
2021,Barrow-in-Furness 009C,E01019182,715,194,50,144,521,486,35
2021,Barrow-in-Furness 009E,E01019184,676,199,49,150,477,443,34
2021,Barrow-in-Furness 010C,E01019185,641,177,64,113,464,432,32
2021,Barrow-in-Furness 010D,E01019186,593,160,41,119,433,385,48
2021,Barrow-in-Furness 010E,E01019187,573,180,55,125,393,367,26
2021,Carlisle 003A,E01019188,732,256,67,189,476,402,74
2021,Carlisle 003B,E01019189,721,207,60,147,514,445,69
2021,Carlisle 003C,E01019190,751,246,63,183,505,413,92
2021,Carlisle 003D,E01019191,659,208,60,148,451,376,75
2021,Carlisle 005A,E01019192,655,208,59,149,447,391,56
2021,Carlisle 009A,E01019193,868,283,66,217,585,518,67
2021,Carlisle 009B,E01019194,1046,351,102,249,695,614,81
2021,Carlisle 005B,E01019195,652,212,56,156,440,372,68
2021,Carlisle 004A,E01019196,925,276,81,195,649,580,69
2021,Carlisle 011A,E01019197,831,266,82,184,565,504,61
2021,Carlisle 011B,E01019198,614,205,53,152,409,356,53
2021,Carlisle 011C,E01019199,452,157,41,116,295,258,37
2021,Carlisle 002A,E01019200,695,224,81,143,471,373,98
2021,Carlisle 002B,E01019201,564,199,70,129,365,307,58
2021,Carlisle 002C,E01019202,723,240,71,169,483,401,82
2021,Carlisle 005C,E01019203,1137,394,127,267,743,525,218
2021,Carlisle 006A,E01019204,520,131,38,93,389,327,62
2021,Carlisle 008A,E01019205,816,203,55,148,613,542,71
2021,Carlisle 006B,E01019206,911,277,126,151,634,541,93
2021,Carlisle 008B,E01019207,665,192,73,119,473,423,50
2021,Carlisle 012A,E01019208,675,242,73,169,433,372,61
2021,Carlisle 010A,E01019209,699,221,63,158,478,411,67
2021,Carlisle 012B,E01019210,581,222,68,154,359,308,51
2021,Carlisle 010B,E01019211,888,273,74,199,615,531,84
2021,Carlisle 013A,E01019212,789,247,101,146,542,398,144
2021,Carlisle 008C,E01019215,715,228,68,160,487,430,57
2021,Carlisle 010C,E01019216,888,281,100,181,607,536,71
2021,Carlisle 010D,E01019217,885,288,85,203,597,503,94
2021,Carlisle 008D,E01019218,723,245,62,183,478,423,55
2021,Carlisle 007A,E01019219,1033,342,129,213,691,529,162
2021,Carlisle 010E,E01019220,818,236,62,174,582,499,83
2021,Carlisle 011D,E01019221,842,251,68,183,591,526,65
2021,Carlisle 011E,E01019222,796,242,57,185,554,494,60
2021,Carlisle 013D,E01019223,600,213,60,153,387,324,63
2021,Carlisle 007B,E01019224,884,302,117,185,582,454,128
2021,Carlisle 002D,E01019225,996,315,127,188,681,468,213
2021,Carlisle 001A,E01019226,571,194,65,129,377,247,130
2021,Carlisle 001B,E01019227,573,187,49,138,386,302,84
2021,Carlisle 001C,E01019228,841,252,77,175,589,396,193
2021,Carlisle 001D,E01019229,989,302,111,191,687,409,278
2021,Carlisle 009C,E01019230,661,214,63,151,447,388,59
2021,Carlisle 009D,E01019231,756,253,81,172,503,456,47
2021,Carlisle 009E,E01019232,679,226,66,160,453,392,61
2021,Carlisle 008E,E01019233,578,216,60,156,362,306,56
2021,Carlisle 006C,E01019234,620,212,62,150,408,364,44
2021,Carlisle 006D,E01019235,733,233,74,159,500,443,57
2021,Carlisle 010F,E01019236,936,297,89,208,639,565,74
2021,Carlisle 006E,E01019237,689,233,81,152,456,389,67
2021,Carlisle 004B,E01019238,719,239,65,174,480,393,87
2021,Carlisle 007C,E01019239,773,249,88,161,524,366,158
2021,Carlisle 004C,E01019240,1160,351,117,234,809,652,157
2021,Carlisle 004D,E01019241,879,282,92,190,597,503,94
2021,Carlisle 006F,E01019242,588,196,71,125,392,344,48
2021,Carlisle 004E,E01019243,648,228,75,153,420,359,61
2021,Carlisle 003E,E01019244,687,221,51,170,466,395,71
2021,Carlisle 011F,E01019245,635,228,64,164,407,365,42
2021,Carlisle 012C,E01019246,476,150,41,109,326,277,49
2021,Carlisle 012D,E01019247,628,204,68,136,424,378,46
2021,Carlisle 012E,E01019248,471,173,45,128,298,256,42
2021,Carlisle 007D,E01019249,705,234,76,158,471,379,92
2021,Carlisle 007E,E01019250,822,266,96,170,556,420,136
2021,Carlisle 004F,E01019251,1040,326,86,240,714,592,122
2021,Carlisle 009F,E01019252,565,196,54,142,369,333,36
2021,Carlisle 013E,E01019253,794,249,72,177,545,462,83
2021,Carlisle 005D,E01019254,609,198,64,134,411,362,49
2021,Carlisle 005E,E01019255,660,228,58,170,432,378,54
2021,Copeland 004A,E01019256,702,197,65,132,505,449,56
2021,Copeland 007A,E01019257,572,135,50,85,437,369,68
2021,Copeland 007B,E01019258,703,169,53,116,534,453,81
2021,Copeland 008A,E01019259,584,157,53,104,427,336,91
2021,Copeland 002A,E01019260,709,179,49,130,530,486,44
2021,Copeland 003A,E01019261,849,206,61,145,643,589,54
2021,Copeland 003B,E01019262,831,183,51,132,648,602,46
2021,Copeland 004C,E01019264,927,212,57,155,715,656,59
2021,Copeland 004D,E01019265,544,127,32,95,417,376,41
2021,Copeland 004E,E01019266,679,171,47,124,508,447,61
2021,Copeland 004F,E01019267,444,154,39,115,290,264,26
2021,Copeland 001B,E01019269,612,199,61,138,413,374,39
2021,Copeland 001C,E01019270,583,183,44,139,400,353,47
2021,Copeland 006A,E01019271,584,176,51,125,408,366,42
2021,Copeland 006B,E01019272,551,175,62,113,376,334,42
2021,Copeland 006C,E01019273,737,187,60,127,550,506,44
2021,Copeland 006D,E01019274,626,154,45,109,472,413,59
2021,Copeland 006E,E01019275,945,247,63,184,698,643,55
2021,Copeland 004H,E01019277,496,131,27,104,365,326,39
2021,Copeland 004I,E01019278,685,177,49,128,508,456,52
2021,Copeland 007C,E01019279,551,138,42,96,413,322,91
2021,Copeland 002B,E01019280,558,168,63,105,390,339,51
2021,Copeland 002C,E01019281,510,119,30,89,391,359,32
2021,Copeland 002D,E01019282,584,150,34,116,434,407,27
2021,Copeland 008B,E01019283,588,175,70,105,413,374,39
2021,Copeland 003C,E01019284,501,137,33,104,364,338,26
2021,Copeland 003D,E01019285,640,180,54,126,460,414,46
2021,Copeland 003E,E01019286,587,142,42,100,445,401,44
2021,Copeland 003F,E01019287,510,115,30,85,395,360,35
2021,Copeland 003G,E01019288,679,164,45,119,515,483,32
2021,Copeland 008C,E01019289,616,189,69,120,427,397,30
2021,Copeland 008D,E01019290,507,159,55,104,348,317,31
2021,Copeland 005A,E01019291,681,187,56,131,494,449,45
2021,Copeland 005B,E01019292,496,128,37,91,368,329,39
2021,Copeland 008E,E01019293,610,190,60,130,420,318,102
2021,Copeland 005C,E01019294,609,190,56,134,419,372,47
2021,Copeland 005D,E01019295,568,208,52,156,360,309,51
2021,Copeland 005E,E01019296,577,156,42,114,421,374,47
2021,Copeland 008F,E01019298,621,215,46,169,406,383,23
2021,Copeland 008G,E01019299,765,271,82,189,494,460,34
2021,Copeland 007D,E01019300,792,199,69,130,593,522,71
2021,Copeland 005F,E01019301,537,179,58,121,358,322,36
2021,Copeland 005G,E01019302,846,163,45,118,683,617,66
2021,Copeland 007E,E01019303,719,193,71,122,526,459,67
2021,Copeland 007F,E01019304,516,156,72,84,360,266,94
2021,Eden 001A,E01019305,961,357,142,215,604,437,167
2021,Eden 006A,E01019306,564,196,77,119,368,275,93
2021,Eden 006B,E01019307,941,338,123,215,603,474,129
2021,Eden 005A,E01019308,652,203,74,129,449,308,141
2021,Eden 007A,E01019309,1201,417,175,242,784,530,254
2021,Eden 006C,E01019310,694,203,83,120,491,308,183
2021,Eden 005B,E01019311,742,266,109,157,476,330,146
2021,Eden 004A,E01019312,778,262,106,156,516,378,138
2021,Eden 005C,E01019313,664,214,76,138,450,304,146
2021,Eden 001B,E01019314,691,260,119,141,431,295,136
2021,Eden 002A,E01019315,940,303,136,167,637,446,191
2021,Eden 002B,E01019316,718,221,85,136,497,352,145
2021,Eden 007B,E01019317,635,232,81,151,403,255,148
2021,Eden 007C,E01019318,581,228,93,135,353,270,83
2021,Eden 006D,E01019319,848,268,94,174,580,432,148
2021,Eden 001C,E01019320,740,245,87,158,495,341,154
2021,Eden 001D,E01019321,845,315,117,198,530,368,162
2021,Eden 002C,E01019322,804,262,89,173,542,409,133
2021,Eden 006E,E01019323,653,195,66,129,458,328,130
2021,Eden 006F,E01019324,638,227,75,152,411,247,164
2021,Eden 007D,E01019325,756,223,81,142,533,406,127
2021,Eden 004B,E01019326,1066,322,117,205,744,594,150
2021,Eden 003A,E01019327,861,288,101,187,573,493,80
2021,Eden 004C,E01019328,697,243,85,158,454,366,88
2021,Eden 004D,E01019329,544,182,75,107,362,274,88
2021,Eden 004E,E01019330,753,239,96,143,514,436,78
2021,Eden 004F,E01019331,903,285,97,188,618,489,129
2021,Eden 003B,E01019332,566,192,61,131,374,302,72
2021,Eden 003C,E01019333,712,232,71,161,480,394,86
2021,Eden 004G,E01019334,636,215,69,146,421,347,74
2021,Eden 003D,E01019335,814,228,65,163,586,483,103
2021,Eden 003E,E01019336,947,288,100,188,659,541,118
2021,Eden 006G,E01019337,697,242,87,155,455,344,111
2021,Eden 002D,E01019338,758,231,94,137,527,311,216
2021,Eden 005D,E01019339,736,248,134,114,488,329,159
2021,Eden 007E,E01019340,599,215,79,136,384,244,140
2021,South Lakeland 011C,E01019343,602,214,87,127,388,294,94
2021,South Lakeland 008A,E01019344,501,166,71,95,335,269,66
2021,South Lakeland 008B,E01019345,544,167,63,104,377,304,73
2021,South Lakeland 003A,E01019346,898,317,125,192,581,478,103
2021,South Lakeland 011D,E01019347,901,310,104,206,591,471,120
2021,South Lakeland 010A,E01019348,555,188,73,115,367,296,71
2021,South Lakeland 013A,E01019349,831,304,129,175,527,413,114
2021,South Lakeland 008C,E01019350,764,268,118,150,496,369,127
2021,South Lakeland 008D,E01019351,902,252,95,157,650,477,173
2021,South Lakeland 010B,E01019352,1140,413,141,272,727,540,187
2021,South Lakeland 013B,E01019353,621,227,77,150,394,319,75
2021,South Lakeland 013C,E01019354,555,194,83,111,361,287,74
2021,South Lakeland 013D,E01019355,426,171,63,108,255,205,50
2021,South Lakeland 007A,E01019356,702,242,104,138,460,340,120
2021,South Lakeland 013E,E01019357,915,325,134,191,590,514,76
2021,South Lakeland 005A,E01019358,876,306,105,201,570,497,73
2021,South Lakeland 003B,E01019359,1318,474,155,319,844,735,109
2021,South Lakeland 004A,E01019360,1033,340,127,213,693,593,100
2021,South Lakeland 006A,E01019361,909,325,128,197,584,503,81
2021,South Lakeland 005B,E01019362,883,317,116,201,566,503,63
2021,South Lakeland 004B,E01019363,966,332,126,206,634,550,84
2021,South Lakeland 004C,E01019364,1036,369,104,265,667,602,65
2021,South Lakeland 003C,E01019365,1163,413,172,241,750,647,103
2021,South Lakeland 005C,E01019366,827,281,99,182,546,462,84
2021,South Lakeland 006C,E01019368,1177,391,139,252,786,693,93
2021,South Lakeland 006D,E01019369,869,337,129,208,532,468,64
2021,South Lakeland 003D,E01019370,1220,445,172,273,775,653,122
2021,South Lakeland 004D,E01019371,1156,453,157,296,703,614,89
2021,South Lakeland 009A,E01019372,449,174,74,100,275,209,66
2021,South Lakeland 009B,E01019373,605,216,92,124,389,276,113
2021,South Lakeland 001A,E01019374,811,332,160,172,479,376,103
2021,South Lakeland 001B,E01019375,696,242,112,130,454,341,113
2021,South Lakeland 001C,E01019376,722,247,119,128,475,367,108
2021,South Lakeland 010C,E01019377,858,308,120,188,550,403,147
2021,South Lakeland 014A,E01019378,761,256,91,165,505,447,58
2021,South Lakeland 014B,E01019379,651,213,77,136,438,350,88
2021,South Lakeland 014C,E01019380,560,169,57,112,391,319,72
2021,South Lakeland 007B,E01019381,1055,388,159,229,667,478,189
2021,South Lakeland 011E,E01019382,1074,375,129,246,699,575,124
2021,South Lakeland 010D,E01019383,966,338,113,225,628,458,170
2021,South Lakeland 009C,E01019384,1149,418,169,249,731,479,252
2021,South Lakeland 009D,E01019385,498,184,73,111,314,243,71
2021,South Lakeland 007C,E01019386,875,308,126,182,567,433,134
2021,South Lakeland 002A,E01019387,1047,375,167,208,672,532,140
2021,South Lakeland 012A,E01019388,882,288,80,208,594,523,71
2021,South Lakeland 012B,E01019389,1171,385,99,286,786,722,64
2021,South Lakeland 012C,E01019390,979,309,125,184,670,570,100
2021,South Lakeland 014D,E01019391,800,240,76,164,560,492,68
2021,South Lakeland 012D,E01019392,948,283,94,189,665,565,100
2021,South Lakeland 014E,E01019393,846,290,96,194,556,472,84
2021,South Lakeland 005D,E01019394,1238,420,159,261,818,576,242
2021,South Lakeland 001D,E01019395,765,262,115,147,503,385,118
2021,South Lakeland 002B,E01019396,939,338,151,187,601,482,119
2021,South Lakeland 002C,E01019397,922,320,161,159,602,479,123
2021,Amber Valley 001A,E01019400,797,225,82,143,572,508,64
2021,Amber Valley 001B,E01019401,742,216,65,151,526,449,77
2021,Amber Valley 001C,E01019402,1009,251,77,174,758,662,96
2021,Amber Valley 003A,E01019403,613,182,56,126,431,373,58
2021,Amber Valley 001D,E01019404,932,243,77,166,689,587,102
2021,Amber Valley 007A,E01019405,669,204,82,122,465,332,133
2021,Amber Valley 002A,E01019406,476,175,61,114,301,235,66
2021,Amber Valley 010A,E01019407,1058,319,110,209,739,623,116
2021,Amber Valley 009A,E01019408,857,254,90,164,603,522,81
2021,Amber Valley 009B,E01019409,733,238,78,160,495,419,76
2021,Amber Valley 011A,E01019410,744,229,72,157,515,460,55
2021,Amber Valley 011B,E01019411,679,195,64,131,484,418,66
2021,Amber Valley 009C,E01019412,970,306,105,201,664,582,82
2021,Amber Valley 009D,E01019413,772,201,69,132,571,485,86
2021,Amber Valley 007B,E01019414,723,242,95,147,481,406,75
2021,Amber Valley 010B,E01019415,829,270,84,186,559,480,79
2021,Amber Valley 009E,E01019416,660,215,75,140,445,382,63
2021,Amber Valley 010C,E01019417,886,268,80,188,618,524,94
2021,Amber Valley 011C,E01019418,879,294,108,186,585,496,89
2021,Amber Valley 010D,E01019419,940,284,90,194,656,551,105
2021,Amber Valley 005A,E01019420,635,193,71,122,442,375,67
2021,Amber Valley 008A,E01019421,998,292,93,199,706,611,95
2021,Amber Valley 008B,E01019422,682,208,74,134,474,404,70
2021,Amber Valley 002B,E01019423,740,251,101,150,489,386,103
2021,Amber Valley 002C,E01019424,457,173,65,108,284,229,55
2021,Amber Valley 016A,E01019425,697,231,85,146,466,364,102
2021,Amber Valley 016B,E01019426,644,217,95,122,427,355,72
2021,Amber Valley 016C,E01019427,867,278,114,164,589,460,129
2021,Amber Valley 007C,E01019428,642,178,59,119,464,387,77
2021,Amber Valley 006A,E01019429,791,251,89,162,540,456,84
2021,Amber Valley 007D,E01019430,938,287,83,204,651,524,127
2021,Amber Valley 012A,E01019431,691,209,59,150,482,445,37
2021,Amber Valley 008C,E01019432,894,248,66,182,646,547,99
2021,Amber Valley 012B,E01019433,910,216,58,158,694,591,103
2021,Amber Valley 013A,E01019434,529,148,49,99,381,342,39
2021,Amber Valley 013B,E01019435,899,249,84,165,650,572,78
2021,Amber Valley 013C,E01019436,637,201,77,124,436,382,54
2021,Amber Valley 017A,E01019437,646,185,53,132,461,408,53
2021,Amber Valley 012C,E01019438,793,239,71,168,554,488,66
2021,Amber Valley 013D,E01019439,832,222,67,155,610,531,79
2021,Amber Valley 013E,E01019440,749,204,60,144,545,450,95
2021,Amber Valley 017B,E01019441,724,199,54,145,525,470,55
2021,Amber Valley 005B,E01019442,699,213,68,145,486,395,91
2021,Amber Valley 004A,E01019443,784,214,60,154,570,488,82
2021,Amber Valley 003B,E01019444,492,124,44,80,368,315,53
2021,Amber Valley 005C,E01019445,772,221,68,153,551,486,65
2021,Amber Valley 015A,E01019446,560,175,67,108,385,340,45
2021,Amber Valley 011D,E01019447,642,211,66,145,431,372,59
2021,Amber Valley 015B,E01019448,1040,273,87,186,767,633,134
2021,Amber Valley 011E,E01019449,948,276,99,177,672,566,106
2021,Amber Valley 015C,E01019450,679,190,62,128,489,431,58
2021,Amber Valley 012D,E01019451,1113,291,105,186,822,695,127
2021,Amber Valley 017C,E01019452,649,197,68,129,452,390,62
2021,Amber Valley 017D,E01019453,945,254,87,167,691,617,74
2021,Amber Valley 006B,E01019454,556,166,50,116,390,322,68
2021,Amber Valley 005D,E01019455,645,175,68,107,470,392,78
2021,Amber Valley 005E,E01019456,945,271,85,186,674,574,100
2021,Amber Valley 005F,E01019457,750,198,66,132,552,469,83
2021,Amber Valley 008D,E01019458,1013,276,85,191,737,644,93
2021,Amber Valley 008E,E01019459,543,161,55,106,382,336,46
2021,Amber Valley 006C,E01019460,795,238,77,161,557,476,81
2021,Amber Valley 006D,E01019461,614,196,82,114,418,370,48
2021,Amber Valley 006E,E01019462,471,140,46,94,331,291,40
2021,Amber Valley 008F,E01019463,597,173,43,130,424,367,57
2021,Amber Valley 012E,E01019464,1309,364,115,249,945,767,178
2021,Amber Valley 015D,E01019465,497,138,39,99,359,304,55
2021,Amber Valley 015E,E01019467,730,230,95,135,500,402,98
2021,Amber Valley 003C,E01019468,677,195,69,126,482,413,69
2021,Amber Valley 003D,E01019469,722,211,55,156,511,442,69
2021,Amber Valley 004B,E01019470,828,257,79,178,571,494,77
2021,Amber Valley 003E,E01019471,639,162,42,120,477,410,67
2021,Amber Valley 004C,E01019473,649,188,55,133,461,395,66
2021,Amber Valley 004D,E01019474,601,172,57,115,429,371,58
2021,Amber Valley 004E,E01019475,646,186,57,129,460,373,87
2021,Amber Valley 004F,E01019476,553,166,52,114,387,333,54
2021,Amber Valley 002D,E01019477,1069,342,144,198,727,592,135
2021,Bolsover 001A,E01019478,798,213,66,147,585,476,109
2021,Bolsover 001B,E01019479,786,235,91,144,551,442,109
2021,Bolsover 008A,E01019480,747,224,63,161,523,431,92
2021,Bolsover 009A,E01019481,542,156,44,112,386,340,46
2021,Bolsover 008B,E01019482,717,229,65,164,488,413,75
2021,Bolsover 004A,E01019483,906,278,92,186,628,557,71
2021,Bolsover 004B,E01019484,1050,303,87,216,747,622,125
2021,Bolsover 004C,E01019485,577,179,50,129,398,341,57
2021,Bolsover 005A,E01019486,507,145,40,105,362,322,40
2021,Bolsover 005B,E01019487,789,226,52,174,563,491,72
2021,Bolsover 004D,E01019488,600,174,46,128,426,359,67
2021,Bolsover 005C,E01019489,511,162,49,113,349,304,45
2021,Bolsover 005D,E01019490,531,156,48,108,375,322,53
2021,Bolsover 001C,E01019491,1207,310,96,214,897,767,130
2021,Bolsover 002A,E01019492,799,223,58,165,576,494,82
2021,Bolsover 001D,E01019493,705,222,73,149,483,409,74
2021,Bolsover 002B,E01019495,686,206,60,146,480,399,81
2021,Bolsover 003A,E01019496,640,167,41,126,473,410,63
2021,Bolsover 003B,E01019497,697,197,49,148,500,415,85
2021,Bolsover 003C,E01019498,847,224,52,172,623,541,82
2021,Bolsover 010A,E01019499,623,163,44,119,460,405,55
2021,Bolsover 010B,E01019500,675,199,73,126,476,397,79
2021,Bolsover 010C,E01019501,699,197,66,131,502,432,70
2021,Bolsover 005E,E01019502,699,193,53,140,506,416,90
2021,Bolsover 007A,E01019503,1222,351,113,238,871,692,179
2021,Bolsover 005F,E01019504,598,178,57,121,420,338,82
2021,Bolsover 007B,E01019505,687,203,58,145,484,413,71
2021,Bolsover 007C,E01019506,703,206,65,141,497,428,69
2021,Bolsover 007D,E01019507,904,232,64,168,672,607,65
2021,Bolsover 006A,E01019508,854,241,60,181,613,548,65
2021,Bolsover 006B,E01019509,518,154,30,124,364,314,50
2021,Bolsover 006C,E01019510,522,155,32,123,367,319,48
2021,Bolsover 007E,E01019511,1119,290,90,200,829,739,90
2021,Bolsover 010D,E01019513,861,228,72,156,633,535,98
2021,Bolsover 009B,E01019514,815,193,58,135,622,550,72
2021,Bolsover 009C,E01019515,749,204,57,147,545,463,82
2021,Bolsover 009D,E01019516,774,213,69,144,561,479,82
2021,Bolsover 010E,E01019517,934,223,57,166,711,596,115
2021,Bolsover 010F,E01019518,906,229,88,141,677,571,106
2021,Bolsover 009E,E01019519,879,209,77,132,670,548,122
2021,Bolsover 008C,E01019520,1064,285,103,182,779,643,136
2021,Bolsover 008D,E01019521,920,234,63,171,686,593,93
2021,Bolsover 008E,E01019522,854,275,76,199,579,487,92
2021,Bolsover 003D,E01019523,448,154,47,107,294,248,46
2021,Bolsover 002C,E01019524,668,191,57,134,477,402,75
2021,Bolsover 002D,E01019525,707,217,76,141,490,417,73
2021,Chesterfield 001A,E01019526,656,215,67,148,441,388,53
2021,Chesterfield 003A,E01019527,561,169,63,106,392,325,67
2021,Chesterfield 001B,E01019528,682,202,69,133,480,391,89
2021,Chesterfield 003B,E01019529,723,237,71,166,486,430,56
2021,Chesterfield 003C,E01019530,733,224,65,159,509,446,63
2021,Chesterfield 003D,E01019531,805,253,67,186,552,476,76
2021,Chesterfield 005A,E01019532,584,191,60,131,393,334,59
2021,Chesterfield 005B,E01019533,755,213,61,152,542,469,73
2021,Chesterfield 005C,E01019534,521,156,47,109,365,312,53
2021,Chesterfield 005D,E01019535,675,216,68,148,459,378,81
2021,Chesterfield 005E,E01019536,880,279,62,217,601,512,89
2021,Chesterfield 007A,E01019537,797,262,86,176,535,455,80
2021,Chesterfield 010A,E01019538,1044,298,91,207,746,651,95
2021,Chesterfield 009A,E01019539,709,217,60,157,492,420,72
2021,Chesterfield 009B,E01019540,716,206,71,135,510,435,75
2021,Chesterfield 004A,E01019541,629,237,86,151,392,342,50
2021,Chesterfield 004B,E01019542,711,212,59,153,499,436,63
2021,Chesterfield 004C,E01019543,876,279,91,188,597,524,73
2021,Chesterfield 004D,E01019544,609,200,54,146,409,357,52
2021,Chesterfield 012A,E01019545,595,171,53,118,424,373,51
2021,Chesterfield 012B,E01019546,617,214,59,155,403,354,49
2021,Chesterfield 012C,E01019547,597,210,60,150,387,333,54
2021,Chesterfield 012D,E01019548,1101,338,101,237,763,651,112
2021,Chesterfield 006A,E01019549,574,190,55,135,384,341,43
2021,Chesterfield 006B,E01019550,705,244,63,181,461,399,62
2021,Chesterfield 006C,E01019551,585,181,65,116,404,357,47
2021,Chesterfield 006D,E01019552,643,197,56,141,446,388,58
2021,Chesterfield 003E,E01019553,1071,303,81,222,768,663,105
2021,Chesterfield 010B,E01019554,718,192,54,138,526,467,59
2021,Chesterfield 009C,E01019555,626,205,59,146,421,366,55
2021,Chesterfield 010C,E01019556,695,191,58,133,504,445,59
2021,Chesterfield 008A,E01019557,748,231,86,145,517,451,66
2021,Chesterfield 008B,E01019558,628,198,66,132,430,369,61
2021,Chesterfield 008C,E01019559,499,152,49,103,347,293,54
2021,Chesterfield 008D,E01019560,561,198,68,130,363,311,52
2021,Chesterfield 008E,E01019561,443,146,46,100,297,269,28
2021,Chesterfield 008F,E01019562,490,155,50,105,335,278,57
2021,Chesterfield 002A,E01019563,696,230,67,163,466,387,79
2021,Chesterfield 002B,E01019564,788,235,82,153,553,459,94
2021,Chesterfield 002C,E01019565,631,228,82,146,403,344,59
2021,Chesterfield 002D,E01019566,739,260,80,180,479,410,69
2021,Chesterfield 006E,E01019567,742,227,71,156,515,451,64
2021,Chesterfield 002E,E01019568,571,205,60,145,366,321,45
2021,Chesterfield 007B,E01019569,792,240,69,171,552,490,62
2021,Chesterfield 007C,E01019570,527,170,51,119,357,304,53
2021,Chesterfield 004E,E01019571,668,200,53,147,468,408,60
2021,Chesterfield 001C,E01019572,530,177,55,122,353,304,49
2021,Chesterfield 001D,E01019573,716,225,68,157,491,413,78
2021,Chesterfield 001E,E01019574,580,182,61,121,398,339,59
2021,Chesterfield 013A,E01019575,663,266,75,191,397,341,56
2021,Chesterfield 013B,E01019576,616,216,72,144,400,346,54
2021,Chesterfield 013C,E01019577,664,224,77,147,440,375,65
2021,Chesterfield 013D,E01019578,528,196,56,140,332,301,31
2021,Chesterfield 010D,E01019579,893,251,73,178,642,557,85
2021,Chesterfield 007D,E01019580,748,219,71,148,529,460,69
2021,Chesterfield 007E,E01019581,618,190,53,137,428,383,45
2021,Chesterfield 012E,E01019582,741,234,59,175,507,436,71
2021,Chesterfield 012F,E01019583,682,198,57,141,484,434,50
2021,Chesterfield 012G,E01019585,1193,296,90,206,897,777,120
2021,Chesterfield 011A,E01019586,625,208,62,146,417,361,56
2021,Chesterfield 011B,E01019587,644,190,63,127,454,393,61
2021,Chesterfield 011C,E01019588,522,202,59,143,320,277,43
2021,Chesterfield 011D,E01019589,582,163,55,108,419,352,67
2021,Chesterfield 009D,E01019590,782,268,97,171,514,440,74
2021,Chesterfield 009E,E01019591,753,247,77,170,506,428,78
2021,Chesterfield 011E,E01019592,682,213,81,132,469,380,89
2021,Chesterfield 011F,E01019593,482,154,46,108,328,281,47
2021,Derbyshire Dales 009A,E01019594,844,297,86,211,547,432,115
2021,Derbyshire Dales 008A,E01019595,903,296,117,179,607,466,141
2021,Derbyshire Dales 009B,E01019596,853,272,86,186,581,469,112
2021,Derbyshire Dales 009C,E01019597,1073,347,116,231,726,586,140
2021,Derbyshire Dales 009D,E01019598,878,273,96,177,605,494,111
2021,Derbyshire Dales 011B,E01019599,541,214,105,109,327,244,83
2021,Derbyshire Dales 002A,E01019600,620,206,85,121,414,312,102
2021,Derbyshire Dales 011A,E01019601,588,206,72,134,382,310,72
2021,Derbyshire Dales 001A,E01019602,881,303,117,186,578,449,129
2021,Derbyshire Dales 010A,E01019603,1030,308,156,152,722,545,177
2021,Derbyshire Dales 002B,E01019604,823,320,130,190,503,388,115
2021,Derbyshire Dales 008B,E01019605,894,302,106,196,592,416,176
2021,Derbyshire Dales 002C,E01019606,686,233,84,149,453,340,113
2021,Derbyshire Dales 010B,E01019607,890,305,106,199,585,399,186
2021,Derbyshire Dales 011G,E01019608,716,237,74,163,479,399,80
2021,Derbyshire Dales 005A,E01019609,1099,370,136,234,729,599,130
2021,Derbyshire Dales 011D,E01019610,700,279,105,174,421,344,77
2021,Derbyshire Dales 008C,E01019611,784,285,110,175,499,303,196
2021,Derbyshire Dales 010C,E01019612,1101,293,118,175,808,607,201
2021,Derbyshire Dales 011C,E01019613,867,317,117,200,550,364,186
2021,Derbyshire Dales 001B,E01019614,733,264,105,159,469,362,107
2021,Derbyshire Dales 001C,E01019615,1006,403,157,246,603,444,159
2021,Derbyshire Dales 008D,E01019616,860,301,126,175,559,386,173
2021,Derbyshire Dales 011F,E01019617,692,242,88,154,450,326,124
2021,Derbyshire Dales 002D,E01019618,720,286,121,165,434,333,101
2021,Derbyshire Dales 006A,E01019619,605,217,80,137,388,303,85
2021,Derbyshire Dales 006B,E01019620,726,267,107,160,459,354,105
2021,Derbyshire Dales 005B,E01019621,663,239,84,155,424,350,74
2021,Derbyshire Dales 005C,E01019622,702,234,82,152,468,406,62
2021,Derbyshire Dales 006C,E01019623,660,217,70,147,443,369,74
2021,Derbyshire Dales 005D,E01019624,551,182,78,104,369,298,71
2021,Derbyshire Dales 006D,E01019625,595,222,73,149,373,319,54
2021,Derbyshire Dales 006E,E01019626,648,241,91,150,407,342,65
2021,Derbyshire Dales 005E,E01019627,540,185,70,115,355,281,74
2021,Derbyshire Dales 005F,E01019628,706,248,98,150,458,379,79
2021,Derbyshire Dales 010D,E01019629,919,269,104,165,650,432,218
2021,Derbyshire Dales 011E,E01019630,954,392,163,229,562,438,124
2021,Derbyshire Dales 001D,E01019631,805,274,103,171,531,410,121
2021,Derbyshire Dales 006F,E01019632,698,252,106,146,446,312,134
2021,Derbyshire Dales 007A,E01019633,714,245,80,165,469,360,109
2021,Derbyshire Dales 007B,E01019634,728,270,103,167,458,337,121
2021,Derbyshire Dales 007C,E01019635,486,190,64,126,296,244,52
2021,Derbyshire Dales 007D,E01019636,751,286,111,175,465,380,85
2021,Erewash 016A,E01019638,637,171,58,113,466,402,64
2021,Erewash 016B,E01019639,783,228,66,162,555,495,60
2021,Erewash 016C,E01019640,805,238,75,163,567,505,62
2021,Erewash 011A,E01019641,669,176,66,110,493,412,81
2021,Erewash 013A,E01019642,599,185,58,127,414,350,64
2021,Erewash 013B,E01019643,656,225,75,150,431,350,81
2021,Erewash 001A,E01019644,627,173,41,132,454,404,50
2021,Erewash 016D,E01019645,809,238,63,175,571,504,67
2021,Erewash 001B,E01019646,596,191,59,132,405,361,44
2021,Erewash 012A,E01019647,1039,269,87,182,770,686,84
2021,Erewash 010A,E01019648,735,216,70,146,519,462,57
2021,Erewash 010B,E01019649,958,255,78,177,703,625,78
2021,Erewash 010C,E01019650,686,200,51,149,486,437,49
2021,Erewash 010D,E01019651,681,185,52,133,496,429,67
2021,Erewash 011B,E01019652,800,222,79,143,578,523,55
2021,Erewash 011C,E01019653,601,183,63,120,418,338,80
2021,Erewash 013C,E01019654,731,218,78,140,513,430,83
2021,Erewash 013D,E01019655,824,212,69,143,612,541,71
2021,Erewash 008A,E01019656,601,197,85,112,404,345,59
2021,Erewash 003A,E01019657,942,264,83,181,678,591,87
2021,Erewash 006A,E01019658,1030,269,92,177,761,686,75
2021,Erewash 006B,E01019659,1372,354,108,246,1018,882,136
2021,Erewash 003B,E01019660,996,258,77,181,738,645,93
2021,Erewash 003C,E01019661,679,212,66,146,467,416,51
2021,Erewash 003D,E01019662,706,206,75,131,500,441,59
2021,Erewash 001C,E01019663,487,159,49,110,328,278,50
2021,Erewash 001D,E01019664,536,135,35,100,401,354,47
2021,Erewash 001E,E01019665,592,159,49,110,433,370,63
2021,Erewash 007A,E01019666,695,191,46,145,504,435,69
2021,Erewash 007B,E01019667,785,236,66,170,549,482,67
2021,Erewash 007C,E01019668,510,172,55,117,338,297,41
2021,Erewash 007D,E01019669,692,216,75,141,476,414,62
2021,Erewash 004A,E01019670,882,294,116,178,588,479,109
2021,Erewash 004B,E01019671,802,219,85,134,583,461,122
2021,Erewash 003E,E01019672,887,257,82,175,630,547,83
2021,Erewash 005A,E01019673,589,172,58,114,417,349,68
2021,Erewash 006C,E01019674,550,190,63,127,360,312,48
2021,Erewash 012B,E01019675,819,234,87,147,585,522,63
2021,Erewash 014A,E01019676,750,219,71,148,531,466,65
2021,Erewash 014B,E01019677,680,186,64,122,494,436,58
2021,Erewash 014C,E01019678,1020,269,82,187,751,662,89
2021,Erewash 012C,E01019679,883,232,69,163,651,583,68
2021,Erewash 014D,E01019680,981,272,72,200,709,632,77
2021,Erewash 014E,E01019681,700,219,71,148,481,414,67
2021,Erewash 012D,E01019682,834,219,78,141,615,543,72
2021,Erewash 009A,E01019683,591,173,62,111,418,352,66
2021,Erewash 009B,E01019684,837,232,70,162,605,514,91
2021,Erewash 009C,E01019685,702,204,78,126,498,428,70
2021,Erewash 009D,E01019686,615,199,70,129,416,347,69
2021,Erewash 009E,E01019687,601,176,46,130,425,378,47
2021,Erewash 006D,E01019688,628,189,44,145,439,381,58
2021,Erewash 006E,E01019689,688,193,55,138,495,434,61
2021,Erewash 003F,E01019690,644,185,66,119,459,397,62
2021,Erewash 008B,E01019691,839,234,72,162,605,516,89
2021,Erewash 008C,E01019692,677,222,73,149,455,391,64
2021,Erewash 008D,E01019693,970,279,87,192,691,598,93
2021,Erewash 008E,E01019694,521,153,45,108,368,308,60
2021,Erewash 010E,E01019695,776,200,50,150,576,500,76
2021,Erewash 008F,E01019696,623,197,68,129,426,368,58
2021,Erewash 015A,E01019697,674,184,63,121,490,426,64
2021,Erewash 014F,E01019698,801,204,57,147,597,507,90
2021,Erewash 015B,E01019699,586,157,39,118,429,380,49
2021,Erewash 015C,E01019700,1057,297,107,190,760,672,88
2021,Erewash 004C,E01019701,978,304,102,202,674,551,123
2021,Erewash 005B,E01019702,792,254,104,150,538,464,74
2021,Erewash 005C,E01019703,809,245,87,158,564,484,80
2021,Erewash 005D,E01019704,664,187,56,131,477,403,74
2021,Erewash 015D,E01019705,980,270,86,184,710,627,83
2021,Erewash 015E,E01019706,602,168,54,114,434,389,45
2021,Erewash 011D,E01019707,799,225,79,146,574,516,58
2021,Erewash 011E,E01019708,923,241,83,158,682,580,102
2021,Erewash 015F,E01019709,617,159,61,98,458,414,44
2021,High Peak 010A,E01019710,832,263,94,169,569,478,91
2021,High Peak 006A,E01019711,680,221,83,138,459,381,78
2021,High Peak 008A,E01019712,706,248,93,155,458,356,102
2021,High Peak 008B,E01019713,856,266,94,172,590,471,119
2021,High Peak 012A,E01019714,1401,497,170,327,904,731,173
2021,High Peak 010B,E01019715,701,223,74,149,478,400,78
2021,High Peak 011A,E01019716,586,195,65,130,391,331,60
2021,High Peak 010C,E01019717,448,156,57,99,292,229,63
2021,High Peak 013E,E01019718,1054,325,102,223,729,617,112
2021,High Peak 013F,E01019719,995,289,92,197,706,589,117
2021,High Peak 013G,E01019720,633,213,71,142,420,347,73
2021,High Peak 013H,E01019721,746,211,83,128,535,471,64
2021,High Peak 010D,E01019722,909,313,106,207,596,498,98
2021,High Peak 010E,E01019723,610,208,81,127,402,332,70
2021,High Peak 011B,E01019724,549,209,63,146,340,287,53
2021,High Peak 012B,E01019725,782,272,92,180,510,424,86
2021,High Peak 012C,E01019726,818,238,74,164,580,483,97
2021,High Peak 004A,E01019727,1034,303,108,195,731,601,130
2021,High Peak 002A,E01019728,439,147,37,110,292,265,27
2021,High Peak 002B,E01019729,495,173,54,119,322,281,41
2021,High Peak 002C,E01019730,919,265,71,194,654,583,71
2021,High Peak 002D,E01019731,642,173,56,117,469,404,65
2021,High Peak 002E,E01019732,737,206,66,140,531,454,77
2021,High Peak 001A,E01019733,684,223,67,156,461,409,52
2021,High Peak 006B,E01019734,910,326,130,196,584,481,103
2021,High Peak 013A,E01019735,657,236,99,137,421,335,86
2021,High Peak 013B,E01019736,535,188,81,107,347,224,123
2021,High Peak 013C,E01019737,503,199,72,127,304,253,51
2021,High Peak 003A,E01019738,786,217,78,139,569,505,64
2021,High Peak 003B,E01019739,971,271,80,191,700,609,91
2021,High Peak 003C,E01019740,600,149,39,110,451,388,63
2021,High Peak 013I,E01019741,591,181,54,127,410,337,73
2021,High Peak 013D,E01019742,544,159,50,109,385,278,107
2021,High Peak 006C,E01019743,681,202,61,141,479,428,51
2021,High Peak 006D,E01019744,695,210,56,154,485,418,67
2021,High Peak 006E,E01019745,567,171,59,112,396,355,41
2021,High Peak 005A,E01019746,837,261,93,168,576,485,91
2021,High Peak 005B,E01019747,609,189,71,118,420,349,71
2021,High Peak 005C,E01019748,874,251,67,184,623,550,73
2021,High Peak 004B,E01019749,561,153,54,99,408,342,66
2021,High Peak 003D,E01019750,616,201,66,135,415,352,63
2021,High Peak 003E,E01019751,1212,355,110,245,857,748,109
2021,High Peak 001B,E01019752,695,203,70,133,492,419,73
2021,High Peak 001C,E01019753,746,225,93,132,521,455,66
2021,High Peak 004C,E01019754,931,277,114,163,654,500,154
2021,High Peak 005D,E01019755,910,276,108,168,634,532,102
2021,High Peak 004D,E01019756,908,257,86,171,651,544,107
2021,High Peak 004E,E01019757,652,187,66,121,465,416,49
2021,High Peak 004F,E01019758,744,219,67,152,525,455,70
2021,High Peak 011C,E01019759,685,200,43,157,485,398,87
2021,High Peak 011D,E01019760,727,244,51,193,483,403,80
2021,High Peak 011E,E01019761,639,244,70,174,395,329,66
2021,High Peak 012D,E01019762,742,248,88,160,494,415,79
2021,High Peak 001D,E01019763,1134,334,107,227,800,693,107
2021,High Peak 008C,E01019764,754,261,107,154,493,408,85
2021,High Peak 008D,E01019765,959,310,103,207,649,553,96
2021,High Peak 005E,E01019766,692,220,74,146,472,407,65
2021,High Peak 008E,E01019767,760,262,100,162,498,426,72
2021,High Peak 003F,E01019768,942,267,85,182,675,575,100
2021,North East Derbyshire 010A,E01019769,905,314,123,191,591,394,197
2021,North East Derbyshire 005A,E01019770,897,329,124,205,568,422,146
2021,North East Derbyshire 008A,E01019771,914,295,124,171,619,457,162
2021,North East Derbyshire 008B,E01019772,721,241,89,152,480,377,103
2021,North East Derbyshire 010B,E01019774,740,198,61,137,542,436,106
2021,North East Derbyshire 012B,E01019775,1058,342,111,231,716,634,82
2021,North East Derbyshire 012C,E01019776,540,205,66,139,335,278,57
2021,North East Derbyshire 012D,E01019777,969,290,83,207,679,611,68
2021,North East Derbyshire 002A,E01019778,674,223,81,142,451,382,69
2021,North East Derbyshire 002B,E01019779,655,238,72,166,417,352,65
2021,North East Derbyshire 004A,E01019780,622,198,67,131,424,376,48
2021,North East Derbyshire 004B,E01019781,680,212,64,148,468,397,71
2021,North East Derbyshire 004C,E01019782,586,202,67,135,384,335,49
2021,North East Derbyshire 006A,E01019783,598,200,66,134,398,345,53
2021,North East Derbyshire 006B,E01019784,626,200,70,130,426,374,52
2021,North East Derbyshire 006C,E01019785,558,188,60,128,370,327,43
2021,North East Derbyshire 004D,E01019786,777,246,83,163,531,443,88
2021,North East Derbyshire 005B,E01019787,811,276,84,192,535,459,76
2021,North East Derbyshire 005C,E01019788,724,254,81,173,470,391,79
2021,North East Derbyshire 002C,E01019790,927,307,90,217,620,535,85
2021,North East Derbyshire 014A,E01019791,1008,284,87,197,724,609,115
2021,North East Derbyshire 014B,E01019792,891,265,58,207,626,553,73
2021,North East Derbyshire 006D,E01019793,590,192,49,143,398,345,53
2021,North East Derbyshire 005D,E01019794,454,171,50,121,283,234,49
2021,North East Derbyshire 006E,E01019795,1052,318,105,213,734,628,106
2021,North East Derbyshire 009A,E01019796,397,137,37,100,260,229,31
2021,North East Derbyshire 009B,E01019797,871,228,57,171,643,541,102
2021,North East Derbyshire 007A,E01019798,749,239,75,164,510,419,91
2021,North East Derbyshire 009C,E01019799,1072,277,78,199,795,684,111
2021,North East Derbyshire 009D,E01019800,869,250,76,174,619,535,84
2021,North East Derbyshire 001A,E01019801,567,172,50,122,395,346,49
2021,North East Derbyshire 001B,E01019802,662,209,69,140,453,399,54
2021,North East Derbyshire 001C,E01019803,568,198,61,137,370,322,48
2021,North East Derbyshire 001D,E01019804,639,217,72,145,422,362,60
2021,North East Derbyshire 001E,E01019805,680,192,61,131,488,415,73
2021,North East Derbyshire 001F,E01019806,734,238,71,167,496,424,72
2021,North East Derbyshire 001G,E01019807,615,222,56,166,393,334,59
2021,North East Derbyshire 009E,E01019808,646,204,48,156,442,390,52
2021,North East Derbyshire 011A,E01019809,464,164,54,110,300,256,44
2021,North East Derbyshire 011B,E01019810,716,225,65,160,491,422,69
2021,North East Derbyshire 011C,E01019811,726,211,66,145,515,444,71
2021,North East Derbyshire 011D,E01019812,918,270,77,193,648,552,96
2021,North East Derbyshire 011E,E01019813,790,237,62,175,553,464,89
2021,North East Derbyshire 013A,E01019814,892,285,106,179,607,498,109
2021,North East Derbyshire 014C,E01019815,1334,409,128,281,925,772,153
2021,North East Derbyshire 002D,E01019816,821,280,98,182,541,437,104
2021,North East Derbyshire 013B,E01019817,549,190,52,138,359,295,64
2021,North East Derbyshire 013C,E01019818,690,228,72,156,462,391,71
2021,North East Derbyshire 013D,E01019819,801,239,74,165,562,456,106
2021,North East Derbyshire 013E,E01019820,675,186,58,128,489,407,82
2021,North East Derbyshire 007B,E01019821,552,157,53,104,395,342,53
2021,North East Derbyshire 007C,E01019822,739,212,73,139,527,412,115
2021,North East Derbyshire 007D,E01019823,478,134,33,101,344,303,41
2021,North East Derbyshire 010C,E01019824,961,247,70,177,714,605,109
2021,North East Derbyshire 011F,E01019825,685,231,82,149,454,385,69
2021,North East Derbyshire 009F,E01019826,625,211,59,152,414,354,60
2021,North East Derbyshire 004E,E01019827,795,271,95,176,524,425,99
2021,North East Derbyshire 008C,E01019828,469,152,46,106,317,264,53
2021,North East Derbyshire 008D,E01019829,607,170,54,116,437,364,73
2021,North East Derbyshire 010D,E01019830,737,226,78,148,511,425,86
2021,North East Derbyshire 010E,E01019831,669,188,61,127,481,399,82
2021,South Derbyshire 004A,E01019832,828,211,67,144,617,495,122
2021,South Derbyshire 004B,E01019833,930,287,112,175,643,516,127
2021,South Derbyshire 004C,E01019834,1248,371,137,234,877,725,152
2021,South Derbyshire 012A,E01019837,1041,302,93,209,739,628,111
2021,South Derbyshire 012B,E01019838,699,186,56,130,513,435,78
2021,South Derbyshire 001A,E01019839,1595,369,107,262,1226,1000,226
2021,South Derbyshire 002A,E01019840,776,216,80,136,560,469,91
2021,South Derbyshire 002B,E01019841,884,249,79,170,635,539,96
2021,South Derbyshire 013A,E01019842,734,217,64,153,517,431,86
2021,South Derbyshire 006A,E01019843,721,227,109,118,494,382,112
2021,South Derbyshire 007A,E01019844,651,178,52,126,473,400,73
2021,South Derbyshire 001B,E01019845,629,165,37,128,464,397,67
2021,South Derbyshire 001C,E01019846,661,173,54,119,488,428,60
2021,South Derbyshire 002C,E01019847,681,188,58,130,493,390,103
2021,South Derbyshire 002D,E01019848,1589,383,95,288,1206,1044,162
2021,South Derbyshire 011A,E01019850,1199,313,100,213,886,689,197
2021,South Derbyshire 011B,E01019851,792,195,65,130,597,511,86
2021,South Derbyshire 011C,E01019852,1032,278,92,186,754,617,137
2021,South Derbyshire 006B,E01019853,804,250,91,159,554,469,85
2021,South Derbyshire 006C,E01019854,962,272,92,180,690,574,116
2021,South Derbyshire 006D,E01019855,790,237,91,146,553,445,108
2021,South Derbyshire 007B,E01019856,662,190,52,138,472,405,67
2021,South Derbyshire 007C,E01019857,798,195,55,140,603,512,91
2021,South Derbyshire 007D,E01019858,602,177,49,128,425,374,51
2021,South Derbyshire 007E,E01019859,816,259,82,177,557,460,97
2021,South Derbyshire 008A,E01019860,590,166,46,120,424,370,54
2021,South Derbyshire 008B,E01019861,842,215,73,142,627,545,82
2021,South Derbyshire 008C,E01019862,770,210,53,157,560,463,97
2021,South Derbyshire 008D,E01019863,614,173,43,130,441,378,63
2021,South Derbyshire 008E,E01019864,665,164,56,108,501,414,87
2021,South Derbyshire 008F,E01019865,658,171,50,121,487,418,69
2021,South Derbyshire 001D,E01019866,1080,322,148,174,758,547,211
2021,South Derbyshire 005A,E01019867,795,241,92,149,554,445,109
2021,South Derbyshire 005B,E01019868,1033,299,125,174,734,572,162
2021,South Derbyshire 005C,E01019869,587,143,48,95,444,318,126
2021,South Derbyshire 011D,E01019870,682,238,86,152,444,350,94
2021,South Derbyshire 011E,E01019871,826,243,91,152,583,461,122
2021,South Derbyshire 011F,E01019872,1105,287,109,178,818,689,129
2021,South Derbyshire 003A,E01019873,1418,325,92,233,1093,937,156
2021,South Derbyshire 003B,E01019874,656,185,62,123,471,421,50
2021,South Derbyshire 003C,E01019875,702,196,60,136,506,440,66
2021,South Derbyshire 009A,E01019876,842,226,47,179,616,529,87
2021,South Derbyshire 009B,E01019877,892,218,63,155,674,563,111
2021,South Derbyshire 009C,E01019878,648,204,62,142,444,375,69
2021,South Derbyshire 009D,E01019879,1098,277,69,208,821,694,127
2021,South Derbyshire 005D,E01019880,847,235,84,151,612,515,97
2021,South Derbyshire 003E,E01019882,901,272,90,182,629,510,119
2021,South Derbyshire 013C,E01019885,874,224,69,155,650,541,109
2021,East Devon 005B,E01019887,723,285,98,187,438,369,69
2021,East Devon 005C,E01019888,778,279,104,175,499,402,97
2021,East Devon 005D,E01019889,803,284,83,201,519,427,92
2021,East Devon 009A,E01019890,791,301,130,171,490,360,130
2021,East Devon 021B,E01019891,861,290,98,192,571,430,141
2021,East Devon 017A,E01019894,402,168,72,96,234,192,42
2021,East Devon 017B,E01019895,564,249,98,151,315,248,67
2021,East Devon 017C,E01019896,501,205,90,115,296,236,60
2021,East Devon 017D,E01019897,703,266,71,195,437,378,59
2021,East Devon 014A,E01019898,1307,456,165,291,851,657,194
2021,East Devon 007A,E01019899,637,255,88,167,382,331,51
2021,East Devon 007B,E01019900,667,269,112,157,398,299,99
2021,East Devon 009B,E01019901,698,261,115,146,437,313,124
2021,East Devon 001A,E01019902,1031,374,118,256,657,515,142
2021,East Devon 021A,E01019903,1044,350,125,225,694,556,138
2021,East Devon 015A,E01019904,629,232,75,157,397,335,62
2021,East Devon 015B,E01019905,854,312,108,204,542,447,95
2021,East Devon 015C,E01019906,709,241,67,174,468,400,68
2021,East Devon 015D,E01019907,623,212,70,142,411,354,57
2021,East Devon 016A,E01019908,890,295,96,199,595,518,77
2021,East Devon 016B,E01019909,746,274,77,197,472,397,75
2021,East Devon 016C,E01019910,775,284,87,197,491,419,72
2021,East Devon 016D,E01019911,584,202,66,136,382,316,66
2021,East Devon 020A,E01019912,620,245,90,155,375,315,60
2021,East Devon 020B,E01019913,498,172,77,95,326,259,67
2021,East Devon 020C,E01019914,948,355,88,267,593,497,96
2021,East Devon 020D,E01019915,704,271,96,175,433,345,88
2021,East Devon 019A,E01019916,1049,333,104,229,716,614,102
2021,East Devon 019B,E01019917,760,274,103,171,486,410,76
2021,East Devon 019C,E01019918,839,279,108,171,560,461,99
2021,East Devon 019D,E01019919,908,308,90,218,600,496,104
2021,East Devon 018A,E01019920,793,288,93,195,505,432,73
2021,East Devon 018B,E01019921,732,258,90,168,474,398,76
2021,East Devon 018C,E01019922,669,262,87,175,407,351,56
2021,East Devon 018D,E01019923,595,204,68,136,391,333,58
2021,East Devon 018E,E01019924,739,246,66,180,493,418,75
2021,East Devon 004A,E01019925,688,232,80,152,456,379,77
2021,East Devon 002A,E01019927,558,202,62,140,356,313,43
2021,East Devon 003A,E01019928,739,251,72,179,488,409,79
2021,East Devon 003B,E01019929,693,234,73,161,459,393,66
2021,East Devon 003C,E01019930,647,214,67,147,433,353,80
2021,East Devon 003D,E01019931,521,194,69,125,327,277,50
2021,East Devon 002B,E01019932,730,228,72,156,502,427,75
2021,East Devon 002C,E01019933,623,211,86,125,412,354,58
2021,East Devon 002D,E01019934,705,267,98,169,438,360,78
2021,East Devon 007C,E01019935,545,212,92,120,333,245,88
2021,East Devon 007D,E01019936,477,200,83,117,277,201,76
2021,East Devon 013A,E01019937,987,365,135,230,622,520,102
2021,East Devon 001B,E01019938,1153,400,161,239,753,499,254
2021,East Devon 008A,E01019939,693,276,112,164,417,312,105
2021,East Devon 008B,E01019940,705,260,113,147,445,339,106
2021,East Devon 008C,E01019942,1059,374,132,242,685,557,128
2021,East Devon 008D,E01019943,795,281,97,184,514,431,83
2021,East Devon 008E,E01019944,899,287,97,190,612,520,92
2021,East Devon 013B,E01019945,969,345,151,194,624,469,155
2021,East Devon 010A,E01019946,413,186,67,119,227,178,49
2021,East Devon 010B,E01019947,882,329,118,211,553,450,103
2021,East Devon 010C,E01019948,462,168,52,116,294,252,42
2021,East Devon 010D,E01019949,583,206,56,150,377,321,56
2021,East Devon 010E,E01019950,452,168,58,110,284,252,32
2021,East Devon 009C,E01019951,768,318,132,186,450,330,120
2021,East Devon 011A,E01019952,705,279,99,180,426,362,64
2021,East Devon 011B,E01019953,505,198,68,130,307,244,63
2021,East Devon 011C,E01019954,882,324,113,211,558,483,75
2021,East Devon 011D,E01019955,600,260,100,160,340,280,60
2021,East Devon 012A,E01019956,676,256,99,157,420,348,72
2021,East Devon 012B,E01019957,371,146,78,68,225,177,48
2021,East Devon 012C,E01019958,653,265,86,179,388,323,65
2021,East Devon 004D,E01019959,597,206,79,127,391,277,114
2021,East Devon 004E,E01019960,712,238,84,154,474,354,120
2021,East Devon 007E,E01019961,1068,462,194,268,606,466,140
2021,East Devon 004F,E01019962,1088,384,138,246,704,540,164
2021,East Devon 013C,E01019963,823,282,94,188,541,441,100
2021,East Devon 014B,E01019964,1095,386,221,165,709,548,161
2021,East Devon 014C,E01019965,790,277,107,170,513,400,113
2021,East Devon 005E,E01019966,493,164,68,96,329,244,85
2021,East Devon 001C,E01019967,660,229,90,139,431,273,158
2021,Exeter 014A,E01019968,646,214,53,161,432,363,69
2021,Exeter 014B,E01019969,677,212,63,149,465,403,62
2021,Exeter 014C,E01019970,613,206,77,129,407,366,41
2021,Exeter 014D,E01019971,902,219,72,147,683,593,90
2021,Exeter 014E,E01019972,780,221,62,159,559,495,64
2021,Exeter 012A,E01019973,739,235,76,159,504,442,62
2021,Exeter 012B,E01019974,648,224,70,154,424,358,66
2021,Exeter 010A,E01019975,645,235,69,166,410,358,52
2021,Exeter 012C,E01019976,662,234,78,156,428,364,64
2021,Exeter 012D,E01019977,720,240,60,180,480,420,60
2021,Exeter 005A,E01019980,876,285,82,203,591,516,75
2021,Exeter 012E,E01019981,649,233,69,164,416,359,57
2021,Exeter 005B,E01019982,948,300,86,214,648,564,84
2021,Exeter 005C,E01019983,691,242,81,161,449,394,55
2021,Exeter 005D,E01019984,755,222,57,165,533,463,70
2021,Exeter 005E,E01019985,620,226,74,152,394,351,43
2021,Exeter 007A,E01019986,747,246,67,179,501,422,79
2021,Exeter 006A,E01019987,750,237,112,125,513,455,58
2021,Exeter 013A,E01019988,680,192,48,144,488,437,51
2021,Exeter 006B,E01019989,695,203,56,147,492,433,59
2021,Exeter 002A,E01019990,689,238,76,162,451,407,44
2021,Exeter 002B,E01019991,742,275,90,185,467,403,64
2021,Exeter 003A,E01019992,778,235,75,160,543,486,57
2021,Exeter 002C,E01019993,599,176,56,120,423,370,53
2021,Exeter 008A,E01019994,671,250,124,126,421,371,50
2021,Exeter 008B,E01019995,703,289,150,139,414,370,44
2021,Exeter 009A,E01019996,593,160,67,93,433,357,76
2021,Exeter 004A,E01019997,657,251,133,118,406,351,55
2021,Exeter 001C,E01019998,671,229,89,140,442,394,48
2021,Exeter 001D,E01019999,552,235,110,125,317,259,58
2021,Exeter 002D,E01020000,583,190,70,120,393,342,51
2021,Exeter 001E,E01020001,630,217,84,133,413,355,58
2021,Exeter 003B,E01020002,1125,337,92,245,788,693,95
2021,Exeter 003C,E01020003,779,273,98,175,506,437,69
2021,Exeter 003D,E01020004,1314,346,107,239,968,832,136
2021,Exeter 003E,E01020005,921,307,90,217,614,533,81
2021,Exeter 006C,E01020006,1108,350,118,232,758,671,87
2021,Exeter 002E,E01020007,568,252,159,93,316,279,37
2021,Exeter 006D,E01020008,782,294,164,130,488,425,63
2021,Exeter 006E,E01020009,763,246,91,155,517,455,62
2021,Exeter 013B,E01020010,919,294,94,200,625,531,94
2021,Exeter 015A,E01020011,585,194,80,114,391,335,56
2021,Exeter 015B,E01020012,771,257,82,175,514,428,86
2021,Exeter 013C,E01020013,747,179,51,128,568,518,50
2021,Exeter 013D,E01020014,724,244,71,173,480,430,50
2021,Exeter 013E,E01020015,873,319,100,219,554,489,65
2021,Exeter 008D,E01020017,1078,413,211,202,665,579,86
2021,Exeter 008E,E01020018,962,315,150,165,647,567,80
2021,Exeter 004B,E01020019,489,272,175,97,217,194,23
2021,Exeter 004C,E01020020,630,299,202,97,331,290,41
2021,Exeter 004D,E01020021,631,262,165,97,369,296,73
2021,Exeter 004E,E01020022,664,258,141,117,406,353,53
2021,Exeter 009B,E01020023,1081,356,127,229,725,603,122
2021,Exeter 009C,E01020024,732,209,80,129,523,428,95
2021,Exeter 009D,E01020025,867,219,96,123,648,572,76
2021,Exeter 011A,E01020026,883,262,72,190,621,553,68
2021,Exeter 011B,E01020027,878,266,58,208,612,548,64
2021,Exeter 010B,E01020029,955,288,83,205,667,578,89
2021,Exeter 010C,E01020030,1126,306,105,201,820,703,117
2021,Exeter 010D,E01020031,929,254,86,168,675,591,84
2021,Exeter 010E,E01020032,846,263,87,176,583,519,64
2021,Exeter 007B,E01020036,671,201,53,148,470,417,53
2021,Exeter 007C,E01020037,617,181,47,134,436,374,62
2021,Exeter 011E,E01020038,1370,392,114,278,978,869,109
2021,Exeter 007D,E01020039,802,286,60,226,516,453,63
2021,Exeter 007E,E01020040,643,219,64,155,424,380,44
2021,Mid Devon 011A,E01020041,1310,461,160,301,849,736,113
2021,Mid Devon 011B,E01020042,798,267,91,176,531,456,75
2021,Mid Devon 008A,E01020043,932,343,119,224,589,502,87
2021,Mid Devon 008B,E01020044,774,282,107,175,492,352,140
2021,Mid Devon 006A,E01020045,831,293,94,199,538,422,116
2021,Mid Devon 001A,E01020046,804,274,102,172,530,380,150
2021,Mid Devon 002A,E01020047,1013,335,117,218,678,561,117
2021,Mid Devon 005A,E01020048,1144,334,117,217,810,691,119
2021,Mid Devon 001B,E01020049,696,252,92,160,444,305,139
2021,Mid Devon 001C,E01020050,889,324,140,184,565,414,151
2021,Mid Devon 002B,E01020051,710,241,104,137,469,395,74
2021,Mid Devon 004A,E01020052,861,296,88,208,565,459,106
2021,Mid Devon 004B,E01020053,602,184,57,127,418,368,50
2021,Mid Devon 007A,E01020054,1339,381,113,268,958,797,161
2021,Mid Devon 007B,E01020055,891,276,95,181,615,522,93
2021,Mid Devon 008C,E01020056,1589,501,171,330,1088,819,269
2021,Mid Devon 007C,E01020057,1238,322,90,232,916,759,157
2021,Mid Devon 007D,E01020058,1002,308,86,222,694,586,108
2021,Mid Devon 006B,E01020059,1185,377,144,233,808,576,232
2021,Mid Devon 011C,E01020060,770,269,101,168,501,434,67
2021,Mid Devon 011D,E01020061,1007,374,117,257,633,531,102
2021,Mid Devon 006C,E01020062,850,272,95,177,578,481,97
2021,Mid Devon 003A,E01020063,1096,386,131,255,710,583,127
2021,Mid Devon 006D,E01020064,961,305,87,218,656,556,100
2021,Mid Devon 004C,E01020065,872,263,73,190,609,504,105
2021,Mid Devon 004D,E01020067,856,263,72,191,593,506,87
2021,Mid Devon 010A,E01020068,750,277,112,165,473,370,103
2021,Mid Devon 010B,E01020069,714,264,92,172,450,331,119
2021,Mid Devon 010C,E01020070,927,347,128,219,580,409,171
2021,Mid Devon 008D,E01020071,910,306,103,203,604,483,121
2021,Mid Devon 009A,E01020072,819,301,112,189,518,376,142
2021,Mid Devon 009B,E01020073,775,261,86,175,514,400,114
2021,Mid Devon 003B,E01020074,1238,408,139,269,830,606,224
2021,Mid Devon 003C,E01020075,980,346,120,226,634,476,158
2021,Mid Devon 009C,E01020076,910,309,118,191,601,467,134
2021,Mid Devon 001D,E01020077,879,313,121,192,566,418,148
2021,Mid Devon 005B,E01020078,606,214,72,142,392,349,43
2021,Mid Devon 005C,E01020079,562,183,62,121,379,324,55
2021,Mid Devon 002D,E01020080,954,305,94,211,649,517,132
2021,Mid Devon 005D,E01020081,565,211,77,134,354,283,71
2021,Mid Devon 009D,E01020082,620,233,89,144,387,302,85
2021,Mid Devon 010D,E01020083,1311,414,146,268,897,711,186
2021,North Devon 012A,E01020084,602,189,65,124,413,359,54
2021,North Devon 012B,E01020085,825,311,92,219,514,446,68
2021,North Devon 014A,E01020087,950,339,126,213,611,420,191
2021,North Devon 006A,E01020088,975,350,141,209,625,467,158
2021,North Devon 005A,E01020089,1060,402,148,254,658,557,101
2021,North Devon 004A,E01020090,847,365,146,219,482,378,104
2021,North Devon 005B,E01020091,553,197,66,131,356,300,56
2021,North Devon 005C,E01020092,557,240,94,146,317,262,55
2021,North Devon 005D,E01020093,653,240,85,155,413,357,56
2021,North Devon 008A,E01020094,722,242,89,153,480,427,53
2021,North Devon 008B,E01020095,697,242,74,168,455,413,42
2021,North Devon 009A,E01020096,841,279,90,189,562,473,89
2021,North Devon 013A,E01020097,1150,413,181,232,737,529,208
2021,North Devon 014B,E01020098,1055,375,127,248,680,515,165
2021,North Devon 002A,E01020099,584,239,97,142,345,251,94
2021,North Devon 002B,E01020100,516,216,73,143,300,219,81
2021,North Devon 002C,E01020101,581,253,98,155,328,272,56
2021,North Devon 010A,E01020102,815,278,76,202,537,476,61
2021,North Devon 010B,E01020103,634,254,63,191,380,342,38
2021,North Devon 010C,E01020104,624,225,50,175,399,347,52
2021,North Devon 011A,E01020105,1010,359,121,238,651,570,81
2021,North Devon 011B,E01020106,491,189,62,127,302,245,57
2021,North Devon 011C,E01020107,623,228,84,144,395,334,61
2021,North Devon 004B,E01020108,948,328,153,175,620,450,170
2021,North Devon 004C,E01020109,653,271,123,148,382,286,96
2021,North Devon 005E,E01020110,1502,452,160,292,1050,847,203
2021,North Devon 001A,E01020111,559,219,75,144,340,291,49
2021,North Devon 001B,E01020112,633,264,93,171,369,305,64
2021,North Devon 003A,E01020113,595,227,78,149,368,333,35
2021,North Devon 001C,E01020114,508,203,69,134,305,266,39
2021,North Devon 001D,E01020115,554,203,80,123,351,306,45
2021,North Devon 003B,E01020116,754,290,95,195,464,393,71
2021,North Devon 003C,E01020117,682,264,107,157,418,338,80
2021,North Devon 003D,E01020118,591,234,74,160,357,307,50
2021,North Devon 011D,E01020119,627,230,92,138,397,310,87
2021,North Devon 006B,E01020120,1110,416,149,267,694,560,134
2021,North Devon 012D,E01020121,920,344,118,226,576,475,101
2021,North Devon 012E,E01020122,1135,386,126,260,749,581,168
2021,North Devon 009B,E01020123,585,231,83,148,354,303,51
2021,North Devon 009C,E01020124,586,200,70,130,386,326,60
2021,North Devon 009D,E01020125,540,175,55,120,365,315,50
2021,North Devon 002D,E01020126,807,263,122,141,544,392,152
2021,North Devon 006C,E01020127,1095,404,163,241,691,507,184
2021,North Devon 010D,E01020128,641,247,91,156,394,334,60
2021,North Devon 010E,E01020129,531,192,49,143,339,288,51
2021,North Devon 010F,E01020130,773,272,81,191,501,434,67
2021,North Devon 013B,E01020131,1140,390,147,243,750,537,213
2021,North Devon 007A,E01020132,821,252,77,175,569,483,86
2021,North Devon 007B,E01020133,731,233,79,154,498,439,59
2021,North Devon 007C,E01020134,495,190,58,132,305,269,36
2021,North Devon 013C,E01020135,721,230,64,166,491,417,74
2021,North Devon 013D,E01020136,1052,340,115,225,712,574,138
2021,North Devon 013E,E01020137,860,292,93,199,568,472,96
2021,North Devon 014C,E01020138,1142,368,121,247,774,530,244
2021,North Devon 007D,E01020139,652,239,65,174,413,374,39
2021,North Devon 008C,E01020140,570,193,57,136,377,329,48
2021,North Devon 008D,E01020141,826,311,80,231,515,470,45
2021,South Hams 006A,E01020142,1331,540,213,327,791,580,211
2021,South Hams 006B,E01020143,1212,496,211,285,716,538,178
2021,South Hams 001A,E01020144,835,249,79,170,586,523,63
2021,South Hams 001B,E01020145,976,294,103,191,682,556,126
2021,South Hams 001C,E01020146,700,212,72,140,488,411,77
2021,South Hams 008A,E01020147,905,362,148,214,543,391,152
2021,South Hams 002A,E01020148,543,186,67,119,357,265,92
2021,South Hams 001D,E01020149,718,227,81,146,491,388,103
2021,South Hams 006C,E01020150,941,432,180,252,509,404,105
2021,South Hams 007A,E01020151,542,216,87,129,326,251,75
2021,South Hams 007B,E01020152,540,229,129,100,311,226,85
2021,South Hams 004A,E01020153,446,189,78,111,257,199,58
2021,South Hams 007C,E01020154,747,268,81,187,479,391,88
2021,South Hams 007D,E01020155,482,190,75,115,292,249,43
2021,South Hams 004B,E01020156,986,392,168,224,594,457,137
2021,South Hams 002B,E01020157,1176,474,180,294,702,513,189
2021,South Hams 008B,E01020158,968,370,149,221,598,472,126
2021,South Hams 008C,E01020159,744,246,93,153,498,387,111
2021,South Hams 002C,E01020160,1320,454,180,274,866,666,200
2021,South Hams 005A,E01020161,1049,331,103,228,718,596,122
2021,South Hams 005B,E01020162,851,278,86,192,573,484,89
2021,South Hams 005C,E01020163,868,284,81,203,584,490,94
2021,South Hams 005D,E01020164,680,253,90,163,427,358,69
2021,South Hams 005E,E01020165,774,252,67,185,522,459,63
2021,South Hams 005F,E01020166,728,244,77,167,484,412,72
2021,South Hams 005G,E01020167,930,291,110,181,639,523,116
2021,South Hams 010A,E01020168,830,336,136,200,494,423,71
2021,South Hams 010B,E01020169,1123,429,162,267,694,565,129
2021,South Hams 004C,E01020170,1015,372,136,236,643,508,135
2021,South Hams 009A,E01020171,672,254,108,146,418,311,107
2021,South Hams 012A,E01020172,869,334,145,189,535,407,128
2021,South Hams 012B,E01020173,487,209,88,121,278,210,68
2021,South Hams 011A,E01020174,655,242,110,132,413,287,126
2021,South Hams 011B,E01020175,858,347,153,194,511,379,132
2021,South Hams 002D,E01020176,522,200,61,139,322,255,67
2021,South Hams 002E,E01020177,614,245,73,172,369,301,68
2021,South Hams 011C,E01020178,843,360,160,200,483,360,123
2021,South Hams 012C,E01020179,795,324,140,184,471,358,113
2021,South Hams 003A,E01020180,963,437,179,258,526,451,75
2021,South Hams 003B,E01020181,802,345,121,224,457,370,87
2021,South Hams 003C,E01020182,770,345,124,221,425,366,59
2021,South Hams 003D,E01020183,678,275,110,165,403,341,62
2021,South Hams 003E,E01020184,744,370,147,223,374,324,50
2021,South Hams 009B,E01020185,630,237,74,163,393,321,72
2021,South Hams 009C,E01020186,550,189,68,121,361,278,83
2021,South Hams 009D,E01020187,1261,373,129,244,888,724,164
2021,South Hams 004D,E01020188,988,416,185,231,572,401,171
2021,South Hams 010C,E01020189,912,366,150,216,546,447,99
2021,South Hams 008D,E01020190,1010,365,135,230,645,500,145
2021,Teignbridge 013A,E01020191,811,305,105,200,506,381,125
2021,Teignbridge 019A,E01020192,613,216,83,133,397,333,64
2021,Teignbridge 019B,E01020193,786,332,114,218,454,334,120
2021,Teignbridge 013B,E01020194,757,251,83,168,506,437,69
2021,Teignbridge 017A,E01020195,831,327,118,209,504,411,93
2021,Teignbridge 017B,E01020196,798,321,120,201,477,412,65
2021,Teignbridge 017C,E01020197,559,226,101,125,333,259,74
2021,Teignbridge 017D,E01020198,631,249,87,162,382,322,60
2021,Teignbridge 017E,E01020199,783,286,107,179,497,426,71
2021,Teignbridge 011A,E01020200,463,164,44,120,299,243,56
2021,Teignbridge 011B,E01020201,515,191,73,118,324,257,67
2021,Teignbridge 007A,E01020202,925,298,93,205,627,501,126
2021,Teignbridge 004A,E01020203,686,251,76,175,435,359,76
2021,Teignbridge 007B,E01020204,828,235,78,157,593,508,85
2021,Teignbridge 003A,E01020205,631,249,91,158,382,286,96
2021,Teignbridge 004B,E01020206,702,244,86,158,458,400,58
2021,Teignbridge 012A,E01020208,595,196,55,141,399,352,47
2021,Teignbridge 012B,E01020209,718,233,50,183,485,420,65
2021,Teignbridge 012C,E01020210,659,210,74,136,449,384,65
2021,Teignbridge 014A,E01020211,712,209,54,155,503,438,65
2021,Teignbridge 016A,E01020212,576,182,55,127,394,340,54
2021,Teignbridge 016B,E01020213,634,212,63,149,422,362,60
2021,Teignbridge 016C,E01020214,732,242,81,161,490,417,73
2021,Teignbridge 016D,E01020215,602,222,91,131,380,317,63
2021,Teignbridge 015A,E01020216,730,246,64,182,484,427,57
2021,Teignbridge 014B,E01020217,872,272,104,168,600,517,83
2021,Teignbridge 014C,E01020218,801,258,81,177,543,468,75
2021,Teignbridge 012D,E01020219,1099,341,100,241,758,636,122
2021,Teignbridge 004C,E01020220,888,289,95,194,599,496,103
2021,Teignbridge 004D,E01020221,936,320,113,207,616,503,113
2021,Teignbridge 004E,E01020222,599,231,69,162,368,317,51
2021,Teignbridge 004F,E01020223,864,296,99,197,568,460,108
2021,Teignbridge 014D,E01020224,670,207,63,144,463,397,66
2021,Teignbridge 015B,E01020225,665,200,74,126,465,402,63
2021,Teignbridge 015C,E01020226,681,194,65,129,487,417,70
2021,Teignbridge 015D,E01020227,660,226,65,161,434,360,74
2021,Teignbridge 006A,E01020228,683,234,67,167,449,394,55
2021,Teignbridge 005B,E01020230,754,270,102,168,484,410,74
2021,Teignbridge 005C,E01020231,659,254,90,164,405,326,79
2021,Teignbridge 005D,E01020232,855,301,78,223,554,476,78
2021,Teignbridge 006B,E01020233,654,257,119,138,397,344,53
2021,Teignbridge 006C,E01020234,615,230,66,164,385,334,51
2021,Teignbridge 006D,E01020235,734,245,72,173,489,413,76
2021,Teignbridge 007C,E01020236,534,197,76,121,337,253,84
2021,Teignbridge 007D,E01020237,839,315,111,204,524,373,151
2021,Teignbridge 019C,E01020238,515,188,55,133,327,262,65
2021,Teignbridge 019D,E01020239,595,222,79,143,373,284,89
2021,Teignbridge 002A,E01020240,855,267,70,197,588,483,105
2021,Teignbridge 002B,E01020241,1022,334,109,225,688,540,148
2021,Teignbridge 002C,E01020242,974,290,85,205,684,603,81
2021,Teignbridge 001A,E01020243,628,219,80,139,409,306,103
2021,Teignbridge 002D,E01020244,617,219,80,139,398,341,57
2021,Teignbridge 002E,E01020245,805,280,105,175,525,422,103
2021,Teignbridge 018A,E01020246,681,245,92,153,436,359,77
2021,Teignbridge 018B,E01020247,631,239,78,161,392,329,63
2021,Teignbridge 018C,E01020248,807,281,102,179,526,444,82
2021,Teignbridge 018D,E01020249,636,223,85,138,413,352,61
2021,Teignbridge 009A,E01020250,735,244,80,164,491,408,83
2021,Teignbridge 011C,E01020251,769,243,103,140,526,423,103
2021,Teignbridge 009B,E01020252,1083,346,116,230,737,626,111
2021,Teignbridge 009C,E01020253,787,273,95,178,514,440,74
2021,Teignbridge 009D,E01020254,678,231,67,164,447,392,55
2021,Teignbridge 009E,E01020255,652,236,84,152,416,348,68
2021,Teignbridge 013D,E01020256,1004,306,98,208,698,580,118
2021,Teignbridge 009F,E01020257,608,215,71,144,393,328,65
2021,Teignbridge 003B,E01020258,813,317,119,198,496,389,107
2021,Teignbridge 003C,E01020259,540,226,85,141,314,211,103
2021,Teignbridge 011D,E01020260,446,173,72,101,273,216,57
2021,Teignbridge 011E,E01020261,523,208,84,124,315,257,58
2021,Teignbridge 001B,E01020262,640,220,77,143,420,306,114
2021,Teignbridge 001C,E01020263,613,221,79,142,392,309,83
2021,Teignbridge 010A,E01020264,600,215,65,150,385,323,62
2021,Teignbridge 008A,E01020265,810,296,101,195,514,420,94
2021,Teignbridge 008B,E01020266,762,281,99,182,481,399,82
2021,Teignbridge 008C,E01020267,554,220,89,131,334,266,68
2021,Teignbridge 008D,E01020268,651,225,81,144,426,350,76
2021,Teignbridge 010B,E01020269,720,236,79,157,484,403,81
2021,Teignbridge 008E,E01020270,778,264,70,194,514,457,57
2021,Teignbridge 010C,E01020271,712,280,84,196,432,369,63
2021,Teignbridge 010D,E01020272,809,286,85,201,523,440,83
2021,Teignbridge 003D,E01020273,690,259,89,170,431,352,79
2021,Teignbridge 001D,E01020274,651,241,106,135,410,304,106
2021,Torridge 001A,E01020275,534,224,89,135,310,266,44
2021,Torridge 001B,E01020276,603,226,83,143,377,320,57
2021,Torridge 004A,E01020277,827,326,78,248,501,435,66
2021,Torridge 004B,E01020278,793,292,104,188,501,393,108
2021,Torridge 004C,E01020279,1292,455,115,340,837,719,118
2021,Torridge 003A,E01020280,1008,371,117,254,637,543,94
2021,Torridge 003B,E01020281,945,352,115,237,593,513,80
2021,Torridge 003C,E01020282,631,255,66,189,376,313,63
2021,Torridge 004D,E01020283,1150,412,129,283,738,631,107
2021,Torridge 004E,E01020284,978,366,114,252,612,515,97
2021,Torridge 004F,E01020285,855,312,75,237,543,462,81
2021,Torridge 009A,E01020286,871,315,118,197,556,353,203
2021,Torridge 007A,E01020287,699,250,86,164,449,306,143
2021,Torridge 005A,E01020288,799,295,120,175,504,363,141
2021,Torridge 009B,E01020289,717,268,111,157,449,299,150
2021,Torridge 009C,E01020290,767,286,110,176,481,352,129
2021,Torridge 008A,E01020291,790,309,122,187,481,308,173
2021,Torridge 005B,E01020292,714,263,94,169,451,327,124
2021,Torridge 008B,E01020293,1182,446,161,285,736,537,199
2021,Torridge 008C,E01020294,966,341,111,230,625,527,98
2021,Torridge 005C,E01020295,787,308,130,178,479,348,131
2021,Torridge 005D,E01020296,661,247,92,155,414,316,98
2021,Torridge 001C,E01020297,603,253,67,186,350,293,57
2021,Torridge 002A,E01020298,816,324,127,197,492,388,104
2021,Torridge 001D,E01020299,671,253,95,158,418,334,84
2021,Torridge 002B,E01020300,705,286,103,183,419,335,84
2021,Torridge 009D,E01020301,940,351,138,213,589,407,182
2021,Torridge 008D,E01020302,812,319,123,196,493,350,143
2021,Torridge 007B,E01020303,721,271,95,176,450,331,119
2021,Torridge 006A,E01020304,762,254,78,176,508,410,98
2021,Torridge 006B,E01020305,488,180,58,122,308,265,43
2021,Torridge 006C,E01020306,634,225,77,148,409,347,62
2021,Torridge 006D,E01020307,751,272,76,196,479,405,74
2021,Torridge 007C,E01020308,902,312,111,201,590,442,148
2021,Torridge 008E,E01020309,826,293,110,183,533,367,166
2021,Torridge 007D,E01020311,955,341,131,210,614,441,173
2021,West Devon 007A,E01020312,671,241,93,148,430,338,92
2021,West Devon 007B,E01020313,640,245,75,170,395,332,63
2021,West Devon 004A,E01020314,777,253,108,145,524,353,171
2021,West Devon 007C,E01020315,675,249,85,164,426,335,91
2021,West Devon 007D,E01020316,783,275,107,168,508,387,121
2021,West Devon 006A,E01020317,588,230,91,139,358,297,61
2021,West Devon 003A,E01020318,668,293,116,177,375,287,88
2021,West Devon 003B,E01020319,859,306,117,189,553,382,171
2021,West Devon 001A,E01020320,869,310,113,197,559,371,188
2021,West Devon 001B,E01020321,1111,393,177,216,718,536,182
2021,West Devon 003C,E01020323,831,303,135,168,528,392,136
2021,West Devon 006B,E01020324,677,260,116,144,417,296,121
2021,West Devon 004B,E01020325,888,306,126,180,582,417,165
2021,West Devon 001D,E01020326,1159,405,149,256,754,607,147
2021,West Devon 002A,E01020327,826,236,74,162,590,484,106
2021,West Devon 002B,E01020328,1127,360,110,250,767,646,121
2021,West Devon 002C,E01020329,721,247,107,140,474,379,95
2021,West Devon 002D,E01020330,818,289,110,179,529,446,83
2021,West Devon 004C,E01020331,769,303,117,186,466,313,153
2021,West Devon 005A,E01020332,832,290,116,174,542,427,115
2021,West Devon 005B,E01020333,1007,342,106,236,665,541,124
2021,West Devon 005C,E01020334,815,316,114,202,499,426,73
2021,West Devon 005D,E01020335,568,219,85,134,349,278,71
2021,West Devon 005E,E01020336,500,197,66,131,303,240,63
2021,West Devon 005F,E01020337,500,166,50,116,334,259,75
2021,West Devon 005G,E01020338,1042,393,141,252,649,550,99
2021,West Devon 003D,E01020339,783,267,113,154,516,389,127
2021,West Devon 004D,E01020340,882,319,124,195,563,417,146
2021,West Devon 006C,E01020341,677,243,81,162,434,326,108
2021,West Devon 006D,E01020342,685,258,78,180,427,358,69
2021,"Bournemouth, Christchurch and Poole 002A",E01020343,689,243,89,154,446,373,73
2021,"Bournemouth, Christchurch and Poole 002B",E01020344,793,263,78,185,530,454,76
2021,"Bournemouth, Christchurch and Poole 002C",E01020345,532,187,63,124,345,289,56
2021,"Bournemouth, Christchurch and Poole 024A",E01020346,689,232,78,154,457,395,62
2021,"Bournemouth, Christchurch and Poole 024B",E01020347,726,261,83,178,465,409,56
2021,"Bournemouth, Christchurch and Poole 024C",E01020348,737,268,82,186,469,429,40
2021,"Bournemouth, Christchurch and Poole 019A",E01020349,500,144,40,104,356,296,60
2021,"Bournemouth, Christchurch and Poole 019B",E01020350,573,201,76,125,372,316,56
2021,"Bournemouth, Christchurch and Poole 014A",E01020351,597,231,91,140,366,299,67
2021,"Bournemouth, Christchurch and Poole 014B",E01020352,681,237,91,146,444,385,59
2021,"Bournemouth, Christchurch and Poole 014C",E01020353,742,260,79,181,482,408,74
2021,"Bournemouth, Christchurch and Poole 033A",E01020354,642,221,74,147,421,362,59
2021,"Bournemouth, Christchurch and Poole 033B",E01020355,644,247,100,147,397,319,78
2021,"Bournemouth, Christchurch and Poole 033C",E01020356,558,207,81,126,351,285,66
2021,"Bournemouth, Christchurch and Poole 019C",E01020357,1036,361,128,233,675,562,113
2021,"Bournemouth, Christchurch and Poole 019D",E01020358,556,199,99,100,357,307,50
2021,"Bournemouth, Christchurch and Poole 014D",E01020359,631,238,76,162,393,337,56
2021,"Bournemouth, Christchurch and Poole 031A",E01020360,866,301,109,192,565,473,92
2021,"Bournemouth, Christchurch and Poole 031B",E01020361,880,299,87,212,581,493,88
2021,"Bournemouth, Christchurch and Poole 033D",E01020362,589,205,80,125,384,317,67
2021,"Bournemouth, Christchurch and Poole 024D",E01020363,539,179,60,119,360,315,45
2021,"Bournemouth, Christchurch and Poole 031C",E01020364,626,211,83,128,415,348,67
2021,"Bournemouth, Christchurch and Poole 002D",E01020365,761,277,111,166,484,401,83
2021,"Bournemouth, Christchurch and Poole 014E",E01020366,988,372,148,224,616,520,96
2021,"Bournemouth, Christchurch and Poole 031D",E01020367,740,282,116,166,458,361,97
2021,"Bournemouth, Christchurch and Poole 018A",E01020369,534,172,54,118,362,308,54
2021,"Bournemouth, Christchurch and Poole 018B",E01020370,816,292,86,206,524,432,92
2021,"Bournemouth, Christchurch and Poole 018C",E01020371,595,225,94,131,370,317,53
2021,"Bournemouth, Christchurch and Poole 018D",E01020372,644,225,78,147,419,373,46
2021,Dorset 007A,E01020373,717,257,103,154,460,370,90
2021,Dorset 007B,E01020374,701,255,112,143,446,356,90
2021,Dorset 020A,E01020375,596,229,92,137,367,303,64
2021,Dorset 020B,E01020376,511,163,51,112,348,298,50
2021,Dorset 017A,E01020377,753,268,104,164,485,385,100
2021,Dorset 020C,E01020378,729,255,93,162,474,390,84
2021,Dorset 017B,E01020379,672,237,87,150,435,372,63
2021,Dorset 017C,E01020380,806,275,116,159,531,419,112
2021,Dorset 017D,E01020381,554,218,106,112,336,272,64
2021,Dorset 025A,E01020382,796,238,94,144,558,474,84
2021,Dorset 025B,E01020383,917,308,111,197,609,514,95
2021,Dorset 025C,E01020384,890,309,96,213,581,510,71
2021,Dorset 025D,E01020385,598,206,67,139,392,324,68
2021,Dorset 025E,E01020386,660,246,101,145,414,345,69
2021,Dorset 025F,E01020387,468,161,58,103,307,248,59
2021,Dorset 025G,E01020388,709,257,92,165,452,370,82
2021,Dorset 007C,E01020389,1063,377,130,247,686,522,164
2021,Dorset 018A,E01020390,419,152,51,101,267,215,52
2021,Dorset 018B,E01020391,559,205,95,110,354,287,67
2021,Dorset 018C,E01020392,667,213,75,138,454,381,73
2021,Dorset 018D,E01020393,732,260,90,170,472,396,76
2021,Dorset 018E,E01020394,525,176,43,133,349,287,62
2021,Dorset 024A,E01020395,589,202,74,128,387,316,71
2021,Dorset 013A,E01020396,506,181,67,114,325,243,82
2021,Dorset 007D,E01020397,655,233,91,142,422,306,116
2021,Dorset 013B,E01020398,1165,425,193,232,740,534,206
2021,Dorset 024B,E01020400,741,245,101,144,496,400,96
2021,Dorset 024C,E01020401,604,225,99,126,379,303,76
2021,Dorset 024D,E01020402,652,253,87,166,399,342,57
2021,Dorset 015A,E01020403,622,225,102,123,397,289,108
2021,Dorset 015B,E01020404,628,224,93,131,404,320,84
2021,Dorset 015C,E01020405,962,306,125,181,656,499,157
2021,Dorset 015D,E01020406,887,320,137,183,567,437,130
2021,Dorset 020D,E01020407,543,185,70,115,358,293,65
2021,Dorset 020E,E01020408,521,185,67,118,336,267,69
2021,Dorset 013C,E01020409,623,249,103,146,374,299,75
2021,Dorset 013D,E01020410,618,223,97,126,395,308,87
2021,Dorset 012A,E01020411,469,171,61,110,298,253,45
2021,Dorset 012B,E01020412,706,244,90,154,462,364,98
2021,Dorset 012C,E01020413,620,222,89,133,398,340,58
2021,Dorset 012D,E01020414,886,293,112,181,593,481,112
2021,Dorset 012E,E01020415,681,248,91,157,433,360,73
2021,Dorset 010A,E01020416,859,276,97,179,583,492,91
2021,Dorset 010B,E01020417,551,168,65,103,383,308,75
2021,Dorset 010C,E01020418,611,210,88,122,401,325,76
2021,Dorset 010D,E01020419,997,295,108,187,702,581,121
2021,Dorset 010E,E01020420,680,218,76,142,462,381,81
2021,Dorset 016A,E01020421,531,180,81,99,351,286,65
2021,Dorset 016B,E01020422,502,163,54,109,339,287,52
2021,Dorset 016C,E01020423,574,199,67,132,375,302,73
2021,Dorset 016D,E01020424,590,208,80,128,382,320,62
2021,Dorset 016E,E01020425,571,196,68,128,375,304,71
2021,Dorset 021A,E01020426,730,268,86,182,462,362,100
2021,Dorset 021B,E01020427,938,298,96,202,640,537,103
2021,Dorset 021C,E01020428,834,285,122,163,549,467,82
2021,Dorset 021D,E01020429,994,302,115,187,692,572,120
2021,Dorset 014A,E01020430,663,233,79,154,430,349,81
2021,Dorset 014B,E01020431,515,188,71,117,327,234,93
2021,Dorset 014C,E01020432,625,210,72,138,415,323,92
2021,Dorset 005A,E01020433,815,276,108,168,539,397,142
2021,Dorset 005B,E01020434,753,273,94,179,480,400,80
2021,Dorset 011A,E01020435,917,296,91,205,621,535,86
2021,Dorset 011B,E01020436,1142,369,136,233,773,649,124
2021,Dorset 011C,E01020437,869,307,108,199,562,486,76
2021,Dorset 011D,E01020438,923,293,88,205,630,513,117
2021,Dorset 011E,E01020439,1089,398,152,246,691,579,112
2021,Dorset 002A,E01020440,878,325,122,203,553,412,141
2021,Dorset 014D,E01020441,956,329,133,196,627,476,151
2021,Dorset 009A,E01020442,910,320,118,202,590,441,149
2021,Dorset 001A,E01020443,1152,340,118,222,812,683,129
2021,Dorset 006A,E01020444,803,270,111,159,533,435,98
2021,Dorset 006B,E01020445,514,177,73,104,337,238,99
2021,Dorset 006C,E01020446,593,193,79,114,400,301,99
2021,Dorset 001B,E01020447,705,229,84,145,476,393,83
2021,Dorset 014E,E01020448,919,318,143,175,601,441,160
2021,Dorset 005C,E01020449,784,303,134,169,481,358,123
2021,Dorset 002B,E01020450,1155,391,149,242,764,629,135
2021,Dorset 009B,E01020452,1022,343,125,218,679,525,154
2021,Dorset 009C,E01020453,867,287,117,170,580,454,126
2021,Dorset 003A,E01020454,911,282,110,172,629,545,84
2021,Dorset 003B,E01020456,914,256,81,175,658,565,93
2021,Dorset 003C,E01020457,603,221,75,146,382,313,69
2021,Dorset 005D,E01020458,1041,340,117,223,701,539,162
2021,Dorset 006D,E01020460,977,359,151,208,618,453,165
2021,Dorset 002C,E01020462,847,330,143,187,517,385,132
2021,Dorset 001C,E01020463,771,268,106,162,503,416,87
2021,Dorset 001D,E01020464,653,224,77,147,429,353,76
2021,Dorset 027A,E01020465,924,284,112,172,640,522,118
2021,Dorset 039A,E01020466,760,282,111,171,478,354,124
2021,Dorset 039B,E01020467,833,330,130,200,503,383,120
2021,Dorset 039C,E01020468,616,249,111,138,367,288,79
2021,Dorset 027B,E01020469,971,347,133,214,624,523,101
2021,Dorset 027C,E01020470,783,292,105,187,491,390,101
2021,Dorset 028A,E01020471,684,211,64,147,473,418,55
2021,Dorset 028B,E01020472,670,230,78,152,440,383,57
2021,Dorset 028C,E01020473,769,252,74,178,517,453,64
2021,Dorset 028D,E01020474,839,289,117,172,550,449,101
2021,Dorset 028E,E01020475,1125,373,123,250,752,628,124
2021,Dorset 033A,E01020476,510,186,67,119,324,255,69
2021,Dorset 033B,E01020477,665,256,100,156,409,333,76
2021,Dorset 042A,E01020478,456,171,61,110,285,235,50
2021,Dorset 042B,E01020479,323,120,45,75,203,163,40
2021,Dorset 042C,E01020480,562,232,111,121,330,267,63
2021,Dorset 042D,E01020481,539,231,101,130,308,257,51
2021,Dorset 042E,E01020482,729,283,101,182,446,342,104
2021,Dorset 042F,E01020483,530,216,79,137,314,271,43
2021,Dorset 042G,E01020484,613,275,95,180,338,287,51
2021,Dorset 033C,E01020485,601,223,84,139,378,306,72
2021,Dorset 033D,E01020486,683,232,83,149,451,371,80
2021,Dorset 033E,E01020487,584,225,77,148,359,292,67
2021,Dorset 033F,E01020488,651,230,76,154,421,354,67
2021,Dorset 035A,E01020489,669,203,67,136,466,356,110
2021,Dorset 035B,E01020490,752,264,93,171,488,368,120
2021,Dorset 035C,E01020491,752,229,70,159,523,442,81
2021,Dorset 035D,E01020492,498,144,45,99,354,296,58
2021,Dorset 035E,E01020493,1380,343,114,229,1037,839,198
2021,Dorset 019A,E01020494,637,210,72,138,427,322,105
2021,Dorset 019B,E01020495,537,207,75,132,330,268,62
2021,Dorset 019C,E01020496,555,212,81,131,343,273,70
2021,Dorset 008A,E01020497,840,305,125,180,535,429,106
2021,Dorset 026A,E01020498,829,309,111,198,520,431,89
2021,Dorset 026B,E01020499,570,230,72,158,340,296,44
2021,Dorset 026C,E01020500,700,287,116,171,413,342,71
2021,Dorset 026D,E01020501,541,240,95,145,301,259,42
2021,Dorset 030A,E01020502,716,312,117,195,404,350,54
2021,Dorset 030B,E01020503,719,275,124,151,444,391,53
2021,Dorset 030C,E01020504,797,350,146,204,447,384,63
2021,Dorset 036A,E01020505,859,318,116,202,541,435,106
2021,Dorset 019D,E01020506,717,265,100,165,452,327,125
2021,Dorset 029A,E01020507,732,285,141,144,447,351,96
2021,Dorset 008B,E01020508,924,342,134,208,582,417,165
2021,Dorset 022A,E01020509,1261,438,186,252,823,637,186
2021,Dorset 022B,E01020510,1090,358,123,235,732,626,106
2021,Dorset 023A,E01020511,637,275,112,163,362,289,73
2021,Dorset 037A,E01020512,940,359,148,211,581,442,139
2021,Dorset 037B,E01020513,752,233,67,166,519,432,87
2021,Dorset 037C,E01020514,962,290,92,198,672,577,95
2021,Dorset 037D,E01020515,561,170,49,121,391,341,50
2021,Dorset 037E,E01020516,665,232,56,176,433,385,48
2021,Dorset 029B,E01020517,728,328,139,189,400,313,87
2021,Dorset 034A,E01020518,722,252,81,171,470,412,58
2021,Dorset 034B,E01020519,812,306,103,203,506,433,73
2021,Dorset 034C,E01020520,686,230,74,156,456,394,62
2021,Dorset 034D,E01020523,657,212,68,144,445,365,80
2021,Dorset 034E,E01020524,624,188,59,129,436,362,74
2021,Dorset 034F,E01020525,602,230,99,131,372,303,69
2021,Dorset 032A,E01020526,580,248,88,160,332,278,54
2021,Dorset 032B,E01020527,756,235,61,174,521,459,62
2021,Dorset 032C,E01020528,1064,387,136,251,677,574,103
2021,Dorset 022C,E01020529,1078,372,146,226,706,545,161
2021,Dorset 019E,E01020530,871,310,130,180,561,387,174
2021,Dorset 029C,E01020531,800,318,134,184,482,375,107
2021,Dorset 023B,E01020532,497,191,103,88,306,228,78
2021,Dorset 023C,E01020533,895,374,132,242,521,427,94
2021,Dorset 019F,E01020534,1001,376,138,238,625,464,161
2021,Dorset 023D,E01020535,795,316,125,191,479,332,147
2021,Dorset 029D,E01020536,1049,413,158,255,636,496,140
2021,Dorset 036B,E01020537,958,346,136,210,612,476,136
2021,Dorset 036C,E01020538,877,282,85,197,595,500,95
2021,Dorset 022D,E01020539,1007,346,156,190,661,486,175
2021,Dorset 022E,E01020540,1298,450,162,288,848,651,197
2021,Dorset 008C,E01020541,1010,363,137,226,647,450,197
2021,Dorset 004A,E01020542,507,174,68,106,333,254,79
2021,Dorset 004B,E01020543,631,242,64,178,389,330,59
2021,Dorset 004C,E01020544,553,177,78,99,376,289,87
2021,Dorset 004D,E01020546,439,143,64,79,296,208,88
2021,Dorset 004E,E01020547,496,169,58,111,327,285,42
2021,Dorset 036D,E01020549,966,325,113,212,641,516,125
2021,Dorset 008D,E01020550,715,255,91,164,460,355,105
2021,Dorset 038A,E01020551,1059,338,97,241,721,635,86
2021,Dorset 038B,E01020552,658,252,74,178,406,358,48
2021,Dorset 044A,E01020553,652,189,74,115,463,391,72
2021,Dorset 044B,E01020554,818,299,117,182,519,415,104
2021,Dorset 044C,E01020555,640,213,69,144,427,348,79
2021,Dorset 044D,E01020556,662,243,97,146,419,342,77
2021,Dorset 040A,E01020557,532,180,73,107,352,309,43
2021,Dorset 040B,E01020558,740,268,96,172,472,398,74
2021,Dorset 040C,E01020559,584,212,83,129,372,317,55
2021,Dorset 040D,E01020560,786,302,106,196,484,417,67
2021,Dorset 040E,E01020561,903,338,114,224,565,504,61
2021,Dorset 048A,E01020562,1065,345,117,228,720,626,94
2021,Dorset 047A,E01020563,574,210,65,145,364,313,51
2021,Dorset 048B,E01020564,702,250,60,190,452,383,69
2021,Dorset 048C,E01020565,676,233,62,171,443,394,49
2021,Dorset 048D,E01020566,900,340,118,222,560,476,84
2021,Dorset 047B,E01020569,690,252,77,175,438,366,72
2021,Dorset 038C,E01020570,733,264,92,172,469,397,72
2021,Dorset 038D,E01020571,1104,362,115,247,742,643,99
2021,Dorset 043A,E01020572,1055,315,95,220,740,647,93
2021,Dorset 043B,E01020573,779,281,88,193,498,429,69
2021,Dorset 041A,E01020574,839,279,90,189,560,482,78
2021,Dorset 041B,E01020575,718,259,65,194,459,396,63
2021,Dorset 041C,E01020576,721,263,89,174,458,385,73
2021,Dorset 043C,E01020577,947,311,122,189,636,547,89
2021,Dorset 043D,E01020578,870,296,94,202,574,479,95
2021,Dorset 041D,E01020579,902,330,119,211,572,474,98
2021,Dorset 041E,E01020580,683,228,81,147,455,385,70
2021,Dorset 044E,E01020581,716,265,96,169,451,361,90
2021,Dorset 044F,E01020582,543,205,63,142,338,290,48
2021,Dorset 045A,E01020583,846,288,104,184,558,452,106
2021,Dorset 045B,E01020584,770,248,79,169,522,459,63
2021,Dorset 045C,E01020585,660,229,66,163,431,394,37
2021,Dorset 046A,E01020586,597,214,79,135,383,327,56
2021,Dorset 046B,E01020587,694,260,82,178,434,365,69
2021,Dorset 046C,E01020588,679,216,85,131,463,375,88
2021,Dorset 046D,E01020589,593,212,81,131,381,326,55
2021,County Durham 015A,E01020590,556,175,55,120,381,329,52
2021,County Durham 015B,E01020591,530,170,49,121,360,301,59
2021,County Durham 011A,E01020592,526,185,48,137,341,301,40
2021,County Durham 011B,E01020593,607,156,38,118,451,395,56
2021,County Durham 013A,E01020594,751,209,60,149,542,472,70
2021,County Durham 013B,E01020595,729,206,60,146,523,439,84
2021,County Durham 007A,E01020596,698,221,58,163,477,420,57
2021,County Durham 007B,E01020597,621,160,58,102,461,411,50
2021,County Durham 007C,E01020598,768,206,75,131,562,503,59
2021,County Durham 011C,E01020599,700,230,81,149,470,416,54
2021,County Durham 013C,E01020600,576,168,50,118,408,343,65
2021,County Durham 011D,E01020601,707,204,69,135,503,433,70
2021,County Durham 011E,E01020602,692,214,58,156,478,427,51
2021,County Durham 013D,E01020603,805,204,72,132,601,500,101
2021,County Durham 019A,E01020604,620,201,70,131,419,349,70
2021,County Durham 013E,E01020605,806,213,68,145,593,517,76
2021,County Durham 005A,E01020606,571,150,48,102,421,366,55
2021,County Durham 019B,E01020607,833,247,82,165,586,509,77
2021,County Durham 015C,E01020608,872,251,68,183,621,524,97
2021,County Durham 015D,E01020609,503,151,39,112,352,292,60
2021,County Durham 015E,E01020610,661,187,51,136,474,411,63
2021,County Durham 007D,E01020611,921,205,64,141,716,619,97
2021,County Durham 007E,E01020612,610,158,59,99,452,378,74
2021,County Durham 002A,E01020613,646,177,43,134,469,390,79
2021,County Durham 002B,E01020614,565,164,50,114,401,352,49
2021,County Durham 005B,E01020615,667,204,56,148,463,410,53
2021,County Durham 005C,E01020616,783,226,57,169,557,499,58
2021,County Durham 005D,E01020617,1317,312,93,219,1005,880,125
2021,County Durham 011F,E01020618,980,260,82,178,720,619,101
2021,County Durham 019C,E01020619,754,211,49,162,543,483,60
2021,County Durham 019D,E01020620,732,205,62,143,527,469,58
2021,County Durham 019E,E01020621,851,249,67,182,602,539,63
2021,County Durham 002C,E01020622,800,235,83,152,565,492,73
2021,County Durham 002D,E01020623,780,207,64,143,573,500,73
2021,County Durham 009A,E01020624,788,220,58,162,568,493,75
2021,County Durham 009B,E01020625,661,212,74,138,449,383,66
2021,County Durham 006A,E01020626,475,127,30,97,348,316,32
2021,County Durham 003A,E01020627,713,188,52,136,525,461,64
2021,County Durham 003B,E01020628,814,221,83,138,593,491,102
2021,County Durham 003C,E01020629,866,265,83,182,601,522,79
2021,County Durham 014A,E01020630,563,181,60,121,382,322,60
2021,County Durham 014B,E01020631,678,212,63,149,466,404,62
2021,County Durham 010A,E01020632,858,223,75,148,635,552,83
2021,County Durham 020A,E01020633,653,189,52,137,464,390,74
2021,County Durham 001A,E01020634,778,204,54,150,574,478,96
2021,County Durham 001B,E01020635,624,174,56,118,450,375,75
2021,County Durham 001C,E01020636,735,185,41,144,550,484,66
2021,County Durham 014C,E01020637,786,205,61,144,581,479,102
2021,County Durham 006B,E01020638,643,176,47,129,467,410,57
2021,County Durham 006C,E01020639,720,214,46,168,506,438,68
2021,County Durham 010B,E01020640,1164,318,105,213,846,753,93
2021,County Durham 010C,E01020641,924,226,65,161,698,601,97
2021,County Durham 010D,E01020642,650,197,61,136,453,393,60
2021,County Durham 010E,E01020643,998,278,71,207,720,637,83
2021,County Durham 014E,E01020645,644,190,53,137,454,411,43
2021,County Durham 024A,E01020646,767,221,63,158,546,430,116
2021,County Durham 008A,E01020647,811,258,82,176,553,498,55
2021,County Durham 008B,E01020648,1263,291,78,213,972,881,91
2021,County Durham 008C,E01020649,691,204,64,140,487,440,47
2021,County Durham 012A,E01020650,1129,305,86,219,824,719,105
2021,County Durham 012B,E01020651,725,210,70,140,515,452,63
2021,County Durham 012C,E01020652,907,241,60,181,666,577,89
2021,County Durham 006D,E01020653,614,172,54,118,442,388,54
2021,County Durham 001D,E01020654,924,221,60,161,703,618,85
2021,County Durham 003D,E01020655,869,239,81,158,630,534,96
2021,County Durham 003E,E01020656,563,173,56,117,390,321,69
2021,County Durham 003F,E01020657,711,209,54,155,502,430,72
2021,County Durham 024B,E01020658,882,268,61,207,614,558,56
2021,County Durham 024C,E01020659,701,193,53,140,508,441,67
2021,County Durham 024D,E01020660,716,207,76,131,509,411,98
2021,County Durham 004A,E01020661,808,198,57,141,610,546,64
2021,County Durham 004B,E01020662,740,196,65,131,544,482,62
2021,County Durham 004C,E01020663,829,223,62,161,606,526,80
2021,County Durham 020B,E01020664,737,224,79,145,513,400,113
2021,County Durham 020C,E01020665,541,178,54,124,363,310,53
2021,County Durham 020D,E01020666,574,153,49,104,421,355,66
2021,County Durham 010F,E01020667,671,193,57,136,478,423,55
2021,County Durham 012D,E01020668,640,200,60,140,440,406,34
2021,County Durham 012E,E01020669,650,184,55,129,466,413,53
2021,County Durham 009C,E01020670,565,165,43,122,400,370,30
2021,County Durham 009D,E01020671,457,136,39,97,321,282,39
2021,County Durham 009E,E01020672,718,222,57,165,496,418,78
2021,County Durham 008D,E01020673,561,172,54,118,389,350,39
2021,County Durham 004D,E01020674,611,205,67,138,406,357,49
2021,County Durham 008E,E01020675,707,214,66,148,493,429,64
2021,County Durham 001E,E01020676,725,206,68,138,519,457,62
2021,County Durham 006E,E01020677,609,173,54,119,436,358,78
2021,County Durham 004E,E01020678,580,152,45,107,428,376,52
2021,County Durham 026A,E01020679,681,228,55,173,453,396,57
2021,County Durham 026B,E01020680,822,220,77,143,602,497,105
2021,County Durham 026C,E01020681,664,197,60,137,467,413,54
2021,County Durham 028A,E01020682,714,194,75,119,520,452,68
2021,County Durham 028B,E01020683,735,184,69,115,551,486,65
2021,County Durham 038A,E01020685,723,218,84,134,505,426,79
2021,County Durham 038B,E01020686,511,186,52,134,325,299,26
2021,County Durham 038C,E01020687,522,143,38,105,379,343,36
2021,County Durham 038D,E01020688,684,217,55,162,467,406,61
2021,County Durham 038E,E01020689,591,192,49,143,399,361,38
2021,County Durham 028C,E01020690,527,170,51,119,357,320,37
2021,County Durham 028D,E01020691,631,183,45,138,448,395,53
2021,County Durham 028E,E01020692,626,151,46,105,475,417,58
2021,County Durham 029A,E01020693,567,176,77,99,391,343,48
2021,County Durham 041A,E01020694,601,170,57,113,431,369,62
2021,County Durham 044A,E01020695,1084,252,75,177,832,727,105
2021,County Durham 041B,E01020696,544,135,43,92,409,338,71
2021,County Durham 041C,E01020697,737,196,58,138,541,480,61
2021,County Durham 044B,E01020698,839,191,50,141,648,566,82
2021,County Durham 044C,E01020699,637,165,38,127,472,415,57
2021,County Durham 044D,E01020700,652,170,57,113,482,431,51
2021,County Durham 044E,E01020701,648,162,54,108,486,419,67
2021,County Durham 033B,E01020702,1130,283,138,145,847,676,171
2021,County Durham 030A,E01020703,495,299,242,57,196,160,36
2021,County Durham 033C,E01020704,525,228,143,85,297,229,68
2021,County Durham 031A,E01020705,676,194,58,136,482,436,46
2021,County Durham 031B,E01020706,807,236,69,167,571,491,80
2021,County Durham 023A,E01020708,550,136,45,91,414,336,78
2021,County Durham 022A,E01020709,1026,326,118,208,700,566,134
2021,County Durham 023B,E01020710,817,197,64,133,620,554,66
2021,County Durham 023C,E01020711,763,248,79,169,515,463,52
2021,County Durham 033D,E01020712,690,226,108,118,464,381,83
2021,County Durham 026D,E01020714,692,184,49,135,508,440,68
2021,County Durham 026E,E01020716,629,211,51,160,418,362,56
2021,County Durham 022B,E01020717,578,147,55,92,431,375,56
2021,County Durham 022C,E01020718,550,178,43,135,372,318,54
2021,County Durham 022D,E01020719,539,129,35,94,410,360,50
2021,County Durham 023D,E01020720,564,161,46,115,403,361,42
2021,County Durham 022E,E01020721,504,161,50,111,343,303,40
2021,County Durham 029B,E01020722,708,251,114,137,457,407,50
2021,County Durham 029C,E01020723,522,214,128,86,308,261,47
2021,County Durham 029D,E01020724,604,270,91,179,334,297,37
2021,County Durham 027A,E01020725,722,213,82,131,509,432,77
2021,County Durham 027B,E01020726,544,158,65,93,386,320,66
2021,County Durham 027C,E01020727,475,150,48,102,325,287,38
2021,County Durham 027D,E01020729,1028,287,97,190,741,642,99
2021,County Durham 027E,E01020730,720,226,79,147,494,432,62
2021,County Durham 027F,E01020731,692,197,59,138,495,434,61
2021,County Durham 041D,E01020732,1127,277,100,177,850,676,174
2021,County Durham 035A,E01020733,476,138,40,98,338,303,35
2021,County Durham 035B,E01020734,481,132,45,87,349,314,35
2021,County Durham 035C,E01020735,660,174,58,116,486,449,37
2021,County Durham 039B,E01020737,578,154,33,121,424,374,50
2021,County Durham 039D,E01020739,342,83,21,62,259,222,37
2021,County Durham 017A,E01020740,629,175,45,130,454,389,65
2021,County Durham 017B,E01020741,452,121,38,83,331,292,39
2021,County Durham 017C,E01020742,695,209,50,159,486,435,51
2021,County Durham 018A,E01020743,742,218,49,169,524,459,65
2021,County Durham 039E,E01020744,476,125,28,97,351,310,41
2021,County Durham 032A,E01020745,418,148,44,104,270,246,24
2021,County Durham 037A,E01020746,442,105,31,74,337,294,43
2021,County Durham 018B,E01020747,350,105,23,82,245,225,20
2021,County Durham 018C,E01020748,486,164,43,121,322,279,43
2021,County Durham 018D,E01020749,373,122,31,91,251,227,24
2021,County Durham 016A,E01020750,486,134,43,91,352,316,36
2021,County Durham 025A,E01020751,687,179,45,134,508,458,50
2021,County Durham 025B,E01020752,339,114,21,93,225,204,21
2021,County Durham 032B,E01020753,728,191,57,134,537,476,61
2021,County Durham 025C,E01020754,571,169,60,109,402,344,58
2021,County Durham 025D,E01020756,782,198,60,138,584,498,86
2021,County Durham 032C,E01020757,412,133,35,98,279,254,25
2021,County Durham 032D,E01020758,478,135,34,101,343,303,40
2021,County Durham 032E,E01020759,610,178,50,128,432,386,46
2021,County Durham 034A,E01020760,946,223,68,155,723,634,89
2021,County Durham 034B,E01020761,652,186,56,130,466,421,45
2021,County Durham 034C,E01020762,511,152,47,105,359,326,33
2021,County Durham 034D,E01020763,766,229,59,170,537,451,86
2021,County Durham 036A,E01020764,328,114,35,79,214,188,26
2021,County Durham 032F,E01020765,628,185,52,133,443,399,44
2021,County Durham 036B,E01020766,499,165,51,114,334,307,27
2021,County Durham 036C,E01020767,518,175,37,138,343,310,33
2021,County Durham 036D,E01020768,603,177,55,122,426,376,50
2021,County Durham 037B,E01020769,455,139,46,93,316,276,40
2021,County Durham 035D,E01020770,444,128,30,98,316,279,37
2021,County Durham 035E,E01020771,402,109,37,72,293,260,33
2021,County Durham 043A,E01020772,915,262,88,174,653,537,116
2021,County Durham 018E,E01020773,551,146,42,104,405,377,28
2021,County Durham 018F,E01020775,594,206,47,159,388,340,48
2021,County Durham 021C,E01020776,750,202,54,148,548,479,69
2021,County Durham 037C,E01020777,526,160,41,119,366,331,35
2021,County Durham 037D,E01020778,497,120,39,81,377,338,39
2021,County Durham 037E,E01020779,760,190,53,137,570,513,57
2021,County Durham 035F,E01020780,508,142,31,111,366,326,40
2021,County Durham 017D,E01020782,537,138,40,98,399,357,42
2021,County Durham 017E,E01020783,540,168,44,124,372,329,43
2021,County Durham 017F,E01020784,567,172,50,122,395,338,57
2021,County Durham 016D,E01020786,693,191,55,136,502,424,78
2021,County Durham 016E,E01020787,747,210,46,164,537,490,47
2021,County Durham 040A,E01020788,612,155,54,101,457,399,58
2021,County Durham 040B,E01020789,734,172,46,126,562,484,78
2021,County Durham 040C,E01020790,558,138,45,93,420,378,42
2021,County Durham 040D,E01020791,524,163,52,111,361,312,49
2021,County Durham 040E,E01020792,594,160,51,109,434,389,45
2021,County Durham 043B,E01020793,629,206,58,148,423,385,38
2021,County Durham 043C,E01020794,997,254,60,194,743,653,90
2021,County Durham 043D,E01020795,754,213,77,136,541,471,70
2021,County Durham 054A,E01020796,607,161,53,108,446,373,73
2021,County Durham 050A,E01020797,931,259,83,176,672,575,97
2021,County Durham 050B,E01020798,525,152,39,113,373,341,32
2021,County Durham 050C,E01020799,658,163,37,126,495,446,49
2021,County Durham 059A,E01020801,641,179,57,122,462,412,50
2021,County Durham 059B,E01020802,757,215,75,140,542,473,69
2021,County Durham 053D,E01020805,739,199,50,149,540,471,69
2021,County Durham 049A,E01020806,505,149,44,105,356,313,43
2021,County Durham 049B,E01020807,424,128,38,90,296,255,41
2021,County Durham 050D,E01020808,538,150,48,102,388,341,47
2021,County Durham 048A,E01020809,537,156,40,116,381,334,47
2021,County Durham 048B,E01020810,576,176,67,109,400,342,58
2021,County Durham 048C,E01020811,529,162,51,111,367,320,47
2021,County Durham 048D,E01020812,647,200,47,153,447,378,69
2021,County Durham 060A,E01020813,566,136,48,88,430,375,55
2021,County Durham 060B,E01020814,671,142,40,102,529,469,60
2021,County Durham 060C,E01020815,568,149,44,105,419,371,48
2021,County Durham 061A,E01020816,440,123,34,89,317,288,29
2021,County Durham 047A,E01020817,532,127,35,92,405,353,52
2021,County Durham 047B,E01020818,564,158,48,110,406,366,40
2021,County Durham 047C,E01020819,387,133,35,98,254,232,22
2021,County Durham 049C,E01020820,871,187,49,138,684,607,77
2021,County Durham 052A,E01020821,1051,253,76,177,798,691,107
2021,County Durham 052B,E01020822,1056,268,92,176,788,670,118
2021,County Durham 052C,E01020823,694,185,52,133,509,431,78
2021,County Durham 063A,E01020824,623,163,61,102,460,413,47
2021,County Durham 062A,E01020825,766,199,59,140,567,497,70
2021,County Durham 063B,E01020826,642,177,56,121,465,412,53
2021,County Durham 048E,E01020827,728,210,61,149,518,456,62
2021,County Durham 054B,E01020828,723,217,86,131,506,367,139
2021,County Durham 054C,E01020829,1125,286,88,198,839,710,129
2021,County Durham 054D,E01020830,850,234,75,159,616,522,94
2021,County Durham 062B,E01020831,544,155,46,109,389,340,49
2021,County Durham 063C,E01020832,580,147,47,100,433,391,42
2021,County Durham 062C,E01020833,529,134,47,87,395,344,51
2021,County Durham 062D,E01020834,545,150,39,111,395,353,42
2021,County Durham 052D,E01020835,646,159,49,110,487,431,56
2021,County Durham 047D,E01020837,717,188,64,124,529,480,49
2021,County Durham 059C,E01020838,648,192,51,141,456,408,48
2021,County Durham 059D,E01020839,576,168,43,125,408,374,34
2021,County Durham 059E,E01020840,987,279,85,194,708,606,102
2021,County Durham 059F,E01020841,550,178,36,142,372,340,32
2021,County Durham 047E,E01020843,724,189,67,122,535,440,95
2021,County Durham 061B,E01020844,557,152,44,108,405,348,57
2021,County Durham 063D,E01020845,511,141,40,101,370,321,49
2021,County Durham 063E,E01020846,436,123,41,82,313,265,48
2021,County Durham 061C,E01020847,541,161,47,114,380,327,53
2021,County Durham 060D,E01020848,545,143,47,96,402,353,49
2021,County Durham 061D,E01020849,492,140,39,101,352,323,29
2021,County Durham 060E,E01020850,1303,303,77,226,1000,853,147
2021,County Durham 060F,E01020851,598,155,50,105,443,377,66
2021,County Durham 067E,E01020852,590,171,57,114,419,356,63
2021,County Durham 067D,E01020853,759,224,67,157,535,463,72
2021,County Durham 067F,E01020854,1042,312,127,185,730,592,138
2021,County Durham 067C,E01020855,490,150,51,99,340,300,40
2021,County Durham 064A,E01020856,637,194,60,134,443,372,71
2021,County Durham 067B,E01020857,668,216,82,134,452,317,135
2021,County Durham 064B,E01020858,485,148,46,102,337,266,71
2021,County Durham 064C,E01020859,590,174,63,111,416,335,81
2021,County Durham 064D,E01020860,417,134,33,101,283,240,43
2021,County Durham 064E,E01020861,505,141,41,100,364,302,62
2021,County Durham 064F,E01020862,1045,284,100,184,761,584,177
2021,County Durham 067G,E01020863,688,201,85,116,487,318,169
2021,County Durham 064G,E01020864,991,290,107,183,701,538,163
2021,County Durham 064H,E01020867,1009,292,85,207,717,548,169
2021,County Durham 055A,E01020868,963,246,71,175,717,626,91
2021,County Durham 055B,E01020869,601,196,43,153,405,363,42
2021,County Durham 056A,E01020870,550,174,43,131,376,329,47
2021,County Durham 056B,E01020871,565,185,51,134,380,336,44
2021,County Durham 056C,E01020872,764,220,68,152,544,469,75
2021,County Durham 051A,E01020873,461,154,43,111,307,262,45
2021,County Durham 055C,E01020874,636,200,61,139,436,373,63
2021,County Durham 051B,E01020875,670,198,69,129,472,390,82
2021,County Durham 045A,E01020876,731,207,59,148,524,457,67
2021,County Durham 046A,E01020877,599,180,57,123,419,358,61
2021,County Durham 045B,E01020878,723,224,76,148,499,447,52
2021,County Durham 046B,E01020879,1014,261,71,190,753,653,100
2021,County Durham 055D,E01020880,621,177,58,119,444,390,54
2021,County Durham 055E,E01020881,664,186,56,130,478,425,53
2021,County Durham 057A,E01020882,688,203,58,145,485,399,86
2021,County Durham 056D,E01020883,841,228,66,162,613,538,75
2021,County Durham 058A,E01020884,498,149,40,109,349,309,40
2021,County Durham 058B,E01020885,462,135,40,95,327,291,36
2021,County Durham 056E,E01020886,529,165,47,118,364,327,37
2021,County Durham 045C,E01020887,916,252,71,181,664,573,91
2021,County Durham 057B,E01020888,932,245,77,168,687,572,115
2021,County Durham 042A,E01020889,666,201,78,123,465,332,133
2021,County Durham 042B,E01020890,713,235,67,168,478,355,123
2021,County Durham 042C,E01020891,677,213,76,137,464,306,158
2021,County Durham 045D,E01020892,454,128,36,92,326,256,70
2021,County Durham 046C,E01020893,869,246,74,172,623,530,93
2021,County Durham 045E,E01020894,507,126,34,92,381,318,63
2021,County Durham 057C,E01020895,591,190,52,138,401,352,49
2021,County Durham 057D,E01020896,552,179,63,116,373,323,50
2021,County Durham 045F,E01020898,486,164,36,128,322,293,29
2021,County Durham 046D,E01020899,594,155,46,109,439,363,76
2021,County Durham 051C,E01020900,739,206,52,154,533,458,75
2021,County Durham 051D,E01020901,425,151,44,107,274,242,32
2021,County Durham 051E,E01020902,465,139,32,107,326,288,38
2021,County Durham 046E,E01020903,512,143,37,106,369,311,58
2021,County Durham 046F,E01020904,746,206,49,157,540,460,80
2021,County Durham 042D,E01020905,622,176,52,124,446,381,65
2021,County Durham 042E,E01020906,754,237,72,165,517,391,126
2021,County Durham 058C,E01020907,608,210,62,148,398,352,46
2021,County Durham 058D,E01020908,561,184,38,146,377,341,36
2021,County Durham 058E,E01020909,519,208,81,127,311,277,34
2021,Eastbourne 010A,E01020910,1009,317,112,205,692,594,98
2021,Eastbourne 010B,E01020911,1157,382,135,247,775,686,89
2021,Eastbourne 010C,E01020912,1019,348,135,213,671,588,83
2021,Eastbourne 013A,E01020913,1010,370,114,256,640,565,75
2021,Eastbourne 007A,E01020914,1007,361,107,254,646,553,93
2021,Eastbourne 007B,E01020915,745,258,100,158,487,408,79
2021,Eastbourne 010D,E01020916,925,278,91,187,647,574,73
2021,Eastbourne 002A,E01020917,643,230,67,163,413,366,47
2021,Eastbourne 002B,E01020918,780,269,95,174,511,455,56
2021,Eastbourne 002C,E01020919,691,253,75,178,438,393,45
2021,Eastbourne 004A,E01020920,551,206,67,139,345,301,44
2021,Eastbourne 004B,E01020921,638,205,69,136,433,369,64
2021,Eastbourne 004C,E01020922,573,197,61,136,376,333,43
2021,Eastbourne 002D,E01020923,536,207,70,137,329,284,45
2021,Eastbourne 001A,E01020924,632,210,68,142,422,355,67
2021,Eastbourne 001B,E01020925,638,255,71,184,383,348,35
2021,Eastbourne 003A,E01020926,698,236,80,156,462,396,66
2021,Eastbourne 001C,E01020927,691,228,64,164,463,407,56
2021,Eastbourne 001D,E01020928,612,212,61,151,400,351,49
2021,Eastbourne 003B,E01020929,661,237,76,161,424,383,41
2021,Eastbourne 001E,E01020930,661,227,78,149,434,370,64
2021,Eastbourne 012A,E01020931,491,198,92,106,293,246,47
2021,Eastbourne 012B,E01020932,300,107,40,67,193,163,30
2021,Eastbourne 011A,E01020935,1104,332,120,212,772,680,92
2021,Eastbourne 011B,E01020936,583,173,68,105,410,333,77
2021,Eastbourne 011C,E01020937,714,204,83,121,510,396,114
2021,Eastbourne 009A,E01020938,728,275,97,178,453,376,77
2021,Eastbourne 009B,E01020939,777,282,95,187,495,426,69
2021,Eastbourne 006A,E01020940,690,252,93,159,438,365,73
2021,Eastbourne 006B,E01020941,712,257,73,184,455,411,44
2021,Eastbourne 006C,E01020942,755,267,89,178,488,404,84
2021,Eastbourne 009C,E01020943,752,267,100,167,485,422,63
2021,Eastbourne 012E,E01020944,594,211,87,124,383,295,88
2021,Eastbourne 004D,E01020945,731,269,110,159,462,384,78
2021,Eastbourne 006D,E01020946,680,257,105,152,423,334,89
2021,Eastbourne 006E,E01020947,649,235,83,152,414,348,66
2021,Eastbourne 008A,E01020948,583,171,62,109,412,357,55
2021,Eastbourne 002E,E01020949,684,224,82,142,460,410,50
2021,Eastbourne 004E,E01020950,563,201,77,124,362,301,61
2021,Eastbourne 013B,E01020951,750,216,63,153,534,443,91
2021,Eastbourne 007C,E01020952,882,300,111,189,582,504,78
2021,Eastbourne 007D,E01020953,772,257,91,166,515,430,85
2021,Eastbourne 007E,E01020954,851,297,94,203,554,471,83
2021,Eastbourne 003C,E01020955,668,237,91,146,431,394,37
2021,Eastbourne 003D,E01020956,568,218,72,146,350,314,36
2021,Eastbourne 003E,E01020957,642,256,80,176,386,334,52
2021,Eastbourne 013C,E01020959,672,222,83,139,450,386,64
2021,Eastbourne 014A,E01020960,1114,378,139,239,736,630,106
2021,Eastbourne 013D,E01020961,526,185,56,129,341,296,45
2021,Eastbourne 013E,E01020962,899,303,99,204,596,515,81
2021,Eastbourne 008B,E01020963,895,300,100,200,595,481,114
2021,Eastbourne 009D,E01020964,739,234,96,138,505,438,67
2021,Eastbourne 008C,E01020965,934,268,84,184,666,580,86
2021,Eastbourne 008D,E01020966,709,182,75,107,527,458,69
2021,Eastbourne 009E,E01020967,684,237,98,139,447,380,67
2021,Eastbourne 011D,E01020968,947,270,102,168,677,587,90
2021,Hastings 001A,E01020969,622,228,77,151,394,337,57
2021,Hastings 001B,E01020970,1431,451,155,296,980,813,167
2021,Hastings 001C,E01020971,993,325,101,224,668,573,95
2021,Hastings 005A,E01020972,568,214,73,141,354,309,45
2021,Hastings 005B,E01020973,819,275,77,198,544,483,61
2021,Hastings 002A,E01020974,714,232,67,165,482,411,71
2021,Hastings 008A,E01020975,787,282,106,176,505,425,80
2021,Hastings 008B,E01020976,924,352,124,228,572,473,99
2021,Hastings 005C,E01020977,754,267,78,189,487,423,64
2021,Hastings 009A,E01020978,1006,337,106,231,669,560,109
2021,Hastings 009B,E01020979,889,273,83,190,616,535,81
2021,Hastings 009C,E01020980,743,264,93,171,479,398,81
2021,Hastings 009D,E01020981,741,290,106,184,451,378,73
2021,Hastings 011A,E01020982,742,258,96,162,484,416,68
2021,Hastings 011B,E01020983,601,193,83,110,408,357,51
2021,Hastings 011C,E01020984,914,317,102,215,597,514,83
2021,Hastings 011D,E01020985,822,308,125,183,514,436,78
2021,Hastings 002B,E01020986,707,233,76,157,474,415,59
2021,Hastings 001D,E01020987,1030,295,87,208,735,648,87
2021,Hastings 002C,E01020988,700,230,69,161,470,403,67
2021,Hastings 011E,E01020989,766,274,81,193,492,424,68
2021,Hastings 008C,E01020990,772,292,101,191,480,411,69
2021,Hastings 008D,E01020991,686,234,92,142,452,380,72
2021,Hastings 008E,E01020992,802,259,98,161,543,465,78
2021,Hastings 003A,E01020993,532,198,71,127,334,285,49
2021,Hastings 003B,E01020994,572,221,69,152,351,313,38
2021,Hastings 003C,E01020995,548,178,45,133,370,332,38
2021,Hastings 003D,E01020996,898,268,93,175,630,551,79
2021,Hastings 010A,E01020997,732,247,89,158,485,407,78
2021,Hastings 010B,E01020998,840,301,113,188,539,440,99
2021,Hastings 010C,E01020999,759,269,92,177,490,406,84
2021,Hastings 007A,E01021000,746,269,94,175,477,417,60
2021,Hastings 007B,E01021001,614,229,61,168,385,332,53
2021,Hastings 007C,E01021002,677,265,101,164,412,341,71
2021,Hastings 007D,E01021003,629,233,87,146,396,321,75
2021,Hastings 004A,E01021004,819,277,97,180,542,463,79
2021,Hastings 004B,E01021005,610,243,76,167,367,320,47
2021,Hastings 004C,E01021006,806,283,103,180,523,430,93
2021,Hastings 002D,E01021007,666,237,90,147,429,349,80
2021,Hastings 002E,E01021008,657,222,94,128,435,383,52
2021,Hastings 002F,E01021009,856,299,104,195,557,489,68
2021,Hastings 006A,E01021010,753,266,68,198,487,415,72
2021,Hastings 006B,E01021011,818,312,108,204,506,439,67
2021,Hastings 006C,E01021012,739,255,84,171,484,418,66
2021,Hastings 004D,E01021013,913,296,96,200,617,534,83
2021,Hastings 007E,E01021014,846,301,97,204,545,473,72
2021,Hastings 005D,E01021015,531,220,65,155,311,265,46
2021,Hastings 010D,E01021016,732,258,74,184,474,403,71
2021,Hastings 010E,E01021017,803,252,63,189,551,478,73
2021,Hastings 010F,E01021018,991,303,94,209,688,552,136
2021,Hastings 003E,E01021019,579,215,63,152,364,306,58
2021,Hastings 006D,E01021020,791,303,96,207,488,419,69
2021,Hastings 006E,E01021021,924,310,94,216,614,501,113
2021,Lewes 001A,E01021022,1129,416,145,271,713,546,167
2021,Lewes 002A,E01021023,1598,463,182,281,1135,918,217
2021,Lewes 001B,E01021024,531,203,81,122,328,269,59
2021,Lewes 001C,E01021025,897,313,139,174,584,452,132
2021,Lewes 002B,E01021026,913,339,153,186,574,404,170
2021,Lewes 006A,E01021027,714,261,95,166,453,367,86
2021,Lewes 006B,E01021028,736,238,82,156,498,423,75
2021,Lewes 006C,E01021029,736,275,104,171,461,390,71
2021,Lewes 006D,E01021030,548,189,78,111,359,303,56
2021,Lewes 006E,E01021031,722,244,84,160,478,419,59
2021,Lewes 002C,E01021032,866,372,166,206,494,387,107
2021,Lewes 003A,E01021033,876,332,124,208,544,461,83
2021,Lewes 003B,E01021034,593,221,91,130,372,325,47
2021,Lewes 003C,E01021035,924,315,136,179,609,503,106
2021,Lewes 003D,E01021036,640,246,91,155,394,334,60
2021,Lewes 003E,E01021037,653,251,98,153,402,345,57
2021,Lewes 003F,E01021038,813,336,152,184,477,381,96
2021,Lewes 005A,E01021039,673,265,116,149,408,330,78
2021,Lewes 005B,E01021040,700,265,112,153,435,341,94
2021,Lewes 005C,E01021041,660,264,105,159,396,312,84
2021,Lewes 005D,E01021042,613,231,82,149,382,323,59
2021,Lewes 005E,E01021043,687,260,101,159,427,365,62
2021,Lewes 009A,E01021044,938,317,99,218,621,526,95
2021,Lewes 008A,E01021045,770,261,92,169,509,453,56
2021,Lewes 008B,E01021046,770,295,94,201,475,409,66
2021,Lewes 008C,E01021047,689,258,84,174,431,371,60
2021,Lewes 008D,E01021048,760,260,100,160,500,421,79
2021,Lewes 009B,E01021049,616,197,57,140,419,364,55
2021,Lewes 009C,E01021050,589,207,65,142,382,330,52
2021,Lewes 009D,E01021051,532,180,61,119,352,294,58
2021,Lewes 001D,E01021052,553,198,78,120,355,293,62
2021,Lewes 001E,E01021053,565,189,75,114,376,296,80
2021,Lewes 004A,E01021054,695,250,100,150,445,368,77
2021,Lewes 004B,E01021055,726,273,103,170,453,378,75
2021,Lewes 004C,E01021056,742,289,111,178,453,357,96
2021,Lewes 004D,E01021057,702,273,96,177,429,354,75
2021,Lewes 010A,E01021058,913,299,97,202,614,539,75
2021,Lewes 010B,E01021059,735,262,86,176,473,408,65
2021,Lewes 010C,E01021060,1015,310,97,213,705,616,89
2021,Lewes 007A,E01021061,778,249,72,177,529,458,71
2021,Lewes 010D,E01021062,782,242,85,157,540,468,72
2021,Lewes 007B,E01021063,769,279,90,189,490,421,69
2021,Lewes 007C,E01021064,751,242,87,155,509,442,67
2021,Lewes 007D,E01021065,506,170,53,117,336,293,43
2021,Lewes 007E,E01021066,648,209,78,131,439,377,62
2021,Lewes 002D,E01021067,515,201,87,114,314,265,49
2021,Lewes 002E,E01021068,571,198,83,115,373,263,110
2021,Lewes 011A,E01021069,626,206,68,138,420,346,74
2021,Lewes 013A,E01021070,768,261,93,168,507,440,67
2021,Lewes 013B,E01021071,832,271,106,165,561,473,88
2021,Lewes 012A,E01021072,508,193,82,111,315,253,62
2021,Lewes 012B,E01021073,601,193,80,113,408,346,62
2021,Lewes 012C,E01021074,726,249,86,163,477,418,59
2021,Lewes 011B,E01021075,728,274,85,189,454,374,80
2021,Lewes 012D,E01021076,833,283,95,188,550,482,68
2021,Lewes 011C,E01021077,595,219,86,133,376,320,56
2021,Lewes 012E,E01021078,462,182,79,103,280,223,57
2021,Lewes 013C,E01021079,614,236,108,128,378,332,46
2021,Lewes 013D,E01021080,590,230,82,148,360,302,58
2021,Lewes 011D,E01021081,642,218,83,135,424,363,61
2021,Lewes 011E,E01021082,611,226,80,146,385,330,55
2021,Lewes 011F,E01021083,509,195,70,125,314,270,44
2021,Rother 006A,E01021084,754,275,108,167,479,388,91
2021,Rother 006B,E01021085,789,276,101,175,513,420,93
2021,Rother 006C,E01021086,744,270,108,162,474,360,114
2021,Rother 005A,E01021087,846,297,113,184,549,395,154
2021,Rother 005B,E01021088,639,225,72,153,414,325,89
2021,Rother 005C,E01021089,655,247,89,158,408,326,82
2021,Rother 011A,E01021090,782,260,93,167,522,442,80
2021,Rother 011B,E01021091,866,295,94,201,571,488,83
2021,Rother 011C,E01021092,738,251,93,158,487,418,69
2021,Rother 009A,E01021093,495,198,82,116,297,237,60
2021,Rother 010A,E01021094,452,154,59,95,298,252,46
2021,Rother 009B,E01021095,395,155,65,90,240,187,53
2021,Rother 006D,E01021096,578,216,96,120,362,273,89
2021,Rother 006E,E01021097,614,246,109,137,368,287,81
2021,Rother 003A,E01021098,766,272,110,162,494,374,120
2021,Rother 003B,E01021099,822,281,122,159,541,405,136
2021,Rother 003C,E01021100,813,308,151,157,505,399,106
2021,Rother 004A,E01021101,662,268,105,163,394,295,99
2021,Rother 004B,E01021102,624,230,110,120,394,317,77
2021,Rother 002A,E01021103,589,223,103,120,366,289,77
2021,Rother 003D,E01021104,697,261,115,146,436,324,112
2021,Rother 003E,E01021105,536,176,62,114,360,292,68
2021,Rother 010B,E01021106,444,161,50,111,283,234,49
2021,Rother 010C,E01021107,556,217,88,129,339,276,63
2021,Rother 010D,E01021108,692,227,77,150,465,390,75
2021,Rother 005D,E01021109,739,272,105,167,467,364,103
2021,Rother 005E,E01021110,848,332,129,203,516,415,101
2021,Rother 007A,E01021111,390,123,42,81,267,222,45
2021,Rother 008A,E01021112,590,181,57,124,409,356,53
2021,Rother 007B,E01021113,847,270,83,187,577,501,76
2021,Rother 002B,E01021114,707,268,116,152,439,351,88
2021,Rother 002C,E01021115,617,222,87,135,395,301,94
2021,Rother 002D,E01021116,663,254,101,153,409,333,76
2021,Rother 004C,E01021117,699,279,125,154,420,315,105
2021,Rother 004D,E01021118,800,278,112,166,522,421,101
2021,Rother 004E,E01021119,377,144,36,108,233,190,43
2021,Rother 008B,E01021120,452,164,49,115,288,251,37
2021,Rother 011D,E01021121,653,216,76,140,437,374,63
2021,Rother 011E,E01021122,562,199,74,125,363,314,49
2021,Rother 009C,E01021123,523,190,67,123,333,277,56
2021,Rother 009D,E01021124,829,275,108,167,554,454,100
2021,Rother 009E,E01021125,414,161,74,87,253,205,48
2021,Rother 008C,E01021126,678,218,75,143,460,405,55
2021,Rother 008D,E01021127,623,246,85,161,377,341,36
2021,Rother 008E,E01021128,816,287,91,196,529,447,82
2021,Rother 009F,E01021129,702,261,100,161,441,372,69
2021,Rother 010E,E01021130,623,215,70,145,408,352,56
2021,Rother 007C,E01021131,690,237,68,169,453,396,57
2021,Rother 001A,E01021132,548,191,71,120,357,270,87
2021,Rother 001B,E01021133,762,279,110,169,483,374,109
2021,Rother 001C,E01021134,729,260,111,149,469,362,107
2021,Rother 007D,E01021135,759,267,82,185,492,404,88
2021,Rother 007E,E01021136,460,191,59,132,269,233,36
2021,Rother 007F,E01021137,732,241,76,165,491,411,80
2021,Rother 009G,E01021138,439,167,64,103,272,221,51
2021,Rother 001D,E01021139,543,185,74,111,358,290,68
2021,Rother 001E,E01021140,842,302,133,169,540,407,133
2021,Rother 001F,E01021141,735,266,118,148,469,334,135
2021,Wealden 018A,E01021142,379,153,69,84,226,154,72
2021,Wealden 018B,E01021143,471,166,62,104,305,238,67
2021,Wealden 008A,E01021144,788,269,123,146,519,392,127
2021,Wealden 008B,E01021145,1013,354,146,208,659,490,169
2021,Wealden 013A,E01021146,992,370,159,211,622,482,140
2021,Wealden 013B,E01021147,862,312,136,176,550,403,147
2021,Wealden 013C,E01021148,722,270,109,161,452,353,99
2021,Wealden 011A,E01021149,617,210,75,135,407,307,100
2021,Wealden 010A,E01021150,689,251,112,139,438,343,95
2021,Wealden 006A,E01021151,985,316,117,199,669,531,138
2021,Wealden 006B,E01021152,702,242,84,158,460,375,85
2021,Wealden 006C,E01021153,1067,331,134,197,736,609,127
2021,Wealden 006D,E01021154,707,233,67,166,474,399,75
2021,Wealden 006E,E01021155,721,212,89,123,509,428,81
2021,Wealden 003A,E01021156,851,270,107,163,581,473,108
2021,Wealden 003B,E01021157,772,292,126,166,480,399,81
2021,Wealden 003C,E01021158,1106,363,150,213,743,629,114
2021,Wealden 004A,E01021159,961,346,166,180,615,478,137
2021,Wealden 004B,E01021160,702,238,111,127,464,379,85
2021,Wealden 004C,E01021161,861,283,123,160,578,464,114
2021,Wealden 004D,E01021162,697,248,118,130,449,346,103
2021,Wealden 007A,E01021163,960,335,150,185,625,458,167
2021,Wealden 007B,E01021164,880,308,143,165,572,429,143
2021,Wealden 013D,E01021165,639,234,101,133,405,305,100
2021,Wealden 018C,E01021166,924,359,165,194,565,427,138
2021,Wealden 001A,E01021167,1067,439,188,251,628,515,113
2021,Wealden 001B,E01021168,762,323,141,182,439,344,95
2021,Wealden 001C,E01021169,627,224,93,131,403,290,113
2021,Wealden 008C,E01021170,1326,498,220,278,828,619,209
2021,Wealden 002A,E01021171,1001,321,132,189,680,476,204
2021,Wealden 002B,E01021172,838,285,112,173,553,426,127
2021,Wealden 002C,E01021173,719,238,100,138,481,341,140
2021,Wealden 015A,E01021174,1033,350,113,237,683,560,123
2021,Wealden 015B,E01021175,685,224,96,128,461,399,62
2021,Wealden 015C,E01021176,635,204,71,133,431,365,66
2021,Wealden 015D,E01021177,679,210,77,133,469,390,79
2021,Wealden 017A,E01021178,667,217,71,146,450,385,65
2021,Wealden 017B,E01021179,681,242,92,150,439,374,65
2021,Wealden 016A,E01021180,683,216,74,142,467,383,84
2021,Wealden 016B,E01021181,719,220,86,134,499,431,68
2021,Wealden 016C,E01021182,653,227,87,140,426,345,81
2021,Wealden 016D,E01021183,512,192,73,119,320,260,60
2021,Wealden 017C,E01021184,716,229,72,157,487,403,84
2021,Wealden 017D,E01021185,644,210,75,135,434,374,60
2021,Wealden 001D,E01021186,597,226,96,130,371,276,95
2021,Wealden 007C,E01021187,690,251,109,142,439,317,122
2021,Wealden 014A,E01021188,549,222,103,119,327,230,97
2021,Wealden 011B,E01021189,691,268,115,153,423,324,99
2021,Wealden 011C,E01021190,694,257,103,154,437,361,76
2021,Wealden 010B,E01021191,728,224,81,143,504,411,93
2021,Wealden 010C,E01021192,795,281,92,189,514,437,77
2021,Wealden 010D,E01021193,862,276,94,182,586,507,79
2021,Wealden 010E,E01021194,861,286,104,182,575,466,109
2021,Wealden 018E,E01021196,972,344,121,223,628,533,95
2021,Wealden 014B,E01021198,738,246,81,165,492,394,98
2021,Wealden 014C,E01021199,610,225,99,126,385,286,99
2021,Wealden 011D,E01021200,692,247,84,163,445,375,70
2021,Wealden 011E,E01021201,808,284,114,170,524,405,119
2021,Wealden 005A,E01021202,496,172,82,90,324,218,106
2021,Wealden 005B,E01021203,717,272,112,160,445,326,119
2021,Wealden 014D,E01021204,537,201,62,139,336,264,72
2021,Wealden 014E,E01021205,591,214,79,135,377,284,93
2021,Wealden 020A,E01021206,666,229,100,129,437,350,87
2021,Wealden 020B,E01021207,601,235,92,143,366,297,69
2021,Wealden 020C,E01021208,1361,440,158,282,921,743,178
2021,Wealden 020D,E01021209,1123,354,139,215,769,617,152
2021,Wealden 020E,E01021210,845,269,103,166,576,505,71
2021,Wealden 020F,E01021211,561,208,85,123,353,289,64
2021,Wealden 019B,E01021213,911,312,108,204,599,542,57
2021,Wealden 019C,E01021214,748,254,95,159,494,427,67
2021,Wealden 019D,E01021215,521,178,62,116,343,284,59
2021,Wealden 019E,E01021216,488,161,57,104,327,289,38
2021,Wealden 008D,E01021217,619,211,88,123,408,303,105
2021,Wealden 002D,E01021218,549,188,74,114,361,274,87
2021,Wealden 009A,E01021219,597,210,80,130,387,331,56
2021,Wealden 009B,E01021220,663,206,77,129,457,382,75
2021,Wealden 012A,E01021221,690,227,88,139,463,391,72
2021,Wealden 012B,E01021222,756,205,78,127,551,462,89
2021,Wealden 009C,E01021223,595,197,83,114,398,336,62
2021,Wealden 009D,E01021224,689,215,83,132,474,406,68
2021,Wealden 009E,E01021225,834,261,93,168,573,483,90
2021,Wealden 009F,E01021226,743,225,86,139,518,437,81
2021,Wealden 012C,E01021227,1058,310,110,200,748,614,134
2021,Wealden 012D,E01021228,879,290,107,183,589,499,90
2021,Wealden 005C,E01021229,849,291,129,162,558,409,149
2021,Wealden 005D,E01021230,889,305,135,170,584,413,171
2021,Wealden 005E,E01021231,737,267,123,144,470,380,90
2021,Wealden 021A,E01021232,717,217,86,131,500,433,67
2021,Wealden 021B,E01021233,636,211,82,129,425,361,64
2021,Wealden 021C,E01021234,628,237,96,141,391,330,61
2021,Wealden 021D,E01021235,554,208,72,136,346,266,80
2021,Wealden 021E,E01021236,659,244,87,157,415,351,64
2021,Basildon 001A,E01021237,589,162,66,96,427,310,117
2021,Basildon 001B,E01021238,684,223,95,128,461,369,92
2021,Basildon 003A,E01021239,648,189,95,94,459,354,105
2021,Basildon 003B,E01021240,898,238,90,148,660,534,126
2021,Basildon 003C,E01021241,820,223,98,125,597,508,89
2021,Basildon 001C,E01021242,604,172,66,106,432,364,68
2021,Basildon 003D,E01021243,869,238,93,145,631,535,96
2021,Basildon 004A,E01021244,731,215,87,128,516,423,93
2021,Basildon 002A,E01021245,659,198,64,134,461,373,88
2021,Basildon 002B,E01021246,740,201,78,123,539,443,96
2021,Basildon 003E,E01021247,669,166,72,94,503,381,122
2021,Basildon 002C,E01021248,798,211,78,133,587,456,131
2021,Basildon 002D,E01021249,752,193,72,121,559,456,103
2021,Basildon 001D,E01021250,756,224,85,139,532,443,89
2021,Basildon 001E,E01021251,771,242,94,148,529,402,127
2021,Basildon 002E,E01021252,681,184,70,114,497,394,103
2021,Basildon 004B,E01021253,809,253,120,133,556,411,145
2021,Basildon 009A,E01021254,691,214,82,132,477,371,106
2021,Basildon 004C,E01021255,638,188,72,116,450,354,96
2021,Basildon 004D,E01021256,731,219,80,139,512,415,97
2021,Basildon 009B,E01021257,714,230,87,143,484,384,100
2021,Basildon 004E,E01021258,789,240,93,147,549,463,86
2021,Basildon 009C,E01021259,773,222,75,147,551,459,92
2021,Basildon 009D,E01021260,949,305,136,169,644,518,126
2021,Basildon 010A,E01021261,873,228,86,142,645,512,133
2021,Basildon 010B,E01021262,758,215,77,138,543,459,84
2021,Basildon 010C,E01021263,1039,270,95,175,769,646,123
2021,Basildon 006A,E01021264,698,216,106,110,482,325,157
2021,Basildon 012A,E01021265,874,234,72,162,640,558,82
2021,Basildon 015A,E01021266,835,244,72,172,591,499,92
2021,Basildon 012B,E01021267,937,262,92,170,675,578,97
2021,Basildon 015B,E01021268,688,214,80,134,474,401,73
2021,Basildon 012C,E01021269,1079,317,108,209,762,648,114
2021,Basildon 012D,E01021270,1029,341,111,230,688,594,94
2021,Basildon 013A,E01021271,717,215,64,151,502,431,71
2021,Basildon 012E,E01021272,815,245,89,156,570,480,90
2021,Basildon 014A,E01021273,821,237,84,153,584,486,98
2021,Basildon 010D,E01021274,863,227,89,138,636,551,85
2021,Basildon 014B,E01021275,750,207,69,138,543,460,83
2021,Basildon 014C,E01021276,713,194,69,125,519,450,69
2021,Basildon 014D,E01021277,674,203,86,117,471,395,76
2021,Basildon 010E,E01021279,757,210,82,128,547,482,65
2021,Basildon 021A,E01021280,836,205,79,126,631,543,88
2021,Basildon 021B,E01021281,728,190,81,109,538,444,94
2021,Basildon 021C,E01021282,697,209,97,112,488,390,98
2021,Basildon 021D,E01021283,738,212,65,147,526,443,83
2021,Basildon 021E,E01021284,844,221,86,135,623,512,111
2021,Basildon 021F,E01021285,788,186,62,124,602,506,96
2021,Basildon 016A,E01021286,895,246,88,158,649,577,72
2021,Basildon 017A,E01021287,817,228,79,149,589,515,74
2021,Basildon 016B,E01021288,658,239,86,153,419,377,42
2021,Basildon 016C,E01021289,878,273,107,166,605,525,80
2021,Basildon 016D,E01021290,807,267,87,180,540,458,82
2021,Basildon 016E,E01021291,1056,270,92,178,786,683,103
2021,Basildon 017B,E01021292,786,201,74,127,585,508,77
2021,Basildon 017C,E01021293,888,238,71,167,650,565,85
2021,Basildon 020A,E01021294,893,236,70,166,657,560,97
2021,Basildon 020B,E01021295,801,221,82,139,580,491,89
2021,Basildon 020D,E01021297,1167,241,78,163,926,791,135
2021,Basildon 017D,E01021298,799,205,78,127,594,525,69
2021,Basildon 020E,E01021299,758,195,61,134,563,478,85
2021,Basildon 022A,E01021300,972,286,96,190,686,587,99
2021,Basildon 011A,E01021301,661,213,75,138,448,376,72
2021,Basildon 013B,E01021302,643,224,80,144,419,362,57
2021,Basildon 011B,E01021303,630,184,65,119,446,381,65
2021,Basildon 013C,E01021304,567,176,45,131,391,338,53
2021,Basildon 013D,E01021305,577,180,67,113,397,340,57
2021,Basildon 013E,E01021306,589,198,54,144,391,332,59
2021,Basildon 011C,E01021307,718,203,76,127,515,453,62
2021,Basildon 011D,E01021308,713,184,62,122,529,443,86
2021,Basildon 011E,E01021309,734,182,61,121,552,473,79
2021,Basildon 022B,E01021310,688,158,56,102,530,443,87
2021,Basildon 022C,E01021311,609,182,58,124,427,368,59
2021,Basildon 011F,E01021312,764,262,112,150,502,395,107
2021,Basildon 018A,E01021313,680,208,76,132,472,405,67
2021,Basildon 018B,E01021314,616,184,66,118,432,348,84
2021,Basildon 018C,E01021315,659,199,67,132,460,386,74
2021,Basildon 018D,E01021316,732,231,76,155,501,436,65
2021,Basildon 018E,E01021317,719,206,66,140,513,429,84
2021,Basildon 015C,E01021318,1188,308,109,199,880,785,95
2021,Basildon 017E,E01021319,1192,237,81,156,955,841,114
2021,Basildon 015D,E01021320,774,235,75,160,539,461,78
2021,Basildon 015E,E01021321,820,239,84,155,581,485,96
2021,Basildon 019A,E01021322,711,219,83,136,492,418,74
2021,Basildon 019B,E01021323,751,218,67,151,533,453,80
2021,Basildon 019C,E01021324,746,254,110,144,492,422,70
2021,Basildon 019D,E01021325,656,184,59,125,472,416,56
2021,Basildon 022D,E01021326,864,232,84,148,632,514,118
2021,Basildon 019E,E01021327,719,213,67,146,506,445,61
2021,Basildon 022E,E01021328,722,220,66,154,502,416,86
2021,Basildon 006B,E01021329,618,196,77,119,422,340,82
2021,Basildon 006C,E01021330,738,228,80,148,510,422,88
2021,Basildon 008A,E01021331,975,250,101,149,725,623,102
2021,Basildon 006D,E01021332,673,186,78,108,487,398,89
2021,Basildon 006E,E01021333,722,219,81,138,503,420,83
2021,Basildon 005A,E01021334,815,232,92,140,583,502,81
2021,Basildon 007A,E01021335,762,211,73,138,551,455,96
2021,Basildon 005B,E01021336,799,223,86,137,576,467,109
2021,Basildon 007B,E01021337,689,212,74,138,477,412,65
2021,Basildon 005C,E01021338,1057,305,102,203,752,630,122
2021,Basildon 005D,E01021339,639,150,51,99,489,416,73
2021,Basildon 007C,E01021340,905,253,84,169,652,551,101
2021,Basildon 007D,E01021341,813,254,92,162,559,473,86
2021,Basildon 008B,E01021342,779,221,72,149,558,469,89
2021,Basildon 008C,E01021343,999,257,89,168,742,638,104
2021,Basildon 008D,E01021344,1203,330,113,217,873,729,144
2021,Basildon 007E,E01021345,1134,270,97,173,864,727,137
2021,Basildon 008E,E01021346,1176,308,111,197,868,748,120
2021,Braintree 013A,E01021347,1332,388,151,237,944,758,186
2021,Braintree 018A,E01021348,753,242,89,153,511,382,129
2021,Braintree 007A,E01021349,732,212,72,140,520,436,84
2021,Braintree 009A,E01021350,878,250,74,176,628,514,114
2021,Braintree 007B,E01021351,867,262,93,169,605,494,111
2021,Braintree 007C,E01021352,761,243,87,156,518,441,77
2021,Braintree 009B,E01021353,881,266,85,181,615,516,99
2021,Braintree 008A,E01021354,556,179,55,124,377,318,59
2021,Braintree 007D,E01021355,930,255,74,181,675,563,112
2021,Braintree 007E,E01021356,657,206,91,115,451,371,80
2021,Braintree 008B,E01021357,729,229,83,146,500,426,74
2021,Braintree 008C,E01021358,1146,364,127,237,782,655,127
2021,Braintree 008D,E01021359,951,290,93,197,661,566,95
2021,Braintree 012A,E01021360,851,267,83,184,584,487,97
2021,Braintree 012B,E01021361,958,286,112,174,672,548,124
2021,Braintree 015A,E01021362,1208,300,105,195,908,741,167
2021,Braintree 010A,E01021364,905,276,106,170,629,521,108
2021,Braintree 009D,E01021365,1327,370,130,240,957,815,142
2021,Braintree 010B,E01021366,801,270,97,173,531,443,88
2021,Braintree 012C,E01021367,675,192,57,135,483,422,61
2021,Braintree 011A,E01021368,774,240,77,163,534,443,91
2021,Braintree 012D,E01021369,1473,434,160,274,1039,870,169
2021,Braintree 011B,E01021370,772,238,86,152,534,456,78
2021,Braintree 013B,E01021371,787,250,94,156,537,454,83
2021,Braintree 011C,E01021372,1100,308,108,200,792,661,131
2021,Braintree 011E,E01021374,722,226,77,149,496,431,65
2021,Braintree 001A,E01021375,529,155,60,95,374,304,70
2021,Braintree 001B,E01021376,705,233,103,130,472,372,100
2021,Braintree 014A,E01021377,821,262,121,141,559,425,134
2021,Braintree 014B,E01021378,632,197,79,118,435,348,87
2021,Braintree 014C,E01021379,916,287,111,176,629,484,145
2021,Braintree 012E,E01021380,1289,384,141,243,905,743,162
2021,Braintree 007F,E01021381,537,175,85,90,362,287,75
2021,Braintree 003A,E01021382,1006,282,120,162,724,565,159
2021,Braintree 010C,E01021383,1152,368,156,212,784,616,168
2021,Braintree 013C,E01021384,1208,354,128,226,854,709,145
2021,Braintree 013D,E01021385,694,204,78,126,490,387,103
2021,Braintree 013E,E01021386,798,270,97,173,528,418,110
2021,Braintree 004A,E01021387,1052,321,135,186,731,611,120
2021,Braintree 004B,E01021388,846,277,105,172,569,472,97
2021,Braintree 006A,E01021389,1077,310,116,194,767,602,165
2021,Braintree 006B,E01021390,918,290,103,187,628,505,123
2021,Braintree 004C,E01021391,725,239,87,152,486,411,75
2021,Braintree 004D,E01021392,855,251,101,150,604,516,88
2021,Braintree 004E,E01021393,751,224,63,161,527,441,86
2021,Braintree 018B,E01021394,673,186,70,116,487,403,84
2021,Braintree 018C,E01021395,719,214,85,129,505,422,83
2021,Braintree 018D,E01021396,613,182,68,114,431,335,96
2021,Braintree 003B,E01021397,1273,386,156,230,887,724,163
2021,Braintree 002A,E01021398,720,273,115,158,447,348,99
2021,Braintree 003C,E01021399,760,268,104,164,492,404,88
2021,Braintree 003D,E01021400,833,265,105,160,568,446,122
2021,Braintree 014D,E01021401,698,229,94,135,469,362,107
2021,Braintree 014E,E01021402,1028,305,125,180,723,618,105
2021,Braintree 014F,E01021403,795,254,103,151,541,447,94
2021,Braintree 005A,E01021404,1058,335,143,192,723,553,170
2021,Braintree 010D,E01021405,1207,393,154,239,814,663,151
2021,Braintree 002B,E01021406,1141,366,151,215,775,597,178
2021,Braintree 002C,E01021407,1038,354,152,202,684,518,166
2021,Braintree 006C,E01021408,854,284,113,171,570,428,142
2021,Braintree 006D,E01021409,923,313,122,191,610,461,149
2021,Braintree 006E,E01021410,852,294,114,180,558,465,93
2021,Braintree 005B,E01021411,676,239,91,148,437,336,101
2021,Braintree 005C,E01021412,741,226,90,136,515,397,118
2021,Braintree 005D,E01021413,635,220,91,129,415,321,94
2021,Braintree 001C,E01021414,1081,378,149,229,703,542,161
2021,Braintree 017A,E01021415,628,169,68,101,459,384,75
2021,Braintree 017B,E01021416,1065,235,80,155,830,695,135
2021,Braintree 015B,E01021417,735,182,65,117,553,442,111
2021,Braintree 015C,E01021418,723,209,81,128,514,432,82
2021,Braintree 015D,E01021419,814,235,84,151,579,492,87
2021,Braintree 017C,E01021420,907,225,75,150,682,588,94
2021,Braintree 017E,E01021422,805,228,66,162,577,503,74
2021,Braintree 016A,E01021423,770,233,76,157,537,464,73
2021,Braintree 018E,E01021424,1185,351,126,225,834,717,117
2021,Braintree 016B,E01021425,714,201,76,125,513,429,84
2021,Braintree 015E,E01021426,607,169,66,103,438,376,62
2021,Braintree 016C,E01021427,663,196,75,121,467,395,72
2021,Braintree 015F,E01021428,629,187,70,117,442,355,87
2021,Braintree 016D,E01021429,640,204,76,128,436,360,76
2021,Braintree 001D,E01021430,1150,344,133,211,806,648,158
2021,Brentwood 004A,E01021431,890,242,110,132,648,521,127
2021,Brentwood 004B,E01021432,861,267,91,176,594,496,98
2021,Brentwood 007A,E01021433,1104,231,93,138,873,741,132
2021,Brentwood 004C,E01021434,856,227,93,134,629,509,120
2021,Brentwood 008A,E01021435,856,243,91,152,613,504,109
2021,Brentwood 008B,E01021437,883,246,86,160,637,537,100
2021,Brentwood 006A,E01021438,1191,285,103,182,906,702,204
2021,Brentwood 001A,E01021441,690,236,94,142,454,360,94
2021,Brentwood 001B,E01021442,628,211,83,128,417,322,95
2021,Brentwood 001C,E01021443,716,247,112,135,469,347,122
2021,Brentwood 001D,E01021444,780,252,94,158,528,416,112
2021,Brentwood 009A,E01021445,1084,322,135,187,762,596,166
2021,Brentwood 009B,E01021446,839,208,71,137,631,495,136
2021,Brentwood 005A,E01021447,1180,303,158,145,877,627,250
2021,Brentwood 003A,E01021448,715,228,97,131,487,393,94
2021,Brentwood 003B,E01021449,829,249,114,135,580,480,100
2021,Brentwood 003C,E01021450,981,275,107,168,706,569,137
2021,Brentwood 003D,E01021451,746,220,76,144,526,452,74
2021,Brentwood 003E,E01021452,672,185,77,108,487,391,96
2021,Brentwood 005B,E01021453,575,152,63,89,423,315,108
2021,Brentwood 009C,E01021454,619,173,69,104,446,363,83
2021,Brentwood 005C,E01021455,553,172,92,80,381,247,134
2021,Brentwood 009D,E01021456,623,195,68,127,428,301,127
2021,Brentwood 002A,E01021457,712,207,98,109,505,374,131
2021,Brentwood 002B,E01021458,815,204,89,115,611,479,132
2021,Brentwood 002C,E01021459,579,184,70,114,395,309,86
2021,Brentwood 002D,E01021460,902,256,99,157,646,521,125
2021,Brentwood 004D,E01021461,652,185,62,123,467,393,74
2021,Brentwood 006B,E01021462,686,202,83,119,484,393,91
2021,Brentwood 006C,E01021463,726,227,94,133,499,390,109
2021,Brentwood 004E,E01021464,770,221,80,141,549,467,82
2021,Brentwood 005D,E01021465,901,204,89,115,697,495,202
2021,Brentwood 005E,E01021466,727,215,112,103,512,359,153
2021,Brentwood 005F,E01021467,855,228,90,138,627,460,167
2021,Brentwood 006D,E01021468,1011,302,120,182,709,544,165
2021,Brentwood 001E,E01021469,554,196,95,101,358,270,88
2021,Brentwood 001F,E01021470,484,171,79,92,313,251,62
2021,Brentwood 001G,E01021471,763,267,123,144,496,402,94
2021,Brentwood 008C,E01021472,1020,241,92,149,779,622,157
2021,Brentwood 008D,E01021473,713,195,76,119,518,387,131
2021,Brentwood 008E,E01021474,698,184,73,111,514,394,120
2021,Brentwood 007E,E01021475,891,217,72,145,674,569,105
2021,Castle Point 003A,E01021476,893,268,102,166,625,497,128
2021,Castle Point 003B,E01021477,686,220,79,141,466,386,80
2021,Castle Point 003C,E01021478,886,259,106,153,627,531,96
2021,Castle Point 004A,E01021479,741,220,79,141,521,434,87
2021,Castle Point 007A,E01021480,931,243,102,141,688,560,128
2021,Castle Point 004B,E01021481,864,272,116,156,592,490,102
2021,Castle Point 006A,E01021482,687,221,76,145,466,387,79
2021,Castle Point 004C,E01021483,867,234,89,145,633,497,136
2021,Castle Point 011A,E01021484,563,162,52,110,401,331,70
2021,Castle Point 010A,E01021485,520,175,61,114,345,285,60
2021,Castle Point 010B,E01021486,546,185,59,126,361,302,59
2021,Castle Point 008A,E01021487,619,180,48,132,439,372,67
2021,Castle Point 010C,E01021488,637,212,81,131,425,361,64
2021,Castle Point 012A,E01021489,609,169,66,103,440,358,82
2021,Castle Point 012B,E01021490,596,162,48,114,434,357,77
2021,Castle Point 012C,E01021491,771,247,91,156,524,433,91
2021,Castle Point 009A,E01021492,725,200,69,131,525,436,89
2021,Castle Point 009B,E01021493,693,205,80,125,488,402,86
2021,Castle Point 008B,E01021494,681,218,66,152,463,388,75
2021,Castle Point 009C,E01021495,551,162,49,113,389,321,68
2021,Castle Point 009D,E01021496,673,206,54,152,467,391,76
2021,Castle Point 012D,E01021497,693,214,81,133,479,405,74
2021,Castle Point 011B,E01021498,650,224,83,141,426,347,79
2021,Castle Point 011C,E01021499,668,188,60,128,480,398,82
2021,Castle Point 012E,E01021500,978,279,98,181,699,584,115
2021,Castle Point 011D,E01021501,621,210,83,127,411,336,75
2021,Castle Point 011E,E01021502,902,256,101,155,646,538,108
2021,Castle Point 010D,E01021503,697,208,70,138,489,418,71
2021,Castle Point 008C,E01021504,743,265,83,182,478,405,73
2021,Castle Point 008D,E01021505,684,225,73,152,459,373,86
2021,Castle Point 008E,E01021506,643,203,69,134,440,382,58
2021,Castle Point 010E,E01021507,598,212,58,154,386,323,63
2021,Castle Point 010F,E01021508,666,216,72,144,450,359,91
2021,Castle Point 002A,E01021509,680,209,74,135,471,391,80
2021,Castle Point 002B,E01021510,660,210,76,134,450,388,62
2021,Castle Point 002C,E01021511,939,267,99,168,672,554,118
2021,Castle Point 004D,E01021512,711,223,87,136,488,403,85
2021,Castle Point 001A,E01021513,777,230,78,152,547,475,72
2021,Castle Point 001B,E01021514,728,217,69,148,511,428,83
2021,Castle Point 001C,E01021515,655,212,70,142,443,371,72
2021,Castle Point 003D,E01021516,661,176,75,101,485,414,71
2021,Castle Point 005A,E01021517,766,246,83,163,520,438,82
2021,Castle Point 006B,E01021518,1018,312,113,199,706,592,114
2021,Castle Point 005B,E01021519,699,226,79,147,473,405,68
2021,Castle Point 006C,E01021520,711,245,98,147,466,391,75
2021,Castle Point 007B,E01021521,695,205,67,138,490,417,73
2021,Castle Point 007C,E01021522,873,277,96,181,596,508,88
2021,Castle Point 007D,E01021523,642,214,75,139,428,358,70
2021,Castle Point 007E,E01021524,768,242,88,154,526,442,84
2021,Castle Point 001D,E01021525,817,240,92,148,577,489,88
2021,Castle Point 004E,E01021526,772,239,102,137,533,444,89
2021,Castle Point 001E,E01021527,780,282,103,179,498,418,80
2021,Castle Point 002D,E01021528,732,249,104,145,483,402,81
2021,Castle Point 006D,E01021529,670,216,91,125,454,379,75
2021,Castle Point 005C,E01021530,626,201,85,116,425,337,88
2021,Castle Point 002E,E01021531,754,248,103,145,506,397,109
2021,Castle Point 005D,E01021532,596,170,66,104,426,338,88
2021,Chelmsford 016A,E01021533,1119,360,151,209,759,625,134
2021,Chelmsford 016B,E01021535,872,310,129,181,562,422,140
2021,Chelmsford 005A,E01021536,796,262,82,180,534,420,114
2021,Chelmsford 005B,E01021537,1143,300,106,194,843,657,186
2021,Chelmsford 001A,E01021538,1510,455,152,303,1055,807,248
2021,Chelmsford 001B,E01021539,626,206,91,115,420,331,89
2021,Chelmsford 001C,E01021540,1048,303,109,194,745,585,160
2021,Chelmsford 002A,E01021542,1222,311,109,202,911,774,137
2021,Chelmsford 002B,E01021543,793,226,76,150,567,467,100
2021,Chelmsford 008A,E01021544,760,199,79,120,561,483,78
2021,Chelmsford 008B,E01021545,863,217,82,135,646,540,106
2021,Chelmsford 008C,E01021546,753,205,78,127,548,452,96
2021,Chelmsford 008D,E01021547,914,212,83,129,702,575,127
2021,Chelmsford 013A,E01021548,646,181,69,112,465,380,85
2021,Chelmsford 003A,E01021550,873,265,106,159,608,450,158
2021,Chelmsford 011A,E01021551,720,244,109,135,476,373,103
2021,Chelmsford 017A,E01021552,679,221,84,137,458,365,93
2021,Chelmsford 017B,E01021553,672,207,74,133,465,391,74
2021,Chelmsford 017C,E01021554,583,198,60,138,385,314,71
2021,Chelmsford 017D,E01021555,644,204,81,123,440,365,75
2021,Chelmsford 012A,E01021556,1133,282,94,188,851,718,133
2021,Chelmsford 015A,E01021557,655,185,69,116,470,403,67
2021,Chelmsford 015B,E01021558,576,187,77,110,389,341,48
2021,Chelmsford 017E,E01021559,665,206,85,121,459,368,91
2021,Chelmsford 013B,E01021560,778,257,108,149,521,415,106
2021,Chelmsford 013C,E01021561,839,268,104,164,571,479,92
2021,Chelmsford 014A,E01021562,823,249,85,164,574,482,92
2021,Chelmsford 014B,E01021563,851,240,70,170,611,515,96
2021,Chelmsford 013D,E01021564,685,209,81,128,476,377,99
2021,Chelmsford 014C,E01021565,689,235,72,163,454,383,71
2021,Chelmsford 014D,E01021566,785,246,91,155,539,444,95
2021,Chelmsford 005D,E01021568,706,214,98,116,492,367,125
2021,Chelmsford 016C,E01021569,753,232,107,125,521,382,139
2021,Chelmsford 016D,E01021570,785,235,101,134,550,417,133
2021,Chelmsford 013E,E01021571,752,247,125,122,505,379,126
2021,Chelmsford 016E,E01021572,633,233,89,144,400,330,70
2021,Chelmsford 009A,E01021573,925,245,90,155,680,575,105
2021,Chelmsford 009B,E01021575,946,225,83,142,721,602,119
2021,Chelmsford 006A,E01021576,734,280,102,178,454,386,68
2021,Chelmsford 012B,E01021577,798,210,84,126,588,499,89
2021,Chelmsford 023D,E01021578,1009,240,87,153,769,659,110
2021,Chelmsford 012C,E01021579,947,255,90,165,692,568,124
2021,Chelmsford 012D,E01021580,733,219,78,141,514,410,104
2021,Chelmsford 023C,E01021582,1271,240,95,145,1031,893,138
2021,Chelmsford 015C,E01021583,829,247,83,164,582,492,90
2021,Chelmsford 012E,E01021584,579,174,76,98,405,332,73
2021,Chelmsford 015D,E01021585,689,191,70,121,498,430,68
2021,Chelmsford 015E,E01021586,786,257,88,169,529,444,85
2021,Chelmsford 002C,E01021587,676,182,68,114,494,418,76
2021,Chelmsford 006B,E01021588,613,188,56,132,425,361,64
2021,Chelmsford 006C,E01021589,808,231,81,150,577,495,82
2021,Chelmsford 002D,E01021590,684,196,72,124,488,413,75
2021,Chelmsford 002E,E01021591,836,237,80,157,599,513,86
2021,Chelmsford 006D,E01021592,717,236,79,157,481,408,73
2021,Chelmsford 021A,E01021593,758,213,75,138,545,460,85
2021,Chelmsford 021C,E01021595,830,247,95,152,583,466,117
2021,Chelmsford 006E,E01021596,713,240,91,149,473,423,50
2021,Chelmsford 003B,E01021597,706,218,77,141,488,410,78
2021,Chelmsford 003C,E01021598,716,243,91,152,473,396,77
2021,Chelmsford 009C,E01021599,902,234,90,144,668,533,135
2021,Chelmsford 003D,E01021600,533,162,63,99,371,315,56
2021,Chelmsford 003E,E01021601,639,207,79,128,432,359,73
2021,Chelmsford 018B,E01021602,782,253,122,131,529,386,143
2021,Chelmsford 018D,E01021604,1123,371,131,240,752,561,191
2021,Chelmsford 020A,E01021605,589,224,93,131,365,301,64
2021,Chelmsford 020B,E01021606,786,249,101,148,537,417,120
2021,Chelmsford 020C,E01021607,810,244,85,159,566,468,98
2021,Chelmsford 020D,E01021608,611,190,61,129,421,352,69
2021,Chelmsford 020E,E01021609,671,200,75,125,471,381,90
2021,Chelmsford 020F,E01021610,665,166,61,105,499,413,86
2021,Chelmsford 019A,E01021611,763,223,87,136,540,429,111
2021,Chelmsford 019B,E01021612,702,228,73,155,474,390,84
2021,Chelmsford 019C,E01021613,963,282,103,179,681,571,110
2021,Chelmsford 019D,E01021614,863,279,105,174,584,499,85
2021,Chelmsford 019E,E01021615,721,233,87,146,488,425,63
2021,Chelmsford 004B,E01021617,627,166,65,101,461,394,67
2021,Chelmsford 007A,E01021618,802,217,76,141,585,497,88
2021,Chelmsford 004C,E01021619,755,221,88,133,534,454,80
2021,Chelmsford 004D,E01021620,770,196,77,119,574,499,75
2021,Chelmsford 007B,E01021621,908,252,96,156,656,566,90
2021,Chelmsford 007C,E01021622,682,208,71,137,474,382,92
2021,Chelmsford 004E,E01021623,608,174,60,114,434,379,55
2021,Chelmsford 004F,E01021624,576,172,60,112,404,340,64
2021,Chelmsford 007D,E01021625,707,213,70,143,494,432,62
2021,Chelmsford 007E,E01021626,742,222,89,133,520,410,110
2021,Chelmsford 022B,E01021627,688,192,87,105,496,425,71
2021,Chelmsford 008E,E01021628,957,253,97,156,704,612,92
2021,Chelmsford 008F,E01021629,935,280,94,186,655,560,95
2021,Chelmsford 009E,E01021631,913,270,103,167,643,537,106
2021,Chelmsford 011B,E01021632,705,221,77,144,484,409,75
2021,Chelmsford 011C,E01021633,578,203,104,99,375,296,79
2021,Chelmsford 011D,E01021634,687,207,77,130,480,396,84
2021,Chelmsford 011E,E01021635,595,183,70,113,412,334,78
2021,Chelmsford 011F,E01021636,475,158,60,98,317,270,47
2021,Colchester 018A,E01021637,557,182,67,115,375,320,55
2021,Colchester 018B,E01021638,1005,304,91,213,701,573,128
2021,Colchester 018C,E01021639,1130,316,103,213,814,677,137
2021,Colchester 018D,E01021640,584,189,66,123,395,331,64
2021,Colchester 018E,E01021641,690,204,68,136,486,421,65
2021,Colchester 018F,E01021642,1072,313,104,209,759,650,109
2021,Colchester 019A,E01021643,1241,387,138,249,854,674,180
2021,Colchester 019B,E01021644,813,260,96,164,553,414,139
2021,Colchester 019C,E01021645,671,207,69,138,464,387,77
2021,Colchester 007A,E01021646,1096,288,111,177,808,653,155
2021,Colchester 007B,E01021647,1157,323,119,204,834,720,114
2021,Colchester 007C,E01021648,1173,352,125,227,821,679,142
2021,Colchester 007E,E01021650,1237,319,109,210,918,795,123
2021,Colchester 013A,E01021651,1381,379,131,248,1002,839,163
2021,Colchester 013B,E01021652,757,223,101,122,534,399,135
2021,Colchester 013C,E01021653,657,232,95,137,425,347,78
2021,Colchester 001A,E01021655,646,202,98,104,444,343,101
2021,Colchester 001B,E01021656,731,256,112,144,475,348,127
2021,Colchester 016A,E01021657,1125,344,116,228,781,640,141
2021,Colchester 016B,E01021658,518,171,62,109,347,298,49
2021,Colchester 001C,E01021659,1081,316,144,172,765,569,196
2021,Colchester 003A,E01021660,702,235,79,156,467,337,130
2021,Colchester 001D,E01021661,952,307,103,204,645,513,132
2021,Colchester 010B,E01021662,761,275,108,167,486,366,120
2021,Colchester 010C,E01021663,531,181,79,102,350,266,84
2021,Colchester 016C,E01021664,973,333,104,229,640,538,102
2021,Colchester 016D,E01021665,621,216,70,146,405,339,66
2021,Colchester 016E,E01021666,712,233,67,166,479,421,58
2021,Colchester 016F,E01021667,640,218,73,145,422,362,60
2021,Colchester 002A,E01021668,833,228,91,137,605,507,98
2021,Colchester 002B,E01021669,752,206,68,138,546,466,80
2021,Colchester 002C,E01021670,656,209,62,147,447,379,68
2021,Colchester 002D,E01021671,666,197,78,119,469,379,90
2021,Colchester 009A,E01021673,661,223,99,124,438,352,86
2021,Colchester 009B,E01021674,682,229,77,152,453,386,67
2021,Colchester 009C,E01021675,624,218,86,132,406,344,62
2021,Colchester 009D,E01021676,727,212,86,126,515,400,115
2021,Colchester 010D,E01021677,553,179,63,116,374,301,73
2021,Colchester 010E,E01021678,741,203,80,123,538,431,107
2021,Colchester 011A,E01021683,1212,327,108,219,885,754,131
2021,Colchester 011B,E01021684,818,241,75,166,577,491,86
2021,Colchester 011E,E01021687,987,288,88,200,699,593,106
2021,Colchester 011F,E01021688,981,274,91,183,707,610,97
2021,Colchester 014A,E01021689,633,212,84,128,421,356,65
2021,Colchester 014B,E01021690,640,208,73,135,432,367,65
2021,Colchester 014C,E01021691,649,191,68,123,458,389,69
2021,Colchester 014D,E01021692,644,209,73,136,435,352,83
2021,Colchester 014E,E01021693,761,271,97,174,490,408,82
2021,Colchester 019D,E01021694,698,245,108,137,453,329,124
2021,Colchester 019E,E01021695,535,187,93,94,348,269,79
2021,Colchester 008A,E01021696,548,231,79,152,317,275,42
2021,Colchester 008B,E01021697,709,241,57,184,468,400,68
2021,Colchester 008C,E01021698,536,241,108,133,295,257,38
2021,Colchester 008D,E01021699,569,224,82,142,345,298,47
2021,Colchester 008E,E01021700,534,203,79,124,331,282,49
2021,Colchester 022D,E01021702,643,191,50,141,452,399,53
2021,Colchester 022E,E01021703,569,177,64,113,392,344,48
2021,Colchester 022F,E01021704,705,235,91,144,470,403,67
2021,Colchester 022G,E01021705,955,329,124,205,626,526,100
2021,Colchester 022H,E01021706,636,193,69,124,443,366,77
2021,Colchester 022I,E01021707,624,203,56,147,421,350,71
2021,Colchester 022A,E01021708,631,199,78,121,432,353,79
2021,Colchester 022B,E01021709,627,228,84,144,399,336,63
2021,Colchester 022C,E01021710,1102,361,137,224,741,608,133
2021,Colchester 015A,E01021711,607,217,67,150,390,334,56
2021,Colchester 015C,E01021713,566,206,51,155,360,307,53
2021,Colchester 015D,E01021714,983,286,96,190,697,571,126
2021,Colchester 015E,E01021715,788,257,79,178,531,457,74
2021,Colchester 013D,E01021717,1453,388,147,241,1065,868,197
2021,Colchester 012A,E01021718,1012,291,112,179,721,610,111
2021,Colchester 012B,E01021719,780,275,101,174,505,415,90
2021,Colchester 012C,E01021720,707,227,78,149,480,413,67
2021,Colchester 012D,E01021721,929,317,111,206,612,487,125
2021,Colchester 012E,E01021722,1295,385,138,247,910,729,181
2021,Colchester 020A,E01021723,840,250,89,161,590,489,101
2021,Colchester 020B,E01021724,789,255,99,156,534,441,93
2021,Colchester 020C,E01021725,693,221,89,132,472,366,106
2021,Colchester 020D,E01021726,693,213,77,136,480,393,87
2021,Colchester 020E,E01021727,715,220,84,136,495,402,93
2021,Colchester 003B,E01021728,760,249,94,155,511,420,91
2021,Colchester 003C,E01021729,794,256,78,178,538,436,102
2021,Colchester 003D,E01021730,821,279,99,180,542,422,120
2021,Colchester 021A,E01021731,564,203,93,110,361,278,83
2021,Colchester 021B,E01021732,681,249,90,159,432,339,93
2021,Colchester 021C,E01021733,605,212,85,127,393,320,73
2021,Colchester 021D,E01021734,573,214,83,131,359,294,65
2021,Colchester 021E,E01021735,521,206,90,116,315,244,71
2021,Colchester 017A,E01021736,612,300,168,132,312,264,48
2021,Colchester 017B,E01021737,542,199,74,125,343,294,49
2021,Colchester 017C,E01021738,1058,340,130,210,718,560,158
2021,Colchester 017D,E01021739,676,221,84,137,455,378,77
2021,Colchester 017E,E01021740,810,265,92,173,545,443,102
2021,Epping Forest 002A,E01021741,1197,339,149,190,858,640,218
2021,Epping Forest 015A,E01021742,657,195,66,129,462,379,83
2021,Epping Forest 015B,E01021743,920,252,103,149,668,539,129
2021,Epping Forest 015C,E01021744,904,260,99,161,644,520,124
2021,Epping Forest 015D,E01021745,899,241,94,147,658,515,143
2021,Epping Forest 015E,E01021746,973,241,94,147,732,580,152
2021,Epping Forest 015F,E01021747,767,231,94,137,536,370,166
2021,Epping Forest 015G,E01021748,961,256,112,144,705,559,146
2021,Epping Forest 016A,E01021749,1047,340,133,207,707,561,146
2021,Epping Forest 016B,E01021750,835,236,109,127,599,414,185
2021,Epping Forest 016C,E01021751,685,217,96,121,468,357,111
2021,Epping Forest 016D,E01021752,823,245,104,141,578,467,111
2021,Epping Forest 004A,E01021753,789,268,99,169,521,435,86
2021,Epping Forest 004B,E01021754,683,247,102,145,436,357,79
2021,Epping Forest 004C,E01021755,501,168,68,100,333,278,55
2021,Epping Forest 006A,E01021756,810,230,90,140,580,471,109
2021,Epping Forest 006B,E01021757,892,210,90,120,682,536,146
2021,Epping Forest 006C,E01021758,698,177,72,105,521,445,76
2021,Epping Forest 006D,E01021759,815,227,79,148,588,488,100
2021,Epping Forest 005A,E01021760,739,230,96,134,509,419,90
2021,Epping Forest 005B,E01021761,979,279,117,162,700,541,159
2021,Epping Forest 005C,E01021762,687,194,75,119,493,405,88
2021,Epping Forest 005D,E01021763,976,265,107,158,711,545,166
2021,Epping Forest 017A,E01021764,832,293,104,189,539,466,73
2021,Epping Forest 017B,E01021765,1005,302,126,176,703,567,136
2021,Epping Forest 017C,E01021766,845,302,139,163,543,406,137
2021,Epping Forest 017D,E01021767,933,284,116,168,649,501,148
2021,Epping Forest 001A,E01021768,1180,378,142,236,802,597,205
2021,Epping Forest 003A,E01021769,1236,390,175,215,846,635,211
2021,Epping Forest 010A,E01021770,949,315,124,191,634,502,132
2021,Epping Forest 013A,E01021771,761,207,81,126,554,482,72
2021,Epping Forest 013B,E01021772,708,232,110,122,476,401,75
2021,Epping Forest 013C,E01021773,799,224,80,144,575,486,89
2021,Epping Forest 011A,E01021774,804,210,84,126,594,510,84
2021,Epping Forest 011B,E01021775,802,236,91,145,566,499,67
2021,Epping Forest 011C,E01021776,753,228,90,138,525,434,91
2021,Epping Forest 011D,E01021777,708,218,89,129,490,429,61
2021,Epping Forest 011E,E01021778,789,227,80,147,562,474,88
2021,Epping Forest 011F,E01021779,727,217,69,148,510,434,76
2021,Epping Forest 014A,E01021780,660,183,93,90,477,329,148
2021,Epping Forest 014B,E01021781,819,215,80,135,604,436,168
2021,Epping Forest 014C,E01021782,700,186,87,99,514,390,124
2021,Epping Forest 013D,E01021783,851,235,89,146,616,524,92
2021,Epping Forest 013E,E01021784,800,194,78,116,606,510,96
2021,Epping Forest 014D,E01021785,845,260,87,173,585,502,83
2021,Epping Forest 012A,E01021786,652,171,68,103,481,367,114
2021,Epping Forest 012B,E01021787,859,251,122,129,608,446,162
2021,Epping Forest 012C,E01021788,815,249,97,152,566,430,136
2021,Epping Forest 012D,E01021789,736,225,111,114,511,373,138
2021,Epping Forest 012E,E01021790,974,290,109,181,684,580,104
2021,Epping Forest 012F,E01021791,909,240,104,136,669,520,149
2021,Epping Forest 002B,E01021792,682,197,86,111,485,411,74
2021,Epping Forest 002C,E01021793,816,264,112,152,552,433,119
2021,Epping Forest 002D,E01021794,583,178,69,109,405,326,79
2021,Epping Forest 001B,E01021795,1289,311,125,186,978,798,180
2021,Epping Forest 003B,E01021796,1124,364,175,189,760,565,195
2021,Epping Forest 001C,E01021797,677,206,81,125,471,382,89
2021,Epping Forest 001D,E01021798,726,253,83,170,473,373,100
2021,Epping Forest 001E,E01021799,837,226,82,144,611,511,100
2021,Epping Forest 003C,E01021800,1225,464,206,258,761,540,221
2021,Epping Forest 002E,E01021801,1122,364,146,218,758,593,165
2021,Epping Forest 004D,E01021802,1232,405,138,267,827,686,141
2021,Epping Forest 010B,E01021803,579,182,84,98,397,314,83
2021,Epping Forest 010C,E01021804,649,171,77,94,478,333,145
2021,Epping Forest 010D,E01021805,643,188,79,109,455,353,102
2021,Epping Forest 009A,E01021806,1191,401,176,225,790,626,164
2021,Epping Forest 008A,E01021807,775,228,74,154,547,450,97
2021,Epping Forest 008B,E01021808,717,220,67,153,497,433,64
2021,Epping Forest 008C,E01021809,662,194,58,136,468,384,84
2021,Epping Forest 008D,E01021810,992,305,97,208,687,575,112
2021,Epping Forest 007A,E01021811,634,218,77,141,416,357,59
2021,Epping Forest 009B,E01021812,620,217,77,140,403,319,84
2021,Epping Forest 007B,E01021813,639,185,67,118,454,377,77
2021,Epping Forest 007C,E01021814,889,263,90,173,626,536,90
2021,Epping Forest 007D,E01021815,750,264,91,173,486,440,46
2021,Epping Forest 007E,E01021816,619,180,68,112,439,386,53
2021,Epping Forest 008E,E01021817,1372,412,144,268,960,811,149
2021,Epping Forest 009C,E01021818,1076,273,115,158,803,678,125
2021,Harlow 006A,E01021819,828,245,77,168,583,518,65
2021,Harlow 006B,E01021820,725,220,64,156,505,425,80
2021,Harlow 008A,E01021821,647,188,64,124,459,396,63
2021,Harlow 006C,E01021822,831,259,88,171,572,488,84
2021,Harlow 006D,E01021823,863,266,79,187,597,529,68
2021,Harlow 005A,E01021824,965,275,97,178,690,568,122
2021,Harlow 005B,E01021825,939,243,81,162,696,602,94
2021,Harlow 005C,E01021826,823,250,91,159,573,488,85
2021,Harlow 005D,E01021827,909,246,83,163,663,563,100
2021,Harlow 005E,E01021828,1322,334,119,215,988,843,145
2021,Harlow 009A,E01021829,721,218,68,150,503,434,69
2021,Harlow 009B,E01021830,638,196,68,128,442,379,63
2021,Harlow 007A,E01021831,626,187,69,118,439,395,44
2021,Harlow 009C,E01021832,631,165,44,121,466,405,61
2021,Harlow 009D,E01021833,543,158,64,94,385,323,62
2021,Harlow 008B,E01021834,735,227,83,144,508,437,71
2021,Harlow 008C,E01021835,726,200,73,127,526,457,69
2021,Harlow 008D,E01021836,718,204,60,144,514,438,76
2021,Harlow 008E,E01021837,721,174,63,111,547,476,71
2021,Harlow 010A,E01021838,727,170,67,103,557,483,74
2021,Harlow 004A,E01021839,1070,283,93,190,787,691,96
2021,Harlow 004B,E01021840,849,234,77,157,615,546,69
2021,Harlow 004C,E01021841,743,227,89,138,516,439,77
2021,Harlow 004D,E01021842,805,244,82,162,561,503,58
2021,Harlow 004E,E01021843,1485,347,109,238,1138,1003,135
2021,Harlow 002A,E01021844,701,221,66,155,480,418,62
2021,Harlow 002B,E01021845,734,245,82,163,489,424,65
2021,Harlow 002C,E01021846,713,234,85,149,479,426,53
2021,Harlow 002D,E01021847,632,207,65,142,425,373,52
2021,Harlow 002E,E01021848,934,289,103,186,645,568,77
2021,Harlow 003A,E01021849,766,219,63,156,547,468,79
2021,Harlow 003B,E01021850,682,195,65,130,487,437,50
2021,Harlow 003C,E01021851,886,235,88,147,651,592,59
2021,Harlow 003D,E01021852,815,240,93,147,575,508,67
2021,Harlow 003E,E01021853,994,243,93,150,751,636,115
2021,Harlow 001A,E01021854,1202,303,133,170,899,774,125
2021,Harlow 001B,E01021855,764,212,67,145,552,475,77
2021,Harlow 001C,E01021856,778,227,85,142,551,484,67
2021,Harlow 010B,E01021858,807,201,62,139,606,532,74
2021,Harlow 010C,E01021859,736,204,57,147,532,466,66
2021,Harlow 010D,E01021860,753,246,70,176,507,444,63
2021,Harlow 010E,E01021861,725,200,60,140,525,461,64
2021,Harlow 011A,E01021862,755,206,58,148,549,482,67
2021,Harlow 011B,E01021863,814,228,86,142,586,507,79
2021,Harlow 011C,E01021864,679,178,63,115,501,433,68
2021,Harlow 009E,E01021865,687,191,69,122,496,433,63
2021,Harlow 011D,E01021866,677,183,57,126,494,428,66
2021,Harlow 011E,E01021867,755,208,80,128,547,467,80
2021,Harlow 007B,E01021868,824,241,83,158,583,510,73
2021,Harlow 007C,E01021869,653,192,65,127,461,395,66
2021,Harlow 006E,E01021870,674,194,65,129,480,410,70
2021,Harlow 007D,E01021871,634,206,75,131,428,366,62
2021,Maldon 007A,E01021873,640,206,87,119,434,326,108
2021,Maldon 007B,E01021874,756,236,89,147,520,413,107
2021,Maldon 007C,E01021875,673,248,97,151,425,329,96
2021,Maldon 008C,E01021878,570,199,80,119,371,309,62
2021,Maldon 008D,E01021879,690,184,59,125,506,420,86
2021,Maldon 008E,E01021880,708,244,99,145,464,361,103
2021,Maldon 008F,E01021881,549,173,71,102,376,302,74
2021,Maldon 002A,E01021882,944,295,128,167,649,488,161
2021,Maldon 002B,E01021883,833,266,99,167,567,460,107
2021,Maldon 003A,E01021884,721,210,81,129,511,434,77
2021,Maldon 003B,E01021885,547,174,78,96,373,298,75
2021,Maldon 003C,E01021886,794,242,85,157,552,446,106
2021,Maldon 003D,E01021887,1248,375,140,235,873,714,159
2021,Maldon 003E,E01021888,1062,363,110,253,699,590,109
2021,Maldon 004A,E01021889,1188,412,151,261,776,655,121
2021,Maldon 004B,E01021890,857,284,120,164,573,476,97
2021,Maldon 004C,E01021891,609,223,94,129,386,317,69
2021,Maldon 004D,E01021892,436,168,64,104,268,212,56
2021,Maldon 005A,E01021893,729,232,99,133,497,385,112
2021,Maldon 005B,E01021894,541,187,80,107,354,298,56
2021,Maldon 005C,E01021895,579,190,77,113,389,332,57
2021,Maldon 005D,E01021896,963,281,106,175,682,545,137
2021,Maldon 005E,E01021897,543,172,53,119,371,302,69
2021,Maldon 005F,E01021898,500,166,69,97,334,276,58
2021,Maldon 007D,E01021899,697,232,95,137,465,367,98
2021,Maldon 007E,E01021900,548,162,63,99,386,322,64
2021,Maldon 006A,E01021901,890,300,113,187,590,451,139
2021,Maldon 007F,E01021902,909,318,150,168,591,450,141
2021,Maldon 007G,E01021903,831,282,124,158,549,425,124
2021,Maldon 006B,E01021904,984,266,100,166,718,572,146
2021,Maldon 006C,E01021905,552,161,60,101,391,316,75
2021,Maldon 006D,E01021906,759,241,102,139,518,429,89
2021,Maldon 006E,E01021907,1076,341,129,212,735,577,158
2021,Maldon 001A,E01021908,1023,356,143,213,667,548,119
2021,Maldon 001B,E01021909,697,253,108,145,444,340,104
2021,Maldon 001C,E01021910,800,266,114,152,534,415,119
2021,Maldon 001D,E01021911,658,178,86,92,480,357,123
2021,Maldon 002C,E01021912,859,272,136,136,587,449,138
2021,Maldon 002D,E01021913,733,272,127,145,461,334,127
2021,Rochford 002A,E01021914,989,330,129,201,659,529,130
2021,Rochford 004A,E01021915,653,223,89,134,430,337,93
2021,Rochford 004B,E01021916,590,193,69,124,397,328,69
2021,Rochford 010A,E01021917,820,280,117,163,540,436,104
2021,Rochford 005A,E01021918,717,229,105,124,488,397,91
2021,Rochford 005B,E01021919,646,197,79,118,449,361,88
2021,Rochford 006A,E01021920,1119,331,130,201,788,601,187
2021,Rochford 010B,E01021921,690,221,95,126,469,412,57
2021,Rochford 010C,E01021922,679,214,69,145,465,390,75
2021,Rochford 010D,E01021923,632,192,73,119,440,357,83
2021,Rochford 010E,E01021924,943,246,82,164,697,580,117
2021,Rochford 005C,E01021925,853,245,83,162,608,517,91
2021,Rochford 006B,E01021926,1120,284,108,176,836,704,132
2021,Rochford 002B,E01021927,611,193,77,116,418,355,63
2021,Rochford 002C,E01021928,706,237,77,160,469,386,83
2021,Rochford 002D,E01021929,802,242,88,154,560,462,98
2021,Rochford 007A,E01021930,732,200,62,138,532,449,83
2021,Rochford 002E,E01021931,708,226,71,155,482,390,92
2021,Rochford 007B,E01021932,730,242,82,160,488,419,69
2021,Rochford 012E,E01021933,965,309,132,177,656,518,138
2021,Rochford 012D,E01021934,696,198,78,120,498,429,69
2021,Rochford 012C,E01021935,587,172,72,100,415,336,79
2021,Rochford 012B,E01021936,738,203,69,134,535,444,91
2021,Rochford 012A,E01021937,765,199,69,130,566,456,110
2021,Rochford 011B,E01021938,721,235,100,135,486,413,73
2021,Rochford 011D,E01021939,791,255,111,144,536,451,85
2021,Rochford 011A,E01021940,945,302,119,183,643,512,131
2021,Rochford 011C,E01021941,1143,344,141,203,799,628,171
2021,Rochford 001A,E01021942,592,202,73,129,390,334,56
2021,Rochford 001B,E01021943,732,255,96,159,477,386,91
2021,Rochford 001C,E01021944,793,238,98,140,555,460,95
2021,Rochford 001D,E01021945,760,227,85,142,533,449,84
2021,Rochford 009A,E01021946,681,221,93,128,460,362,98
2021,Rochford 009B,E01021947,518,181,67,114,337,288,49
2021,Rochford 009C,E01021948,608,206,73,133,402,336,66
2021,Rochford 009D,E01021949,658,208,81,127,450,369,81
2021,Rochford 008A,E01021950,638,187,65,122,451,385,66
2021,Rochford 008B,E01021951,571,196,73,123,375,313,62
2021,Rochford 007C,E01021952,702,226,90,136,476,402,74
2021,Rochford 004C,E01021953,544,172,58,114,372,314,58
2021,Rochford 007D,E01021954,1497,386,141,245,1111,893,218
2021,Rochford 004D,E01021955,802,209,81,128,593,494,99
2021,Rochford 007E,E01021956,686,235,100,135,451,386,65
2021,Rochford 006C,E01021957,780,244,96,148,536,449,87
2021,Rochford 006D,E01021958,673,181,66,115,492,400,92
2021,Rochford 006E,E01021959,858,229,87,142,629,527,102
2021,Rochford 005D,E01021960,949,307,139,168,642,511,131
2021,Rochford 005E,E01021961,741,232,90,142,509,428,81
2021,Rochford 008C,E01021962,501,156,59,97,345,300,45
2021,Rochford 008D,E01021963,624,213,95,118,411,317,94
2021,Rochford 008E,E01021964,775,220,97,123,555,460,95
2021,Rochford 009E,E01021965,1113,368,143,225,745,619,126
2021,Rochford 008F,E01021966,774,227,90,137,547,451,96
2021,Tendring 009A,E01021967,1128,384,147,237,744,627,117
2021,Tendring 017A,E01021968,757,278,85,193,479,406,73
2021,Tendring 017B,E01021969,587,221,75,146,366,307,59
2021,Tendring 016A,E01021970,625,263,78,185,362,307,55
2021,Tendring 005A,E01021971,876,244,97,147,632,492,140
2021,Tendring 005B,E01021972,695,234,83,151,461,350,111
2021,Tendring 007A,E01021973,566,192,62,130,374,293,81
2021,Tendring 007B,E01021974,613,198,67,131,415,332,83
2021,Tendring 013A,E01021975,598,204,66,138,394,326,68
2021,Tendring 013B,E01021976,677,221,78,143,456,382,74
2021,Tendring 013C,E01021977,1103,394,123,271,709,599,110
2021,Tendring 003A,E01021978,1087,387,157,230,700,550,150
2021,Tendring 011A,E01021979,666,233,90,143,433,359,74
2021,Tendring 011B,E01021980,702,225,70,155,477,374,103
2021,Tendring 011C,E01021981,882,296,100,196,586,478,108
2021,Tendring 011D,E01021982,991,308,107,201,683,544,139
2021,Tendring 009B,E01021983,645,213,81,132,432,349,83
2021,Tendring 010A,E01021984,771,251,87,164,520,424,96
2021,Tendring 006A,E01021985,404,158,65,93,246,204,42
2021,Tendring 006B,E01021986,423,166,78,88,257,198,59
2021,Tendring 008A,E01021987,442,182,78,104,260,208,52
2021,Tendring 018A,E01021988,405,176,69,107,229,184,45
2021,Tendring 018B,E01021989,432,151,53,98,281,227,54
2021,Tendring 018C,E01021990,488,197,69,128,291,247,44
2021,Tendring 004A,E01021991,501,187,65,122,314,234,80
2021,Tendring 004B,E01021992,510,174,69,105,336,273,63
2021,Tendring 009C,E01021993,1200,396,129,267,804,614,190
2021,Tendring 008B,E01021994,342,147,43,104,195,166,29
2021,Tendring 008C,E01021995,488,146,47,99,342,278,64
2021,Tendring 008D,E01021996,431,165,62,103,266,219,47
2021,Tendring 001A,E01021997,559,181,68,113,378,306,72
2021,Tendring 001B,E01021998,620,181,66,115,439,373,66
2021,Tendring 001C,E01021999,721,235,65,170,486,411,75
2021,Tendring 002A,E01022000,775,262,89,173,513,439,74
2021,Tendring 001D,E01022001,716,238,69,169,478,400,78
2021,Tendring 004C,E01022002,828,265,77,188,563,452,111
2021,Tendring 004D,E01022004,693,238,82,156,455,381,74
2021,Tendring 004E,E01022005,809,254,90,164,555,459,96
2021,Tendring 002C,E01022006,676,223,59,164,453,380,73
2021,Tendring 002D,E01022007,799,268,75,193,531,436,95
2021,Tendring 012A,E01022008,696,252,72,180,444,372,72
2021,Tendring 008E,E01022009,595,211,84,127,384,304,80
2021,Tendring 008F,E01022010,672,232,81,151,440,367,73
2021,Tendring 008G,E01022011,744,269,97,172,475,379,96
2021,Tendring 008H,E01022012,573,195,62,133,378,319,59
2021,Tendring 003B,E01022013,963,287,96,191,676,547,129
2021,Tendring 003C,E01022014,696,214,85,129,482,379,103
2021,Tendring 003D,E01022015,731,222,86,136,509,430,79
2021,Tendring 007C,E01022016,657,252,72,180,405,346,59
2021,Tendring 007D,E01022017,785,280,89,191,505,429,76
2021,Tendring 007E,E01022018,764,257,102,155,507,395,112
2021,Tendring 003E,E01022019,800,249,100,149,551,413,138
2021,Tendring 003F,E01022020,770,241,95,146,529,430,99
2021,Tendring 003G,E01022021,745,245,92,153,500,439,61
2021,Tendring 013D,E01022022,681,242,70,172,439,362,77
2021,Tendring 015A,E01022023,601,223,73,150,378,303,75
2021,Tendring 015B,E01022024,601,184,50,134,417,345,72
2021,Tendring 016B,E01022025,592,223,80,143,369,322,47
2021,Tendring 016C,E01022026,594,228,65,163,366,314,52
2021,Tendring 016D,E01022027,661,224,74,150,437,351,86
2021,Tendring 004F,E01022028,606,218,69,149,388,310,78
2021,Tendring 015C,E01022030,462,172,60,112,290,246,44
2021,Tendring 015D,E01022031,442,162,41,121,280,232,48
2021,Tendring 015E,E01022032,616,220,76,144,396,329,67
2021,Tendring 012B,E01022033,467,183,56,127,284,242,42
2021,Tendring 012C,E01022034,531,199,65,134,332,277,55
2021,Tendring 012D,E01022035,440,155,51,104,285,222,63
2021,Tendring 017C,E01022036,490,171,55,116,319,263,56
2021,Tendring 017D,E01022037,441,168,63,105,273,212,61
2021,Tendring 017E,E01022038,548,216,69,147,332,290,42
2021,Tendring 010B,E01022039,608,217,72,145,391,325,66
2021,Tendring 010C,E01022040,591,219,71,148,372,317,55
2021,Tendring 010D,E01022041,540,183,62,121,357,293,64
2021,Tendring 014A,E01022042,499,167,53,114,332,280,52
2021,Tendring 014B,E01022043,775,297,89,208,478,400,78
2021,Tendring 013E,E01022044,602,226,78,148,376,315,61
2021,Tendring 018D,E01022045,613,230,82,148,383,316,67
2021,Tendring 011E,E01022046,615,215,82,133,400,318,82
2021,Tendring 018E,E01022047,584,213,83,130,371,282,89
2021,Tendring 014C,E01022048,512,184,60,124,328,262,66
2021,Tendring 014D,E01022049,578,213,88,125,365,300,65
2021,Tendring 014E,E01022050,598,205,66,139,393,330,63
2021,Tendring 005C,E01022051,760,258,112,146,502,365,137
2021,Tendring 005D,E01022052,692,202,75,127,490,407,83
2021,Tendring 009D,E01022053,940,301,131,170,639,479,160
2021,Tendring 006C,E01022054,528,183,73,110,345,276,69
2021,Tendring 006D,E01022055,421,135,36,99,286,244,42
2021,Tendring 006E,E01022056,658,219,80,139,439,357,82
2021,Uttlesford 001A,E01022057,904,311,151,160,593,441,152
2021,Uttlesford 008A,E01022058,849,263,114,149,586,435,151
2021,Uttlesford 009A,E01022059,856,259,117,142,597,459,138
2021,Uttlesford 009B,E01022060,1002,317,164,153,685,522,163
2021,Uttlesford 003A,E01022061,737,257,112,145,480,362,118
2021,Uttlesford 005A,E01022062,1236,385,172,213,851,660,191
2021,Uttlesford 005B,E01022063,1298,367,131,236,931,763,168
2021,Uttlesford 008B,E01022064,961,332,133,199,629,478,151
2021,Uttlesford 007B,E01022067,1041,287,116,171,754,623,131
2021,Uttlesford 007C,E01022068,1010,308,120,188,702,565,137
2021,Uttlesford 008D,E01022069,741,238,90,148,503,422,81
2021,Uttlesford 009C,E01022070,945,308,134,174,637,477,160
2021,Uttlesford 003B,E01022071,861,258,122,136,603,453,150
2021,Uttlesford 003C,E01022072,1033,302,143,159,731,539,192
2021,Uttlesford 003D,E01022073,949,291,88,203,658,524,134
2021,Uttlesford 002A,E01022074,749,223,86,137,526,450,76
2021,Uttlesford 001B,E01022075,848,265,104,161,583,472,111
2021,Uttlesford 002B,E01022076,789,240,89,151,549,440,109
2021,Uttlesford 001C,E01022077,1062,336,128,208,726,605,121
2021,Uttlesford 002C,E01022078,728,240,86,154,488,413,75
2021,Uttlesford 002D,E01022079,1078,294,119,175,784,649,135
2021,Uttlesford 002E,E01022080,837,243,76,167,594,503,91
2021,Uttlesford 002F,E01022081,1207,384,134,250,823,677,146
2021,Uttlesford 002G,E01022082,1108,321,128,193,787,658,129
2021,Uttlesford 005C,E01022083,843,240,100,140,603,478,125
2021,Uttlesford 005D,E01022084,979,284,112,172,695,564,131
2021,Uttlesford 005E,E01022085,990,247,81,166,743,578,165
2021,Uttlesford 006A,E01022086,904,254,100,154,650,525,125
2021,Uttlesford 005F,E01022087,1475,433,166,267,1042,843,199
2021,Uttlesford 008E,E01022088,828,309,135,174,519,390,129
2021,Uttlesford 005G,E01022089,792,247,104,143,545,414,131
2021,Uttlesford 004A,E01022092,930,292,131,161,638,461,177
2021,Uttlesford 004B,E01022093,1037,332,142,190,705,585,120
2021,Uttlesford 001D,E01022094,1016,314,132,182,702,546,156
2021,Uttlesford 006D,E01022095,824,295,129,166,529,381,148
2021,Uttlesford 009D,E01022096,1104,364,152,212,740,578,162
2021,Uttlesford 004C,E01022097,969,321,146,175,648,502,146
2021,Uttlesford 003E,E01022098,784,273,120,153,511,375,136
2021,Uttlesford 004D,E01022099,1180,368,153,215,812,660,152
2021,Cheltenham 008A,E01022100,892,255,97,158,637,515,122
2021,Cheltenham 008B,E01022101,1017,288,101,187,729,627,102
2021,Cheltenham 008C,E01022102,1379,284,116,168,1095,973,122
2021,Cheltenham 012B,E01022104,916,289,97,192,627,548,79
2021,Cheltenham 012C,E01022105,708,242,91,151,466,394,72
2021,Cheltenham 010A,E01022106,871,274,94,180,597,542,55
2021,Cheltenham 010B,E01022107,768,217,76,141,551,487,64
2021,Cheltenham 010C,E01022108,809,259,95,164,550,477,73
2021,Cheltenham 012D,E01022109,754,275,116,159,479,409,70
2021,Cheltenham 012E,E01022110,668,242,89,153,426,369,57
2021,Cheltenham 012F,E01022111,724,257,99,158,467,388,79
2021,Cheltenham 012G,E01022112,648,237,81,156,411,342,69
2021,Cheltenham 014A,E01022113,696,280,121,159,416,317,99
2021,Cheltenham 014B,E01022114,703,247,98,149,456,378,78
2021,Cheltenham 014C,E01022115,796,253,95,158,543,455,88
2021,Cheltenham 009A,E01022116,666,157,55,102,509,420,89
2021,Cheltenham 009B,E01022117,984,183,80,103,801,647,154
2021,Cheltenham 014D,E01022118,781,266,83,183,515,436,79
2021,Cheltenham 009C,E01022119,717,230,69,161,487,393,94
2021,Cheltenham 005A,E01022120,716,229,82,147,487,451,36
2021,Cheltenham 005B,E01022121,844,291,89,202,553,508,45
2021,Cheltenham 003A,E01022122,626,208,70,138,418,384,34
2021,Cheltenham 010D,E01022123,1211,313,100,213,898,798,100
2021,Cheltenham 009D,E01022124,618,137,56,81,481,425,56
2021,Cheltenham 009E,E01022125,611,159,54,105,452,346,106
2021,Cheltenham 009F,E01022126,857,196,76,120,661,535,126
2021,Cheltenham 009G,E01022127,819,184,78,106,635,534,101
2021,Cheltenham 015A,E01022128,696,245,101,144,451,380,71
2021,Cheltenham 015B,E01022129,1044,354,131,223,690,569,121
2021,Cheltenham 015C,E01022130,781,261,99,162,520,448,72
2021,Cheltenham 006A,E01022131,614,224,75,149,390,355,35
2021,Cheltenham 006B,E01022132,684,241,70,171,443,399,44
2021,Cheltenham 006C,E01022133,636,230,83,147,406,370,36
2021,Cheltenham 006D,E01022134,720,238,62,176,482,424,58
2021,Cheltenham 011A,E01022135,624,183,60,123,441,338,103
2021,Cheltenham 011B,E01022136,611,173,64,109,438,360,78
2021,Cheltenham 011C,E01022137,843,228,95,133,615,494,121
2021,Cheltenham 011D,E01022138,746,228,115,113,518,432,86
2021,Cheltenham 004A,E01022139,748,294,136,158,454,394,60
2021,Cheltenham 008D,E01022140,678,206,79,127,472,400,72
2021,Cheltenham 008E,E01022141,783,191,84,107,592,508,84
2021,Cheltenham 008F,E01022142,854,217,82,135,637,554,83
2021,Cheltenham 002A,E01022143,835,281,111,170,554,457,97
2021,Cheltenham 002B,E01022144,684,188,62,126,496,431,65
2021,Cheltenham 002C,E01022145,598,208,61,147,390,330,60
2021,Cheltenham 002D,E01022146,552,186,75,111,366,295,71
2021,Cheltenham 005C,E01022147,688,243,60,183,445,401,44
2021,Cheltenham 007A,E01022148,838,233,81,152,605,543,62
2021,Cheltenham 007B,E01022149,773,231,61,170,542,483,59
2021,Cheltenham 007C,E01022150,843,227,77,150,616,546,70
2021,Cheltenham 004B,E01022151,838,319,116,203,519,483,36
2021,Cheltenham 004C,E01022152,512,195,74,121,317,283,34
2021,Cheltenham 004D,E01022153,833,250,115,135,583,511,72
2021,Cheltenham 004E,E01022154,934,355,200,155,579,513,66
2021,Cheltenham 007D,E01022155,831,265,96,169,566,504,62
2021,Cheltenham 007E,E01022156,1124,291,81,210,833,740,93
2021,Cheltenham 005D,E01022157,738,256,92,164,482,442,40
2021,Cheltenham 005E,E01022159,785,237,58,179,548,481,67
2021,Cheltenham 003B,E01022160,1104,304,86,218,800,723,77
2021,Cheltenham 003C,E01022161,788,213,64,149,575,531,44
2021,Cheltenham 003D,E01022162,748,234,69,165,514,451,63
2021,Cheltenham 001A,E01022163,770,246,78,168,524,478,46
2021,Cheltenham 001B,E01022164,656,222,77,145,434,389,45
2021,Cheltenham 001C,E01022165,784,234,63,171,550,497,53
2021,Cheltenham 001D,E01022166,606,202,64,138,404,365,39
2021,Cheltenham 013A,E01022167,542,185,57,128,357,317,40
2021,Cheltenham 013B,E01022168,536,179,53,126,357,306,51
2021,Cheltenham 013C,E01022169,716,242,71,171,474,415,59
2021,Cheltenham 013D,E01022170,744,258,91,167,486,434,52
2021,Cheltenham 013E,E01022171,697,226,74,152,471,407,64
2021,Cheltenham 013F,E01022172,680,230,74,156,450,408,42
2021,Cheltenham 013G,E01022173,597,187,68,119,410,371,39
2021,Cheltenham 011E,E01022174,701,240,79,161,461,412,49
2021,Cotswold 005A,E01022175,917,313,140,173,604,437,167
2021,Cotswold 011A,E01022176,968,329,122,207,639,492,147
2021,Cotswold 002A,E01022177,828,276,107,169,552,419,133
2021,Cotswold 002B,E01022178,637,220,82,138,417,258,159
2021,Cotswold 001A,E01022179,900,320,137,183,580,438,142
2021,Cotswold 003B,E01022181,755,270,126,144,485,348,137
2021,Cotswold 001B,E01022182,763,263,115,148,500,382,118
2021,Cotswold 001C,E01022183,654,242,110,132,412,309,103
2021,Cotswold 001D,E01022184,702,256,114,142,446,312,134
2021,Cotswold 001E,E01022185,871,276,112,164,595,461,134
2021,Cotswold 004A,E01022186,809,261,102,159,548,397,151
2021,Cotswold 004B,E01022187,914,306,140,166,608,451,157
2021,Cotswold 006A,E01022188,1048,347,121,226,701,603,98
2021,Cotswold 006B,E01022189,632,199,83,116,433,377,56
2021,Cotswold 006C,E01022190,812,268,94,174,544,480,64
2021,Cotswold 008A,E01022191,726,206,80,126,520,449,71
2021,Cotswold 008B,E01022192,611,209,88,121,402,354,48
2021,Cotswold 008C,E01022193,456,135,47,88,321,270,51
2021,Cotswold 007A,E01022194,739,234,106,128,505,415,90
2021,Cotswold 007B,E01022195,669,230,104,126,439,358,81
2021,Cotswold 006D,E01022196,870,305,130,175,565,477,88
2021,Cotswold 006E,E01022197,915,304,119,185,611,516,95
2021,Cotswold 008D,E01022198,619,183,63,120,436,377,59
2021,Cotswold 007C,E01022199,830,234,101,133,596,486,110
2021,Cotswold 007D,E01022200,515,149,56,93,366,336,30
2021,Cotswold 004C,E01022201,957,335,150,185,622,453,169
2021,Cotswold 009A,E01022202,658,225,98,127,433,334,99
2021,Cotswold 009B,E01022203,1003,319,115,204,684,553,131
2021,Cotswold 009C,E01022204,696,215,82,133,481,413,68
2021,Cotswold 002C,E01022205,864,274,105,169,590,431,159
2021,Cotswold 005B,E01022207,797,287,135,152,510,384,126
2021,Cotswold 009D,E01022208,774,243,80,163,531,410,121
2021,Cotswold 009E,E01022209,607,181,74,107,426,346,80
2021,Cotswold 009F,E01022210,620,201,71,130,419,336,83
2021,Cotswold 002D,E01022211,865,245,98,147,620,497,123
2021,Cotswold 005C,E01022213,961,316,140,176,645,502,143
2021,Cotswold 005D,E01022215,898,316,143,173,582,419,163
2021,Cotswold 004D,E01022216,979,317,127,190,662,477,185
2021,Cotswold 011C,E01022217,652,202,73,129,450,373,77
2021,Cotswold 011D,E01022218,587,200,85,115,387,336,51
2021,Cotswold 011E,E01022219,642,195,79,116,447,382,65
2021,Cotswold 011F,E01022220,737,257,100,157,480,380,100
2021,Cotswold 010A,E01022221,1054,353,158,195,701,546,155
2021,Cotswold 003D,E01022222,964,312,134,178,652,452,200
2021,Cotswold 010C,E01022224,761,240,113,127,521,406,115
2021,Cotswold 008E,E01022225,1299,341,133,208,958,793,165
2021,Forest of Dean 009A,E01022226,666,217,85,132,449,385,64
2021,Forest of Dean 009B,E01022227,707,244,89,155,463,382,81
2021,Forest of Dean 005A,E01022228,795,271,100,171,524,425,99
2021,Forest of Dean 007A,E01022229,727,230,79,151,497,436,61
2021,Forest of Dean 005B,E01022230,876,302,118,184,574,455,119
2021,Forest of Dean 008A,E01022231,729,252,94,158,477,397,80
2021,Forest of Dean 008B,E01022232,775,256,109,147,519,429,90
2021,Forest of Dean 001A,E01022233,890,304,106,198,586,424,162
2021,Forest of Dean 006A,E01022234,657,229,81,148,428,342,86
2021,Forest of Dean 001B,E01022235,794,272,116,156,522,423,99
2021,Forest of Dean 004A,E01022236,974,312,85,227,662,564,98
2021,Forest of Dean 004B,E01022237,647,198,67,131,449,383,66
2021,Forest of Dean 004C,E01022238,595,188,49,139,407,338,69
2021,Forest of Dean 004D,E01022239,779,241,76,165,538,457,81
2021,Forest of Dean 004E,E01022240,1041,278,89,189,763,684,79
2021,Forest of Dean 007B,E01022241,795,246,85,161,549,474,75
2021,Forest of Dean 007C,E01022242,828,284,100,184,544,452,92
2021,Forest of Dean 007D,E01022243,588,202,75,127,386,330,56
2021,Forest of Dean 007E,E01022244,697,229,75,154,468,406,62
2021,Forest of Dean 007F,E01022245,605,188,62,126,417,352,65
2021,Forest of Dean 007G,E01022246,622,194,60,134,428,344,84
2021,Forest of Dean 001C,E01022247,954,356,180,176,598,425,173
2021,Forest of Dean 010A,E01022248,754,276,104,172,478,378,100
2021,Forest of Dean 004F,E01022249,962,307,122,185,655,557,98
2021,Forest of Dean 004G,E01022250,930,284,85,199,646,554,92
2021,Forest of Dean 003A,E01022251,654,195,80,115,459,383,76
2021,Forest of Dean 003B,E01022252,849,265,92,173,584,479,105
2021,Forest of Dean 006B,E01022253,799,293,114,179,506,421,85
2021,Forest of Dean 009C,E01022254,1098,349,102,247,749,651,98
2021,Forest of Dean 009D,E01022255,1212,310,107,203,902,780,122
2021,Forest of Dean 009E,E01022256,743,260,71,189,483,415,68
2021,Forest of Dean 009F,E01022257,834,287,94,193,547,454,93
2021,Forest of Dean 003C,E01022258,579,192,63,129,387,332,55
2021,Forest of Dean 003D,E01022259,759,238,83,155,521,440,81
2021,Forest of Dean 003E,E01022260,839,300,117,183,539,469,70
2021,Forest of Dean 002A,E01022261,1090,352,116,236,738,620,118
2021,Forest of Dean 002B,E01022262,1074,320,100,220,754,630,124
2021,Forest of Dean 006C,E01022263,886,337,149,188,549,428,121
2021,Forest of Dean 008C,E01022264,728,252,98,154,476,407,69
2021,Forest of Dean 005C,E01022265,757,245,109,136,512,419,93
2021,Forest of Dean 005D,E01022266,664,210,76,134,454,341,113
2021,Forest of Dean 002C,E01022267,837,280,111,169,557,441,116
2021,Forest of Dean 008D,E01022268,739,241,83,158,498,420,78
2021,Forest of Dean 008E,E01022269,929,299,111,188,630,519,111
2021,Forest of Dean 001D,E01022270,993,319,132,187,674,501,173
2021,Forest of Dean 001E,E01022271,752,259,109,150,493,366,127
2021,Forest of Dean 010B,E01022272,568,180,56,124,388,335,53
2021,Forest of Dean 010C,E01022273,747,165,62,103,582,435,147
2021,Forest of Dean 010D,E01022274,587,166,65,101,421,325,96
2021,Forest of Dean 010E,E01022275,894,275,109,166,619,513,106
2021,Gloucester 010A,E01022276,724,224,67,157,500,428,72
2021,Gloucester 010B,E01022277,664,208,55,153,456,410,46
2021,Gloucester 007A,E01022278,788,233,75,158,555,484,71
2021,Gloucester 007B,E01022279,761,246,76,170,515,459,56
2021,Gloucester 010C,E01022280,871,220,49,171,651,584,67
2021,Gloucester 010D,E01022281,876,263,82,181,613,536,77
2021,Gloucester 007C,E01022282,1507,426,135,291,1081,953,128
2021,Gloucester 006A,E01022283,640,208,75,133,432,375,57
2021,Gloucester 007D,E01022284,613,172,58,114,441,386,55
2021,Gloucester 007E,E01022285,638,233,78,155,405,348,57
2021,Gloucester 007F,E01022286,858,282,84,198,576,517,59
2021,Gloucester 007G,E01022287,975,255,75,180,720,623,97
2021,Gloucester 005A,E01022288,990,319,97,222,671,612,59
2021,Gloucester 005B,E01022289,756,262,93,169,494,441,53
2021,Gloucester 005C,E01022290,602,201,57,144,401,367,34
2021,Gloucester 005D,E01022291,783,284,99,185,499,453,46
2021,Gloucester 005E,E01022292,649,245,72,173,404,349,55
2021,Gloucester 008A,E01022293,786,223,60,163,563,509,54
2021,Gloucester 008B,E01022294,851,283,97,186,568,507,61
2021,Gloucester 003A,E01022295,669,201,50,151,468,410,58
2021,Gloucester 003B,E01022296,814,250,67,183,564,502,62
2021,Gloucester 003C,E01022297,688,202,64,138,486,437,49
2021,Gloucester 003D,E01022298,829,248,69,179,581,511,70
2021,Gloucester 013A,E01022299,614,180,63,117,434,390,44
2021,Gloucester 013B,E01022300,587,195,67,128,392,341,51
2021,Gloucester 013C,E01022301,718,211,64,147,507,437,70
2021,Gloucester 013D,E01022302,723,233,69,164,490,429,61
2021,Gloucester 006B,E01022303,640,203,52,151,437,382,55
2021,Gloucester 006C,E01022304,754,208,66,142,546,473,73
2021,Gloucester 006D,E01022305,662,200,55,145,462,430,32
2021,Gloucester 010E,E01022306,732,200,63,137,532,468,64
2021,Gloucester 010F,E01022307,927,246,65,181,681,603,78
2021,Gloucester 006E,E01022308,654,186,53,133,468,425,43
2021,Gloucester 002A,E01022309,772,245,82,163,527,468,59
2021,Gloucester 002B,E01022310,840,282,104,178,558,487,71
2021,Gloucester 002C,E01022311,931,222,76,146,709,616,93
2021,Gloucester 002D,E01022312,1187,269,95,174,918,818,100
2021,Gloucester 001A,E01022313,867,243,73,170,624,548,76
2021,Gloucester 002E,E01022314,785,252,81,171,533,468,65
2021,Gloucester 001B,E01022315,751,234,55,179,517,459,58
2021,Gloucester 001C,E01022316,858,226,60,166,632,563,69
2021,Gloucester 001D,E01022317,779,228,67,161,551,482,69
2021,Gloucester 001E,E01022318,777,268,98,170,509,444,65
2021,Gloucester 011A,E01022319,597,237,54,183,360,327,33
2021,Gloucester 011B,E01022320,829,259,73,186,570,488,82
2021,Gloucester 011C,E01022321,823,260,68,192,563,505,58
2021,Gloucester 011D,E01022322,560,179,50,129,381,332,49
2021,Gloucester 008C,E01022323,785,251,67,184,534,468,66
2021,Gloucester 011E,E01022324,724,241,72,169,483,420,63
2021,Gloucester 011F,E01022325,615,176,53,123,439,387,52
2021,Gloucester 009A,E01022326,731,222,57,165,509,462,47
2021,Gloucester 009B,E01022327,777,231,71,160,546,484,62
2021,Gloucester 008D,E01022328,635,188,60,128,447,385,62
2021,Gloucester 008E,E01022329,694,224,61,163,470,426,44
2021,Gloucester 009C,E01022330,818,230,64,166,588,523,65
2021,Gloucester 009D,E01022331,685,209,71,138,476,421,55
2021,Gloucester 004A,E01022332,912,280,90,190,632,550,82
2021,Gloucester 009E,E01022333,636,225,67,158,411,367,44
2021,Gloucester 009F,E01022334,955,301,100,201,654,574,80
2021,Gloucester 015A,E01022335,706,202,58,144,504,448,56
2021,Gloucester 015B,E01022336,594,172,46,126,422,368,54
2021,Gloucester 015D,E01022338,777,212,57,155,565,496,69
2021,Gloucester 014A,E01022339,965,284,74,210,681,581,100
2021,Gloucester 014B,E01022340,849,218,70,148,631,542,89
2021,Gloucester 014C,E01022341,1392,366,106,260,1026,900,126
2021,Gloucester 014D,E01022342,1054,276,76,200,778,682,96
2021,Gloucester 012A,E01022343,624,210,65,145,414,345,69
2021,Gloucester 012B,E01022344,750,233,75,158,517,447,70
2021,Gloucester 012C,E01022345,784,225,66,159,559,487,72
2021,Gloucester 012D,E01022346,662,216,65,151,446,382,64
2021,Stroud 010A,E01022350,919,335,144,191,584,454,130
2021,Stroud 012A,E01022351,810,232,77,155,578,481,97
2021,Stroud 012B,E01022352,659,204,73,131,455,373,82
2021,Stroud 012C,E01022353,848,217,79,138,631,527,104
2021,Stroud 002A,E01022354,1019,370,159,211,649,497,152
2021,Stroud 004A,E01022355,865,296,93,203,569,512,57
2021,Stroud 004B,E01022356,1310,400,150,250,910,784,126
2021,Stroud 004C,E01022357,931,323,112,211,608,507,101
2021,Stroud 004D,E01022358,699,233,80,153,466,414,52
2021,Stroud 011A,E01022359,748,219,76,143,529,471,58
2021,Stroud 011B,E01022360,708,247,89,158,461,399,62
2021,Stroud 011C,E01022361,540,164,60,104,376,315,61
2021,Stroud 011D,E01022362,537,166,49,117,371,320,51
2021,Stroud 011E,E01022363,1031,288,107,181,743,641,102
2021,Stroud 011F,E01022364,515,167,57,110,348,307,41
2021,Stroud 008A,E01022366,907,338,127,211,569,471,98
2021,Stroud 008B,E01022367,774,293,122,171,481,384,97
2021,Stroud 008C,E01022368,658,240,109,131,418,349,69
2021,Stroud 008D,E01022369,907,276,76,200,631,548,83
2021,Stroud 009A,E01022370,656,235,101,134,421,331,90
2021,Stroud 009B,E01022371,503,165,69,96,338,262,76
2021,Stroud 014A,E01022372,1230,326,98,228,904,795,109
2021,Stroud 014B,E01022373,851,292,105,187,559,489,70
2021,Stroud 014C,E01022374,1000,293,112,181,707,597,110
2021,Stroud 014D,E01022375,584,199,71,128,385,335,50
2021,Stroud 003A,E01022376,1416,406,146,260,1010,844,166
2021,Stroud 004E,E01022377,1056,346,100,246,710,619,91
2021,Stroud 001A,E01022378,1247,350,86,264,897,783,114
2021,Stroud 001B,E01022379,797,206,59,147,591,534,57
2021,Stroud 015A,E01022381,1124,341,130,211,783,652,131
2021,Stroud 010B,E01022382,639,231,96,135,408,330,78
2021,Stroud 010C,E01022383,610,211,68,143,399,347,52
2021,Stroud 010D,E01022384,613,213,88,125,400,313,87
2021,Stroud 013A,E01022385,791,323,136,187,468,377,91
2021,Stroud 013B,E01022386,717,273,117,156,444,342,102
2021,Stroud 013C,E01022387,793,291,89,202,502,421,81
2021,Stroud 013D,E01022388,870,303,119,184,567,494,73
2021,Stroud 004F,E01022389,853,314,119,195,539,440,99
2021,Stroud 002B,E01022390,480,178,65,113,302,227,75
2021,Stroud 002C,E01022391,677,258,121,137,419,328,91
2021,Stroud 002D,E01022392,780,316,144,172,464,347,117
2021,Stroud 007A,E01022393,663,272,101,171,391,327,64
2021,Stroud 007B,E01022394,883,303,104,199,580,516,64
2021,Stroud 007C,E01022395,770,297,111,186,473,414,59
2021,Stroud 003B,E01022396,890,301,105,196,589,478,111
2021,Stroud 003C,E01022397,1051,350,112,238,701,550,151
2021,Stroud 003D,E01022398,553,172,63,109,381,294,87
2021,Stroud 006B,E01022399,1054,421,143,278,633,554,79
2021,Stroud 005A,E01022400,1007,275,94,181,732,640,92
2021,Stroud 005B,E01022401,655,192,63,129,463,401,62
2021,Stroud 005C,E01022402,830,240,79,161,590,520,70
2021,Stroud 005D,E01022403,701,218,74,144,483,436,47
2021,Stroud 005E,E01022404,828,248,86,162,580,465,115
2021,Stroud 009C,E01022405,1024,362,110,252,662,572,90
2021,Stroud 009D,E01022406,606,202,79,123,404,327,77
2021,Stroud 009E,E01022407,638,205,71,134,433,351,82
2021,Stroud 007D,E01022408,520,180,71,109,340,271,69
2021,Stroud 007E,E01022409,685,247,93,154,438,370,68
2021,Stroud 006C,E01022410,1106,436,160,276,670,578,92
2021,Stroud 006D,E01022411,1027,366,136,230,661,572,89
2021,Stroud 012D,E01022413,1019,307,123,184,712,527,185
2021,Stroud 006E,E01022414,1323,529,200,329,794,718,76
2021,Stroud 015B,E01022415,715,242,107,135,473,381,92
2021,Stroud 015C,E01022416,722,249,97,152,473,410,63
2021,Stroud 015D,E01022417,856,286,116,170,570,485,85
2021,Stroud 015E,E01022418,790,241,95,146,549,462,87
2021,Tewkesbury 009A,E01022421,772,245,80,165,527,454,73
2021,Tewkesbury 009C,E01022423,1133,303,77,226,830,731,99
2021,Tewkesbury 009D,E01022424,724,225,76,149,499,428,71
2021,Tewkesbury 007A,E01022425,611,216,58,158,395,348,47
2021,Tewkesbury 007B,E01022426,566,184,72,112,382,326,56
2021,Tewkesbury 007C,E01022427,644,195,65,130,449,380,69
2021,Tewkesbury 007D,E01022428,881,265,75,190,616,537,79
2021,Tewkesbury 007E,E01022429,807,279,86,193,528,466,62
2021,Tewkesbury 007F,E01022430,728,260,72,188,468,403,65
2021,Tewkesbury 007G,E01022431,1066,294,94,200,772,676,96
2021,Tewkesbury 011E,E01022432,917,285,91,194,632,570,62
2021,Tewkesbury 011C,E01022433,878,299,101,198,579,499,80
2021,Tewkesbury 004A,E01022434,946,323,134,189,623,492,131
2021,Tewkesbury 010D,E01022437,704,210,72,138,494,432,62
2021,Tewkesbury 010E,E01022438,715,213,72,141,502,446,56
2021,Tewkesbury 010C,E01022439,1518,368,101,267,1150,1015,135
2021,Tewkesbury 006A,E01022440,1225,349,99,250,876,775,101
2021,Tewkesbury 004B,E01022441,736,243,111,132,493,408,85
2021,Tewkesbury 006B,E01022442,830,264,111,153,566,462,104
2021,Tewkesbury 006C,E01022443,645,199,73,126,446,360,86
2021,Tewkesbury 006D,E01022444,763,241,95,146,522,421,101
2021,Tewkesbury 004C,E01022445,717,243,110,133,474,359,115
2021,Tewkesbury 007H,E01022447,768,176,63,113,592,500,92
2021,Tewkesbury 008B,E01022448,1111,322,84,238,789,679,110
2021,Tewkesbury 003A,E01022449,975,330,132,198,645,496,149
2021,Tewkesbury 001B,E01022450,1085,279,71,208,806,702,104
2021,Tewkesbury 001C,E01022451,750,215,56,159,535,469,66
2021,Tewkesbury 001D,E01022452,746,187,60,127,559,498,61
2021,Tewkesbury 004D,E01022453,1113,336,132,204,777,605,172
2021,Tewkesbury 008C,E01022454,1211,368,130,238,843,709,134
2021,Tewkesbury 001E,E01022455,866,262,91,171,604,517,87
2021,Tewkesbury 002A,E01022456,631,187,58,129,444,381,63
2021,Tewkesbury 002B,E01022457,595,165,46,119,430,387,43
2021,Tewkesbury 002C,E01022458,603,190,59,131,413,360,53
2021,Tewkesbury 002D,E01022459,757,214,76,138,543,468,75
2021,Tewkesbury 002E,E01022460,909,241,66,175,668,589,79
2021,Tewkesbury 002F,E01022461,586,174,50,124,412,362,50
2021,Tewkesbury 002G,E01022462,841,264,102,162,577,471,106
2021,Tewkesbury 003B,E01022463,667,243,101,142,424,318,106
2021,Tewkesbury 003C,E01022464,601,224,78,146,377,312,65
2021,Tewkesbury 003D,E01022465,830,319,132,187,511,415,96
2021,Tewkesbury 003E,E01022466,1023,346,130,216,677,557,120
2021,Basingstoke and Deane 017A,E01022467,783,250,114,136,533,430,103
2021,Basingstoke and Deane 017B,E01022468,882,248,107,141,634,479,155
2021,Basingstoke and Deane 017C,E01022469,726,200,77,123,526,442,84
2021,Basingstoke and Deane 008A,E01022470,1020,229,84,145,791,654,137
2021,Basingstoke and Deane 008B,E01022471,788,201,79,122,587,501,86
2021,Basingstoke and Deane 004A,E01022472,609,175,71,104,434,315,119
2021,Basingstoke and Deane 004B,E01022473,640,170,61,109,470,412,58
2021,Basingstoke and Deane 019A,E01022474,821,229,80,149,592,520,72
2021,Basingstoke and Deane 016A,E01022475,968,217,62,155,751,664,87
2021,Basingstoke and Deane 016B,E01022476,1039,269,80,189,770,688,82
2021,Basingstoke and Deane 019B,E01022477,813,165,48,117,648,565,83
2021,Basingstoke and Deane 019C,E01022478,740,180,47,133,560,489,71
2021,Basingstoke and Deane 019D,E01022479,691,187,55,132,504,444,60
2021,Basingstoke and Deane 016C,E01022480,684,185,58,127,499,448,51
2021,Basingstoke and Deane 012A,E01022481,1006,252,96,156,754,667,87
2021,Basingstoke and Deane 012B,E01022482,803,223,88,135,580,505,75
2021,Basingstoke and Deane 013A,E01022484,655,190,67,123,465,415,50
2021,Basingstoke and Deane 013B,E01022485,583,175,70,105,408,367,41
2021,Basingstoke and Deane 013C,E01022486,1150,271,80,191,879,776,103
2021,Basingstoke and Deane 013D,E01022487,630,192,71,121,438,371,67
2021,Basingstoke and Deane 003A,E01022488,736,211,84,127,525,428,97
2021,Basingstoke and Deane 003B,E01022489,764,222,95,127,542,393,149
2021,Basingstoke and Deane 005A,E01022490,935,237,84,153,698,580,118
2021,Basingstoke and Deane 005B,E01022491,1074,279,98,181,795,685,110
2021,Basingstoke and Deane 005C,E01022492,743,201,80,121,542,389,153
2021,Basingstoke and Deane 002A,E01022493,676,193,75,118,483,374,109
2021,Basingstoke and Deane 008C,E01022494,1399,329,117,212,1070,900,170
2021,Basingstoke and Deane 006A,E01022495,905,184,56,128,721,629,92
2021,Basingstoke and Deane 006C,E01022497,762,145,46,99,617,537,80
2021,Basingstoke and Deane 006D,E01022498,852,198,72,126,654,554,100
2021,Basingstoke and Deane 003C,E01022499,748,232,88,144,516,411,105
2021,Basingstoke and Deane 003D,E01022500,694,228,103,125,466,349,117
2021,Basingstoke and Deane 011B,E01022502,892,208,73,135,684,614,70
2021,Basingstoke and Deane 012D,E01022503,1051,233,87,146,818,706,112
2021,Basingstoke and Deane 016D,E01022504,792,215,83,132,577,483,94
2021,Basingstoke and Deane 016E,E01022505,950,226,81,145,724,640,84
2021,Basingstoke and Deane 011C,E01022506,733,180,56,124,553,488,65
2021,Basingstoke and Deane 011D,E01022507,799,202,77,125,597,527,70
2021,Basingstoke and Deane 019E,E01022509,829,192,64,128,637,546,91
2021,Basingstoke and Deane 021B,E01022510,965,239,82,157,726,605,121
2021,Basingstoke and Deane 021C,E01022511,704,179,61,118,525,454,71
2021,Basingstoke and Deane 021D,E01022512,780,208,83,125,572,483,89
2021,Basingstoke and Deane 003E,E01022513,800,234,98,136,566,451,115
2021,Basingstoke and Deane 020A,E01022514,825,282,108,174,543,408,135
2021,Basingstoke and Deane 018A,E01022515,479,154,62,92,325,286,39
2021,Basingstoke and Deane 018B,E01022516,692,198,79,119,494,414,80
2021,Basingstoke and Deane 018C,E01022517,558,149,47,102,409,349,60
2021,Basingstoke and Deane 018D,E01022518,996,269,94,175,727,604,123
2021,Basingstoke and Deane 018E,E01022519,575,170,68,102,405,348,57
2021,Basingstoke and Deane 004C,E01022520,915,229,84,145,686,558,128
2021,Basingstoke and Deane 004D,E01022521,787,199,79,120,588,483,105
2021,Basingstoke and Deane 004E,E01022522,910,236,91,145,674,508,166
2021,Basingstoke and Deane 008D,E01022523,1270,312,95,217,958,855,103
2021,Basingstoke and Deane 009A,E01022524,998,237,98,139,761,696,65
2021,Basingstoke and Deane 009B,E01022525,868,197,59,138,671,586,85
2021,Basingstoke and Deane 009D,E01022527,813,208,65,143,605,546,59
2021,Basingstoke and Deane 015A,E01022528,596,160,55,105,436,378,58
2021,Basingstoke and Deane 015B,E01022529,709,216,94,122,493,416,77
2021,Basingstoke and Deane 015C,E01022530,646,198,78,120,448,361,87
2021,Basingstoke and Deane 015D,E01022531,641,182,77,105,459,375,84
2021,Basingstoke and Deane 022A,E01022532,1272,296,125,171,976,792,184
2021,Basingstoke and Deane 022B,E01022533,870,239,98,141,631,484,147
2021,Basingstoke and Deane 022C,E01022534,916,263,105,158,653,563,90
2021,Basingstoke and Deane 022D,E01022535,761,208,70,138,553,470,83
2021,Basingstoke and Deane 002B,E01022536,641,192,95,97,449,357,92
2021,Basingstoke and Deane 002C,E01022537,598,178,68,110,420,341,79
2021,Basingstoke and Deane 007B,E01022539,594,130,30,100,464,413,51
2021,Basingstoke and Deane 007C,E01022540,1306,303,108,195,1003,892,111
2021,Basingstoke and Deane 007E,E01022542,606,152,60,92,454,405,49
2021,Basingstoke and Deane 007F,E01022543,885,196,54,142,689,632,57
2021,Basingstoke and Deane 005E,E01022547,857,245,100,145,612,471,141
2021,Basingstoke and Deane 014A,E01022548,626,184,59,125,442,380,62
2021,Basingstoke and Deane 014B,E01022549,789,222,64,158,567,504,63
2021,Basingstoke and Deane 014C,E01022550,781,210,79,131,571,504,67
2021,Basingstoke and Deane 014D,E01022551,794,188,68,120,606,526,80
2021,Basingstoke and Deane 014E,E01022552,816,258,92,166,558,485,73
2021,Basingstoke and Deane 001A,E01022553,684,158,58,100,526,450,76
2021,Basingstoke and Deane 001B,E01022554,919,227,82,145,692,611,81
2021,Basingstoke and Deane 001C,E01022555,739,161,50,111,578,515,63
2021,Basingstoke and Deane 001D,E01022556,891,236,83,153,655,563,92
2021,Basingstoke and Deane 002D,E01022557,789,193,59,134,596,516,80
2021,Basingstoke and Deane 002E,E01022558,720,157,51,106,563,489,74
2021,Basingstoke and Deane 002F,E01022559,658,189,65,124,469,395,74
2021,Basingstoke and Deane 001E,E01022560,629,169,60,109,460,391,69
2021,Basingstoke and Deane 017D,E01022561,779,263,102,161,516,370,146
2021,Basingstoke and Deane 017E,E01022562,700,220,98,122,480,338,142
2021,Basingstoke and Deane 020B,E01022563,888,244,107,137,644,528,116
2021,Basingstoke and Deane 020C,E01022564,1107,283,79,204,824,673,151
2021,Basingstoke and Deane 020D,E01022565,992,275,96,179,717,619,98
2021,Basingstoke and Deane 010B,E01022566,639,180,62,118,459,411,48
2021,Basingstoke and Deane 010C,E01022567,629,192,58,134,437,394,43
2021,Basingstoke and Deane 010D,E01022568,652,165,56,109,487,436,51
2021,Basingstoke and Deane 013E,E01022569,729,178,62,116,551,460,91
2021,Basingstoke and Deane 010E,E01022570,822,194,68,126,628,560,68
2021,East Hampshire 003A,E01022571,566,155,58,97,411,348,63
2021,East Hampshire 003B,E01022572,610,203,67,136,407,352,55
2021,East Hampshire 003C,E01022573,1219,342,143,199,877,731,146
2021,East Hampshire 002A,E01022574,749,188,79,109,561,494,67
2021,East Hampshire 002B,E01022575,722,229,71,158,493,438,55
2021,East Hampshire 002C,E01022576,762,209,81,128,553,466,87
2021,East Hampshire 003D,E01022577,732,208,81,127,524,450,74
2021,East Hampshire 002D,E01022579,926,230,68,162,696,588,108
2021,East Hampshire 003F,E01022580,613,141,40,101,472,394,78
2021,East Hampshire 001A,E01022581,853,272,105,167,581,438,143
2021,East Hampshire 001B,E01022582,683,228,107,121,455,339,116
2021,East Hampshire 009A,E01022583,911,264,97,167,647,526,121
2021,East Hampshire 009B,E01022584,869,263,104,159,606,480,126
2021,East Hampshire 009C,E01022585,839,284,119,165,555,422,133
2021,East Hampshire 009D,E01022586,1008,308,140,168,700,538,162
2021,East Hampshire 009E,E01022587,1062,294,97,197,768,632,136
2021,East Hampshire 013A,E01022588,1321,444,157,287,877,724,153
2021,East Hampshire 013B,E01022589,1038,314,98,216,724,566,158
2021,East Hampshire 013C,E01022590,686,223,88,135,463,382,81
2021,East Hampshire 007A,E01022591,1292,400,192,208,892,658,234
2021,East Hampshire 011A,E01022592,1117,379,167,212,738,525,213
2021,East Hampshire 007B,E01022593,668,227,85,142,441,339,102
2021,East Hampshire 007C,E01022594,964,310,120,190,654,523,131
2021,East Hampshire 007D,E01022595,1188,364,145,219,824,659,165
2021,East Hampshire 007E,E01022596,913,281,121,160,632,465,167
2021,East Hampshire 011B,E01022597,1324,433,170,263,891,624,267
2021,East Hampshire 017A,E01022599,662,181,54,127,481,400,81
2021,East Hampshire 017B,E01022600,674,208,87,121,466,364,102
2021,East Hampshire 017C,E01022601,627,204,90,114,423,328,95
2021,East Hampshire 017D,E01022602,598,198,89,109,400,290,110
2021,East Hampshire 004A,E01022603,687,231,101,130,456,362,94
2021,East Hampshire 001C,E01022604,678,207,93,114,471,347,124
2021,East Hampshire 001D,E01022605,1011,274,90,184,737,585,152
2021,East Hampshire 014A,E01022606,1246,357,139,218,889,712,177
2021,East Hampshire 013D,E01022607,580,192,61,131,388,343,45
2021,East Hampshire 013E,E01022608,714,221,86,135,493,406,87
2021,East Hampshire 016A,E01022610,941,299,113,186,642,509,133
2021,East Hampshire 014B,E01022611,762,224,90,134,538,449,89
2021,East Hampshire 014C,E01022613,687,237,91,146,450,385,65
2021,East Hampshire 014D,E01022614,509,175,66,109,334,282,52
2021,East Hampshire 006A,E01022615,1415,429,147,282,986,831,155
2021,East Hampshire 010A,E01022616,775,236,69,167,539,464,75
2021,East Hampshire 010B,E01022617,860,245,87,158,615,487,128
2021,East Hampshire 010C,E01022618,763,265,110,155,498,358,140
2021,East Hampshire 011C,E01022619,582,167,67,100,415,331,84
2021,East Hampshire 012A,E01022620,623,191,76,115,432,363,69
2021,East Hampshire 012B,E01022621,646,228,81,147,418,357,61
2021,East Hampshire 012C,E01022622,1045,338,127,211,707,591,116
2021,East Hampshire 012D,E01022623,1094,368,125,243,726,600,126
2021,East Hampshire 011D,E01022624,971,344,155,189,627,521,106
2021,East Hampshire 011E,E01022625,1242,409,156,253,833,659,174
2021,East Hampshire 007F,E01022627,1113,398,187,211,715,530,185
2021,East Hampshire 016B,E01022628,767,247,107,140,520,433,87
2021,East Hampshire 016C,E01022629,631,213,94,119,418,313,105
2021,East Hampshire 008A,E01022630,1101,357,171,186,744,564,180
2021,East Hampshire 010D,E01022631,655,225,99,126,430,318,112
2021,East Hampshire 010E,E01022632,540,169,84,85,371,299,72
2021,East Hampshire 006B,E01022633,729,203,74,129,526,450,76
2021,East Hampshire 004B,E01022634,601,168,57,111,433,352,81
2021,East Hampshire 006C,E01022635,713,244,81,163,469,412,57
2021,East Hampshire 006D,E01022636,802,244,100,144,558,494,64
2021,East Hampshire 004C,E01022639,974,222,64,158,752,654,98
2021,East Hampshire 004D,E01022640,1609,391,130,261,1218,1053,165
2021,East Hampshire 006E,E01022641,705,212,61,151,493,419,74
2021,East Hampshire 008D,E01022642,538,166,58,108,372,318,54
2021,Eastleigh 005A,E01022643,784,240,73,167,544,472,72
2021,Eastleigh 005B,E01022644,639,217,71,146,422,360,62
2021,Eastleigh 008A,E01022645,496,166,62,104,330,275,55
2021,Eastleigh 005C,E01022646,826,258,91,167,568,496,72
2021,Eastleigh 005D,E01022647,909,271,91,180,638,540,98
2021,Eastleigh 004A,E01022648,758,236,84,152,522,424,98
2021,Eastleigh 005E,E01022649,714,254,76,178,460,392,68
2021,Eastleigh 005F,E01022650,586,190,63,127,396,339,57
2021,Eastleigh 012A,E01022651,952,302,86,216,650,561,89
2021,Eastleigh 011A,E01022652,779,261,97,164,518,448,70
2021,Eastleigh 013A,E01022654,760,215,55,160,545,465,80
2021,Eastleigh 013B,E01022655,678,210,78,132,468,393,75
2021,Eastleigh 013C,E01022656,1284,343,108,235,941,796,145
2021,Eastleigh 013D,E01022657,1571,384,128,256,1187,990,197
2021,Eastleigh 013E,E01022658,844,267,94,173,577,454,123
2021,Eastleigh 002A,E01022659,803,212,71,141,591,525,66
2021,Eastleigh 002B,E01022660,672,209,81,128,463,390,73
2021,Eastleigh 003A,E01022661,773,222,83,139,551,476,75
2021,Eastleigh 003B,E01022662,680,197,69,128,483,412,71
2021,Eastleigh 003C,E01022663,850,257,97,160,593,493,100
2021,Eastleigh 003D,E01022664,745,226,90,136,519,440,79
2021,Eastleigh 003E,E01022665,686,206,70,136,480,410,70
2021,Eastleigh 007A,E01022666,1160,313,108,205,847,741,106
2021,Eastleigh 004B,E01022667,1118,305,92,213,813,701,112
2021,Eastleigh 007B,E01022669,1007,264,75,189,743,648,95
2021,Eastleigh 007C,E01022670,738,221,77,144,517,452,65
2021,Eastleigh 007D,E01022671,810,205,53,152,605,528,77
2021,Eastleigh 004C,E01022672,725,242,82,160,483,423,60
2021,Eastleigh 004D,E01022673,1254,332,98,234,922,798,124
2021,Eastleigh 004E,E01022674,767,210,71,139,557,480,77
2021,Eastleigh 002C,E01022675,618,187,55,132,431,372,59
2021,Eastleigh 002D,E01022676,893,255,97,158,638,521,117
2021,Eastleigh 006C,E01022678,1023,306,108,198,717,629,88
2021,Eastleigh 007E,E01022679,1095,303,89,214,792,684,108
2021,Eastleigh 006D,E01022680,797,207,69,138,590,497,93
2021,Eastleigh 006E,E01022681,823,259,78,181,564,478,86
2021,Eastleigh 008B,E01022682,1026,304,119,185,722,602,120
2021,Eastleigh 008C,E01022683,1217,342,111,231,875,731,144
2021,Eastleigh 008D,E01022684,698,222,77,145,476,413,63
2021,Eastleigh 008E,E01022685,551,166,73,93,385,328,57
2021,Eastleigh 008F,E01022686,1162,318,104,214,844,729,115
2021,Eastleigh 008G,E01022687,952,277,98,179,675,566,109
2021,Eastleigh 015A,E01022688,1161,325,127,198,836,681,155
2021,Eastleigh 015B,E01022689,979,301,126,175,678,565,113
2021,Eastleigh 015C,E01022690,913,286,87,199,627,534,93
2021,Eastleigh 010B,E01022691,918,260,89,171,658,555,103
2021,Eastleigh 010D,E01022693,868,296,101,195,572,485,87
2021,Eastleigh 010E,E01022694,1000,317,109,208,683,574,109
2021,Eastleigh 011B,E01022695,601,187,54,133,414,360,54
2021,Eastleigh 012B,E01022696,696,223,68,155,473,407,66
2021,Eastleigh 012C,E01022697,724,256,90,166,468,379,89
2021,Eastleigh 012D,E01022698,933,286,90,196,647,532,115
2021,Eastleigh 012E,E01022699,881,272,91,181,609,538,71
2021,Eastleigh 011C,E01022700,764,219,63,156,545,449,96
2021,Eastleigh 011D,E01022701,455,126,42,84,329,271,58
2021,Eastleigh 012F,E01022702,752,228,87,141,524,437,87
2021,Eastleigh 011E,E01022703,742,225,80,145,517,449,68
2021,Eastleigh 002E,E01022704,840,277,85,192,563,491,72
2021,Eastleigh 001A,E01022705,610,203,76,127,407,316,91
2021,Eastleigh 001B,E01022706,734,243,115,128,491,392,99
2021,Eastleigh 001C,E01022707,891,289,99,190,602,488,114
2021,Eastleigh 001D,E01022708,857,234,83,151,623,531,92
2021,Eastleigh 001E,E01022709,774,225,78,147,549,455,94
2021,Eastleigh 014A,E01022710,901,293,109,184,608,501,107
2021,Eastleigh 014B,E01022711,780,256,73,183,524,442,82
2021,Eastleigh 014C,E01022712,885,259,65,194,626,529,97
2021,Eastleigh 009A,E01022713,993,301,108,193,692,576,116
2021,Eastleigh 009B,E01022714,746,264,104,160,482,405,77
2021,Eastleigh 009C,E01022715,1048,291,99,192,757,622,135
2021,Eastleigh 009D,E01022716,835,234,87,147,601,516,85
2021,Eastleigh 009E,E01022717,668,182,52,130,486,423,63
2021,Eastleigh 009F,E01022718,787,259,93,166,528,443,85
2021,Eastleigh 009G,E01022719,741,238,75,163,503,402,101
2021,Fareham 004A,E01022720,732,202,70,132,530,437,93
2021,Fareham 008A,E01022721,816,218,65,153,598,502,96
2021,Fareham 008B,E01022722,753,208,69,139,545,457,88
2021,Fareham 008C,E01022723,797,210,77,133,587,509,78
2021,Fareham 008D,E01022724,742,220,56,164,522,453,69
2021,Fareham 004B,E01022725,540,166,50,116,374,318,56
2021,Fareham 004C,E01022726,590,162,48,114,428,362,66
2021,Fareham 004D,E01022727,726,221,70,151,505,435,70
2021,Fareham 011A,E01022728,833,216,69,147,617,542,75
2021,Fareham 004E,E01022729,650,174,50,124,476,405,71
2021,Fareham 003A,E01022730,757,217,72,145,540,448,92
2021,Fareham 003B,E01022731,699,210,70,140,489,437,52
2021,Fareham 003C,E01022732,698,235,70,165,463,412,51
2021,Fareham 003D,E01022733,719,221,68,153,498,444,54
2021,Fareham 003E,E01022734,628,190,59,131,438,386,52
2021,Fareham 011B,E01022735,980,257,83,174,723,633,90
2021,Fareham 011C,E01022736,802,222,80,142,580,501,79
2021,Fareham 008E,E01022737,752,200,72,128,552,470,82
2021,Fareham 011D,E01022738,457,137,51,86,320,272,48
2021,Fareham 011E,E01022739,655,200,60,140,455,392,63
2021,Fareham 009A,E01022740,727,206,65,141,521,455,66
2021,Fareham 009B,E01022741,726,177,62,115,549,447,102
2021,Fareham 009C,E01022742,693,210,71,139,483,412,71
2021,Fareham 004F,E01022743,861,248,96,152,613,535,78
2021,Fareham 014A,E01022744,513,177,66,111,336,293,43
2021,Fareham 014B,E01022745,651,257,106,151,394,315,79
2021,Fareham 014C,E01022746,720,214,85,129,506,408,98
2021,Fareham 014D,E01022747,529,155,63,92,374,326,48
2021,Fareham 014E,E01022748,663,211,82,129,452,396,56
2021,Fareham 002A,E01022749,604,191,62,129,413,336,77
2021,Fareham 005A,E01022750,664,214,78,136,450,376,74
2021,Fareham 005B,E01022751,693,249,89,160,444,379,65
2021,Fareham 005C,E01022752,625,198,72,126,427,347,80
2021,Fareham 002B,E01022753,558,161,65,96,397,330,67
2021,Fareham 002C,E01022754,1122,306,109,197,816,678,138
2021,Fareham 006A,E01022755,795,264,109,155,531,433,98
2021,Fareham 006B,E01022756,952,251,71,180,701,582,119
2021,Fareham 005D,E01022757,937,265,94,171,672,593,79
2021,Fareham 001A,E01022758,1110,302,102,200,808,688,120
2021,Fareham 010A,E01022759,770,254,99,155,516,439,77
2021,Fareham 012A,E01022760,750,215,66,149,535,466,69
2021,Fareham 012B,E01022761,671,215,81,134,456,397,59
2021,Fareham 012C,E01022762,740,224,65,159,516,452,64
2021,Fareham 010B,E01022763,702,228,75,153,474,395,79
2021,Fareham 012D,E01022764,679,195,70,125,484,428,56
2021,Fareham 010C,E01022765,825,254,76,178,571,487,84
2021,Fareham 008F,E01022766,560,174,58,116,386,324,62
2021,Fareham 012E,E01022767,635,187,72,115,448,388,60
2021,Fareham 010D,E01022768,634,181,60,121,453,375,78
2021,Fareham 008G,E01022769,683,178,52,126,505,438,67
2021,Fareham 010E,E01022770,946,297,112,185,649,561,88
2021,Fareham 001B,E01022771,959,259,91,168,700,586,114
2021,Fareham 001C,E01022772,1394,366,140,226,1028,858,170
2021,Fareham 001D,E01022773,864,226,86,140,638,519,119
2021,Fareham 001E,E01022774,1079,334,135,199,745,599,146
2021,Fareham 013B,E01022776,709,209,72,137,500,438,62
2021,Fareham 013C,E01022777,573,188,67,121,385,321,64
2021,Fareham 013D,E01022778,643,209,68,141,434,379,55
2021,Fareham 002D,E01022780,939,275,107,168,664,560,104
2021,Fareham 007A,E01022781,616,172,62,110,444,352,92
2021,Fareham 007B,E01022782,719,220,86,134,499,395,104
2021,Fareham 009D,E01022783,664,206,76,130,458,372,86
2021,Fareham 009E,E01022784,690,222,70,152,468,390,78
2021,Fareham 007C,E01022785,755,235,84,151,520,446,74
2021,Fareham 007D,E01022786,1099,319,107,212,780,672,108
2021,Fareham 002E,E01022787,683,212,74,138,471,402,69
2021,Fareham 002F,E01022788,665,194,61,133,471,405,66
2021,Fareham 007E,E01022789,821,211,71,140,610,514,96
2021,Fareham 005E,E01022790,853,252,95,157,601,489,112
2021,Fareham 006C,E01022791,888,257,94,163,631,532,99
2021,Fareham 006D,E01022792,755,268,107,161,487,394,93
2021,Fareham 006E,E01022793,929,304,117,187,625,487,138
2021,Gosport 009A,E01022794,606,182,69,113,424,320,104
2021,Gosport 009B,E01022795,719,201,61,140,518,444,74
2021,Gosport 009C,E01022796,514,178,64,114,336,265,71
2021,Gosport 010A,E01022797,494,161,58,103,333,272,61
2021,Gosport 010B,E01022798,801,131,43,88,670,509,161
2021,Gosport 010C,E01022799,594,200,87,113,394,310,84
2021,Gosport 001A,E01022800,730,228,75,153,502,430,72
2021,Gosport 001B,E01022801,632,198,63,135,434,385,49
2021,Gosport 001C,E01022802,706,204,60,144,502,426,76
2021,Gosport 001D,E01022803,756,215,59,156,541,455,86
2021,Gosport 002A,E01022804,658,193,55,138,465,389,76
2021,Gosport 002B,E01022805,657,184,55,129,473,406,67
2021,Gosport 007A,E01022806,675,194,71,123,481,415,66
2021,Gosport 005A,E01022807,676,203,67,136,473,425,48
2021,Gosport 008A,E01022810,712,225,60,165,487,401,86
2021,Gosport 010D,E01022812,597,170,46,124,427,374,53
2021,Gosport 003A,E01022813,719,211,60,151,508,437,71
2021,Gosport 003B,E01022814,795,215,70,145,580,499,81
2021,Gosport 003C,E01022815,783,235,75,160,548,467,81
2021,Gosport 005B,E01022816,726,210,58,152,516,452,64
2021,Gosport 005C,E01022817,851,231,67,164,620,534,86
2021,Gosport 005D,E01022818,648,204,65,139,444,399,45
2021,Gosport 004A,E01022819,770,252,73,179,518,448,70
2021,Gosport 004B,E01022820,811,225,68,157,586,502,84
2021,Gosport 003D,E01022823,766,209,66,143,557,475,82
2021,Gosport 003E,E01022825,687,183,58,125,504,431,73
2021,Gosport 006A,E01022826,736,236,79,157,500,430,70
2021,Gosport 006C,E01022828,414,145,48,97,269,221,48
2021,Gosport 006D,E01022829,1047,278,105,173,769,639,130
2021,Gosport 006E,E01022830,586,171,59,112,415,333,82
2021,Gosport 010E,E01022831,672,185,43,142,487,421,66
2021,Gosport 007D,E01022832,858,250,78,172,608,543,65
2021,Gosport 008C,E01022833,720,217,74,143,503,428,75
2021,Gosport 002C,E01022834,555,180,48,132,375,337,38
2021,Gosport 002D,E01022835,668,183,59,124,485,424,61
2021,Gosport 001E,E01022836,599,190,69,121,409,359,50
2021,Gosport 009D,E01022837,669,218,58,160,451,380,71
2021,Gosport 009E,E01022838,598,202,64,138,396,329,67
2021,Gosport 007E,E01022839,589,177,60,117,412,346,66
2021,Gosport 002E,E01022840,682,204,62,142,478,407,71
2021,Gosport 004E,E01022841,732,194,56,138,538,454,84
2021,Gosport 004F,E01022842,754,225,80,145,529,429,100
2021,Gosport 008D,E01022843,573,202,62,140,371,330,41
2021,Gosport 010F,E01022845,703,184,54,130,519,449,70
2021,Hart 003A,E01022846,1578,282,130,152,1296,1016,280
2021,Hart 003B,E01022847,947,256,94,162,691,577,114
2021,Hart 003C,E01022848,767,218,75,143,549,463,86
2021,Hart 009A,E01022849,809,237,82,155,572,472,100
2021,Hart 009B,E01022850,746,210,88,122,536,446,90
2021,Hart 009C,E01022851,840,260,96,164,580,494,86
2021,Hart 010A,E01022852,1056,259,103,156,797,667,130
2021,Hart 009D,E01022853,929,251,106,145,678,582,96
2021,Hart 010B,E01022854,836,260,100,160,576,458,118
2021,Hart 010C,E01022855,539,178,74,104,361,276,85
2021,Hart 010D,E01022856,760,255,123,132,505,360,145
2021,Hart 004A,E01022858,622,160,71,89,462,333,129
2021,Hart 002A,E01022859,830,234,88,146,596,458,138
2021,Hart 005A,E01022860,887,249,117,132,638,522,116
2021,Hart 007A,E01022861,783,250,91,159,533,442,91
2021,Hart 005B,E01022862,1257,276,106,170,981,819,162
2021,Hart 007B,E01022863,706,233,87,146,473,374,99
2021,Hart 008A,E01022864,611,200,74,126,411,336,75
2021,Hart 007C,E01022865,759,239,94,145,520,411,109
2021,Hart 005D,E01022867,959,210,80,130,749,632,117
2021,Hart 007D,E01022868,782,224,93,131,558,470,88
2021,Hart 009E,E01022869,752,215,81,134,537,436,101
2021,Hart 007E,E01022870,647,188,79,109,459,364,95
2021,Hart 008B,E01022871,696,203,81,122,493,420,73
2021,Hart 008C,E01022872,885,243,107,136,642,536,106
2021,Hart 003D,E01022874,666,196,62,134,470,409,61
2021,Hart 003E,E01022875,745,234,83,151,511,455,56
2021,Hart 003F,E01022876,754,198,68,130,556,466,90
2021,Hart 003G,E01022877,721,201,70,131,520,440,80
2021,Hart 004B,E01022878,695,216,101,115,479,373,106
2021,Hart 004C,E01022879,1020,308,122,186,712,567,145
2021,Hart 004D,E01022880,1059,309,114,195,750,607,143
2021,Hart 006A,E01022881,1484,380,135,245,1104,879,225
2021,Hart 006B,E01022882,1334,347,133,214,987,775,212
2021,Hart 006C,E01022883,707,205,93,112,502,400,102
2021,Hart 006D,E01022884,792,213,82,131,579,458,121
2021,Hart 006E,E01022885,764,235,97,138,529,425,104
2021,Hart 008E,E01022887,769,211,91,120,558,404,154
2021,Hart 011B,E01022888,1018,313,136,177,705,548,157
2021,Hart 011C,E01022889,715,233,102,131,482,370,112
2021,Hart 001A,E01022890,696,208,84,124,488,412,76
2021,Hart 001B,E01022891,873,249,89,160,624,506,118
2021,Hart 001C,E01022892,916,276,83,193,640,528,112
2021,Hart 001D,E01022893,938,262,99,163,676,573,103
2021,Hart 001E,E01022894,673,187,64,123,486,397,89
2021,Hart 002B,E01022895,885,245,93,152,640,527,113
2021,Hart 002C,E01022896,723,204,66,138,519,454,65
2021,Hart 002D,E01022897,846,244,95,149,602,513,89
2021,Hart 002E,E01022898,689,210,63,147,479,378,101
2021,Havant 018A,E01022899,649,182,66,116,467,410,57
2021,Havant 010A,E01022900,818,258,76,182,560,499,61
2021,Havant 006A,E01022901,847,247,69,178,600,521,79
2021,Havant 006B,E01022902,729,243,78,165,486,420,66
2021,Havant 008A,E01022903,738,255,73,182,483,427,56
2021,Havant 010B,E01022904,932,293,83,210,639,559,80
2021,Havant 010C,E01022905,697,246,68,178,451,385,66
2021,Havant 008B,E01022906,636,199,46,153,437,393,44
2021,Havant 018B,E01022907,685,235,82,153,450,386,64
2021,Havant 010D,E01022908,729,214,62,152,515,456,59
2021,Havant 018C,E01022909,888,261,99,162,627,509,118
2021,Havant 018D,E01022910,729,205,67,138,524,463,61
2021,Havant 018E,E01022911,721,220,79,141,501,422,79
2021,Havant 009A,E01022913,534,184,55,129,350,305,45
2021,Havant 009B,E01022914,587,194,72,122,393,343,50
2021,Havant 009C,E01022915,627,206,67,139,421,380,41
2021,Havant 009D,E01022916,796,269,80,189,527,452,75
2021,Havant 009E,E01022917,501,143,43,100,358,312,46
2021,Havant 020A,E01022918,656,223,75,148,433,369,64
2021,Havant 019A,E01022919,750,221,70,151,529,458,71
2021,Havant 020B,E01022920,787,236,77,159,551,472,79
2021,Havant 020C,E01022921,740,222,70,152,518,434,84
2021,Havant 004A,E01022922,823,224,66,158,599,522,77
2021,Havant 013A,E01022924,657,210,75,135,447,377,70
2021,Havant 013B,E01022925,1021,322,107,215,699,587,112
2021,Havant 013C,E01022926,793,268,73,195,525,427,98
2021,Havant 013D,E01022927,661,231,83,148,430,366,64
2021,Havant 013E,E01022928,652,228,104,124,424,346,78
2021,Havant 013F,E01022929,620,225,93,132,395,322,73
2021,Havant 003A,E01022930,761,225,76,149,536,467,69
2021,Havant 003B,E01022931,768,248,90,158,520,431,89
2021,Havant 019B,E01022933,623,204,65,139,419,367,52
2021,Havant 019C,E01022934,803,271,79,192,532,459,73
2021,Havant 003C,E01022935,631,187,62,125,444,396,48
2021,Havant 017A,E01022936,587,190,63,127,397,342,55
2021,Havant 015A,E01022937,549,206,71,135,343,281,62
2021,Havant 017B,E01022938,651,251,78,173,400,314,86
2021,Havant 017C,E01022939,614,216,85,131,398,343,55
2021,Havant 016A,E01022940,682,226,85,141,456,378,78
2021,Havant 017D,E01022941,568,212,81,131,356,294,62
2021,Havant 016B,E01022942,475,159,63,96,316,253,63
2021,Havant 015B,E01022943,504,207,94,113,297,229,68
2021,Havant 015C,E01022944,558,194,69,125,364,269,95
2021,Havant 016C,E01022945,869,303,114,189,566,462,104
2021,Havant 015D,E01022946,827,281,108,173,546,454,92
2021,Havant 011A,E01022947,858,273,100,173,585,490,95
2021,Havant 011B,E01022948,849,263,73,190,586,498,88
2021,Havant 011C,E01022949,609,186,54,132,423,365,58
2021,Havant 011D,E01022950,890,246,71,175,644,551,93
2021,Havant 011E,E01022951,694,218,70,148,476,407,69
2021,Havant 011F,E01022952,757,228,77,151,529,459,70
2021,Havant 014B,E01022954,692,230,83,147,462,377,85
2021,Havant 014C,E01022955,726,231,83,148,495,398,97
2021,Havant 014D,E01022956,609,182,56,126,427,378,49
2021,Havant 014E,E01022957,603,194,67,127,409,341,68
2021,Havant 014F,E01022958,1118,346,129,217,772,628,144
2021,Havant 005A,E01022959,643,222,69,153,421,360,61
2021,Havant 007A,E01022960,677,214,68,146,463,391,72
2021,Havant 007B,E01022961,669,193,61,132,476,394,82
2021,Havant 005B,E01022962,1092,303,96,207,789,683,106
2021,Havant 007C,E01022963,677,186,74,112,491,421,70
2021,Havant 007D,E01022964,599,189,47,142,410,357,53
2021,Havant 005C,E01022965,646,203,67,136,443,386,57
2021,Havant 006C,E01022966,581,186,52,134,395,337,58
2021,Havant 006D,E01022967,403,137,41,96,266,234,32
2021,Havant 008C,E01022968,600,204,65,139,396,343,53
2021,Havant 008D,E01022969,751,236,65,171,515,446,69
2021,Havant 010E,E01022970,761,254,87,167,507,441,66
2021,Havant 004B,E01022971,738,230,73,157,508,432,76
2021,Havant 004C,E01022972,895,283,97,186,612,521,91
2021,Havant 005D,E01022973,913,291,89,202,622,519,103
2021,Havant 004D,E01022974,645,172,52,120,473,397,76
2021,Havant 003D,E01022975,913,260,74,186,653,532,121
2021,Havant 003E,E01022976,624,207,76,131,417,341,76
2021,New Forest 006A,E01022977,677,229,97,132,448,363,85
2021,New Forest 006B,E01022978,758,262,105,157,496,385,111
2021,New Forest 006C,E01022979,458,155,65,90,303,243,60
2021,New Forest 006D,E01022980,636,240,93,147,396,314,82
2021,New Forest 022A,E01022981,620,242,101,141,378,313,65
2021,New Forest 022B,E01022982,668,257,107,150,411,334,77
2021,New Forest 022C,E01022983,626,234,110,124,392,320,72
2021,New Forest 018A,E01022984,535,203,85,118,332,249,83
2021,New Forest 018B,E01022985,558,190,69,121,368,308,60
2021,New Forest 021A,E01022986,590,206,78,128,384,325,59
2021,New Forest 022D,E01022987,620,237,105,132,383,304,79
2021,New Forest 021B,E01022988,675,240,93,147,435,362,73
2021,New Forest 015A,E01022989,734,270,106,164,464,381,83
2021,New Forest 017A,E01022990,681,249,109,140,432,304,128
2021,New Forest 015B,E01022991,888,347,163,184,541,391,150
2021,New Forest 007A,E01022992,555,190,78,112,365,283,82
2021,New Forest 007B,E01022993,608,238,109,129,370,264,106
2021,New Forest 016A,E01022994,599,200,73,127,399,329,70
2021,New Forest 016B,E01022995,601,215,81,134,386,308,78
2021,New Forest 016C,E01022996,517,179,85,94,338,267,71
2021,New Forest 016D,E01022997,555,210,97,113,345,251,94
2021,New Forest 015C,E01022998,742,307,161,146,435,316,119
2021,New Forest 017B,E01022999,963,348,141,207,615,467,148
2021,New Forest 015D,E01023000,715,234,97,137,481,380,101
2021,New Forest 019A,E01023001,1009,330,116,214,679,576,103
2021,New Forest 019B,E01023002,783,260,74,186,523,423,100
2021,New Forest 011A,E01023003,720,248,117,131,472,374,98
2021,New Forest 011B,E01023004,903,284,102,182,619,530,89
2021,New Forest 011C,E01023005,675,225,71,154,450,377,73
2021,New Forest 011D,E01023006,553,189,68,121,364,309,55
2021,New Forest 008A,E01023007,506,167,75,92,339,281,58
2021,New Forest 009A,E01023008,541,185,79,106,356,291,65
2021,New Forest 009B,E01023009,769,256,91,165,513,422,91
2021,New Forest 008B,E01023010,732,242,92,150,490,425,65
2021,New Forest 001A,E01023011,770,269,111,158,501,354,147
2021,New Forest 001B,E01023012,670,262,120,142,408,308,100
2021,New Forest 014A,E01023013,653,210,82,128,443,377,66
2021,New Forest 014B,E01023014,703,233,95,138,470,381,89
2021,New Forest 014C,E01023015,620,202,104,98,418,332,86
2021,New Forest 014D,E01023016,552,161,55,106,391,314,77
2021,New Forest 020A,E01023017,846,318,135,183,528,439,89
2021,New Forest 020B,E01023018,512,199,75,124,313,257,56
2021,New Forest 020C,E01023019,736,237,90,147,499,446,53
2021,New Forest 018C,E01023020,605,216,88,128,389,325,64
2021,New Forest 001C,E01023021,669,243,88,155,426,342,84
2021,New Forest 001D,E01023022,863,279,92,187,584,478,106
2021,New Forest 001E,E01023023,752,267,87,180,485,407,78
2021,New Forest 001F,E01023024,812,264,96,168,548,436,112
2021,New Forest 001G,E01023025,552,210,98,112,342,259,83
2021,New Forest 010A,E01023026,533,177,67,110,356,256,100
2021,New Forest 014E,E01023027,636,185,46,139,451,368,83
2021,New Forest 011E,E01023028,967,303,104,199,664,560,104
2021,New Forest 013A,E01023029,618,225,65,160,393,340,53
2021,New Forest 013B,E01023030,652,185,57,128,467,400,67
2021,New Forest 014F,E01023031,574,177,46,131,397,337,60
2021,New Forest 013C,E01023032,584,183,64,119,401,345,56
2021,New Forest 013D,E01023033,579,190,67,123,389,327,62
2021,New Forest 018D,E01023034,750,283,102,181,467,373,94
2021,New Forest 018E,E01023035,838,325,120,205,513,423,90
2021,New Forest 018F,E01023036,750,286,134,152,464,377,87
2021,New Forest 011F,E01023037,856,253,81,172,603,520,83
2021,New Forest 009C,E01023038,620,211,80,131,409,352,57
2021,New Forest 009D,E01023039,597,211,81,130,386,320,66
2021,New Forest 009E,E01023040,589,195,81,114,394,326,68
2021,New Forest 017C,E01023041,619,246,113,133,373,294,79
2021,New Forest 017D,E01023042,640,210,93,117,430,355,75
2021,New Forest 017E,E01023043,733,251,116,135,482,389,93
2021,New Forest 023A,E01023044,309,107,48,59,202,162,40
2021,New Forest 007C,E01023045,701,233,89,144,468,373,95
2021,New Forest 007D,E01023046,644,192,90,102,452,349,103
2021,New Forest 008C,E01023047,696,211,64,147,485,421,64
2021,New Forest 008D,E01023048,619,215,74,141,404,322,82
2021,New Forest 008E,E01023049,855,220,67,153,635,529,106
2021,New Forest 008F,E01023050,865,263,102,161,602,494,108
2021,New Forest 023B,E01023051,593,240,101,139,353,290,63
2021,New Forest 023C,E01023052,552,216,105,111,336,263,73
2021,New Forest 023D,E01023053,566,244,125,119,322,265,57
2021,New Forest 021C,E01023054,733,276,109,167,457,372,85
2021,New Forest 020D,E01023055,572,220,70,150,352,305,47
2021,New Forest 021D,E01023056,549,180,49,131,369,317,52
2021,New Forest 021E,E01023057,746,244,97,147,502,425,77
2021,New Forest 019C,E01023058,659,224,69,155,435,378,57
2021,New Forest 023E,E01023059,701,256,89,167,445,360,85
2021,New Forest 019D,E01023060,718,262,111,151,456,351,105
2021,New Forest 019E,E01023061,665,236,75,161,429,374,55
2021,New Forest 010B,E01023062,697,271,105,166,426,338,88
2021,New Forest 016E,E01023063,696,264,122,142,432,333,99
2021,New Forest 010C,E01023064,660,196,57,139,464,389,75
2021,New Forest 012A,E01023065,719,247,92,155,472,390,82
2021,New Forest 010D,E01023066,732,269,98,171,463,389,74
2021,New Forest 010E,E01023067,687,242,84,158,445,355,90
2021,New Forest 012B,E01023068,626,223,94,129,403,339,64
2021,New Forest 012C,E01023069,923,299,105,194,624,529,95
2021,New Forest 012D,E01023070,809,261,110,151,548,459,89
2021,New Forest 012E,E01023071,804,266,95,171,538,441,97
2021,New Forest 005A,E01023072,728,198,64,134,530,444,86
2021,New Forest 003A,E01023073,700,235,66,169,465,391,74
2021,New Forest 004A,E01023074,576,173,60,113,403,344,59
2021,New Forest 005B,E01023075,675,191,67,124,484,412,72
2021,New Forest 002A,E01023076,658,214,64,150,444,362,82
2021,New Forest 004B,E01023077,839,251,79,172,588,493,95
2021,New Forest 004C,E01023078,636,203,58,145,433,379,54
2021,New Forest 004D,E01023079,896,274,80,194,622,521,101
2021,New Forest 003B,E01023080,677,211,69,142,466,392,74
2021,New Forest 003C,E01023081,1080,316,107,209,764,669,95
2021,New Forest 002B,E01023082,732,223,67,156,509,426,83
2021,New Forest 002C,E01023083,707,221,61,160,486,414,72
2021,New Forest 005C,E01023084,728,227,86,141,501,424,77
2021,New Forest 004E,E01023085,707,228,73,155,479,393,86
2021,New Forest 005D,E01023086,716,264,84,180,452,379,73
2021,New Forest 005E,E01023087,855,245,79,166,610,499,111
2021,New Forest 002D,E01023088,737,256,82,174,481,415,66
2021,New Forest 003D,E01023089,743,226,78,148,517,445,72
2021,New Forest 003E,E01023090,995,280,96,184,715,626,89
2021,Rushmoor 006A,E01023091,837,230,73,157,607,539,68
2021,Rushmoor 005A,E01023092,824,195,56,139,629,543,86
2021,Rushmoor 005B,E01023093,681,192,60,132,489,412,77
2021,Rushmoor 006B,E01023094,690,181,58,123,509,440,69
2021,Rushmoor 006C,E01023095,1051,275,104,171,776,674,102
2021,Rushmoor 004A,E01023096,1306,305,126,179,1001,833,168
2021,Rushmoor 004B,E01023097,821,202,79,123,619,517,102
2021,Rushmoor 006D,E01023098,939,243,81,162,696,596,100
2021,Rushmoor 001A,E01023099,767,216,74,142,551,478,73
2021,Rushmoor 003A,E01023100,677,168,45,123,509,444,65
2021,Rushmoor 003B,E01023101,645,184,59,125,461,399,62
2021,Rushmoor 003C,E01023102,759,193,60,133,566,489,77
2021,Rushmoor 004C,E01023103,880,222,83,139,658,563,95
2021,Rushmoor 001B,E01023104,879,266,93,173,613,548,65
2021,Rushmoor 002A,E01023105,798,208,56,152,590,522,68
2021,Rushmoor 001C,E01023106,784,193,81,112,591,514,77
2021,Rushmoor 012A,E01023107,680,214,72,142,466,404,62
2021,Rushmoor 012B,E01023108,665,183,62,121,482,417,65
2021,Rushmoor 011A,E01023109,871,222,80,142,649,548,101
2021,Rushmoor 012C,E01023110,948,255,89,166,693,617,76
2021,Rushmoor 004D,E01023111,907,239,89,150,668,552,116
2021,Rushmoor 004E,E01023112,697,189,68,121,508,439,69
2021,Rushmoor 007A,E01023113,1074,240,91,149,834,712,122
2021,Rushmoor 007B,E01023114,838,244,85,159,594,493,101
2021,Rushmoor 011B,E01023115,735,182,59,123,553,466,87
2021,Rushmoor 011C,E01023116,1146,278,109,169,868,752,116
2021,Rushmoor 011D,E01023117,927,236,80,156,691,588,103
2021,Rushmoor 009A,E01023118,1069,263,105,158,806,699,107
2021,Rushmoor 002B,E01023119,536,145,47,98,391,357,34
2021,Rushmoor 002C,E01023120,895,262,84,178,633,564,69
2021,Rushmoor 001D,E01023121,1016,274,86,188,742,647,95
2021,Rushmoor 002D,E01023122,727,181,57,124,546,486,60
2021,Rushmoor 012D,E01023123,855,247,73,174,608,518,90
2021,Rushmoor 009B,E01023124,778,190,58,132,588,518,70
2021,Rushmoor 009C,E01023125,1404,347,125,222,1057,917,140
2021,Rushmoor 010A,E01023128,751,189,61,128,562,505,57
2021,Rushmoor 010B,E01023129,765,194,64,130,571,498,73
2021,Rushmoor 010C,E01023130,736,228,87,141,508,439,69
2021,Rushmoor 010D,E01023131,727,198,77,121,529,425,104
2021,Rushmoor 005C,E01023132,824,203,56,147,621,545,76
2021,Rushmoor 005D,E01023133,722,174,68,106,548,472,76
2021,Rushmoor 003D,E01023134,998,231,97,134,767,665,102
2021,Rushmoor 005E,E01023135,1270,320,110,210,950,813,137
2021,Rushmoor 007C,E01023136,1715,344,111,233,1371,1131,240
2021,Rushmoor 007D,E01023137,747,180,66,114,567,495,72
2021,Rushmoor 007E,E01023138,778,176,73,103,602,514,88
2021,Rushmoor 007F,E01023139,648,176,62,114,472,419,53
2021,Rushmoor 007G,E01023140,1144,221,80,141,923,671,252
2021,Rushmoor 008A,E01023141,1187,218,74,144,969,786,183
2021,Rushmoor 008D,E01023144,1007,235,76,159,772,679,93
2021,Rushmoor 010E,E01023145,1171,258,94,164,913,796,117
2021,Rushmoor 002E,E01023146,717,178,64,114,539,479,60
2021,Rushmoor 003E,E01023147,804,204,66,138,600,529,71
2021,Rushmoor 006E,E01023148,701,167,64,103,534,462,72
2021,Rushmoor 006F,E01023149,692,184,50,134,508,434,74
2021,Test Valley 011A,E01023150,770,218,87,131,552,449,103
2021,Test Valley 011B,E01023151,569,165,62,103,404,321,83
2021,Test Valley 011C,E01023152,665,216,83,133,449,381,68
2021,Test Valley 002A,E01023153,886,224,51,173,662,567,95
2021,Test Valley 002B,E01023154,759,227,77,150,532,473,59
2021,Test Valley 002C,E01023156,643,171,41,130,472,412,60
2021,Test Valley 002D,E01023157,632,195,66,129,437,395,42
2021,Test Valley 012A,E01023158,1150,348,145,203,802,619,183
2021,Test Valley 007A,E01023159,1130,348,161,187,782,612,170
2021,Test Valley 008A,E01023160,615,182,70,112,433,324,109
2021,Test Valley 013A,E01023162,885,283,119,164,602,445,157
2021,Test Valley 013B,E01023163,754,274,119,155,480,361,119
2021,Test Valley 013C,E01023164,682,219,77,142,463,359,104
2021,Test Valley 001A,E01023165,1080,342,141,201,738,536,202
2021,Test Valley 009A,E01023166,753,242,96,146,511,375,136
2021,Test Valley 009B,E01023167,718,219,87,132,499,382,117
2021,Test Valley 008B,E01023168,641,223,100,123,418,312,106
2021,Test Valley 001B,E01023169,1096,327,108,219,769,663,106
2021,Test Valley 015A,E01023170,1362,374,122,252,988,815,173
2021,Test Valley 015B,E01023171,826,285,111,174,541,418,123
2021,Test Valley 015C,E01023172,730,254,105,149,476,398,78
2021,Test Valley 015D,E01023173,675,225,86,139,450,374,76
2021,Test Valley 010A,E01023174,854,260,91,169,594,500,94
2021,Test Valley 010B,E01023175,633,197,77,120,436,354,82
2021,Test Valley 010C,E01023176,682,227,82,145,455,394,61
2021,Test Valley 009C,E01023177,1117,386,150,236,731,566,165
2021,Test Valley 008C,E01023178,1166,362,133,229,804,619,185
2021,Test Valley 004A,E01023179,1021,251,94,157,770,661,109
2021,Test Valley 005B,E01023180,761,217,60,157,544,450,94
2021,Test Valley 001C,E01023181,784,212,81,131,572,487,85
2021,Test Valley 001D,E01023182,857,223,75,148,634,547,87
2021,Test Valley 004B,E01023183,715,207,69,138,508,443,65
2021,Test Valley 009D,E01023184,752,240,94,146,512,374,138
2021,Test Valley 009E,E01023185,573,187,68,119,386,314,72
2021,Test Valley 005C,E01023186,862,210,70,140,652,561,91
2021,Test Valley 006A,E01023187,851,202,76,126,649,572,77
2021,Test Valley 006B,E01023188,734,205,59,146,529,458,71
2021,Test Valley 005D,E01023189,1117,219,74,145,898,713,185
2021,Test Valley 004C,E01023190,593,157,60,97,436,369,67
2021,Test Valley 012B,E01023191,914,257,85,172,657,562,95
2021,Test Valley 012C,E01023192,796,271,97,174,525,449,76
2021,Test Valley 012D,E01023193,872,263,81,182,609,493,116
2021,Test Valley 012E,E01023194,639,208,75,133,431,372,59
2021,Test Valley 007B,E01023195,1098,264,102,162,834,629,205
2021,Test Valley 005E,E01023196,826,250,92,158,576,433,143
2021,Test Valley 007C,E01023197,753,205,69,136,548,448,100
2021,Test Valley 007D,E01023198,762,239,90,149,523,402,121
2021,Test Valley 012F,E01023200,738,230,77,153,508,415,93
2021,Test Valley 018A,E01023202,965,223,78,145,742,637,105
2021,Test Valley 004D,E01023203,753,187,61,126,566,493,73
2021,Test Valley 004E,E01023204,882,218,55,163,664,593,71
2021,Test Valley 002E,E01023205,647,180,57,123,467,415,52
2021,Test Valley 011D,E01023206,486,164,69,95,322,269,53
2021,Test Valley 010D,E01023207,718,240,79,161,478,405,73
2021,Test Valley 010E,E01023208,548,181,50,131,367,313,54
2021,Test Valley 010F,E01023209,646,225,62,163,421,360,61
2021,Test Valley 014A,E01023210,769,248,98,150,521,440,81
2021,Test Valley 014B,E01023211,1057,307,92,215,750,638,112
2021,Test Valley 014C,E01023212,724,220,80,140,504,423,81
2021,Test Valley 014D,E01023213,688,212,69,143,476,389,87
2021,Test Valley 014E,E01023214,728,206,74,132,522,451,71
2021,Test Valley 018C,E01023215,907,233,85,148,674,585,89
2021,Test Valley 006C,E01023216,944,218,70,148,726,623,103
2021,Test Valley 006D,E01023217,869,210,74,136,659,563,96
2021,Test Valley 006E,E01023218,738,205,65,140,533,446,87
2021,Test Valley 018B,E01023219,683,198,70,128,485,426,59
2021,Winchester 012A,E01023220,1084,322,103,219,762,628,134
2021,Winchester 012B,E01023221,790,243,98,145,547,457,90
2021,Winchester 012C,E01023222,671,242,109,133,429,357,72
2021,Winchester 012D,E01023223,685,238,102,136,447,368,79
2021,Winchester 004A,E01023225,1115,370,151,219,745,521,224
2021,Winchester 010A,E01023226,810,287,121,166,523,387,136
2021,Winchester 010B,E01023227,992,307,116,191,685,571,114
2021,Winchester 010C,E01023228,1078,333,117,216,745,584,161
2021,Winchester 009A,E01023229,994,314,125,189,680,491,189
2021,Winchester 010D,E01023230,990,313,131,182,677,501,176
2021,Winchester 014B,E01023231,896,289,108,181,607,489,118
2021,Winchester 014C,E01023232,1424,401,132,269,1023,828,195
2021,Winchester 014D,E01023233,880,262,109,153,618,519,99
2021,Winchester 014E,E01023234,743,242,77,165,501,413,88
2021,Winchester 011A,E01023235,982,334,134,200,648,476,172
2021,Winchester 002A,E01023236,966,330,162,168,636,431,205
2021,Winchester 002B,E01023237,701,211,74,137,490,419,71
2021,Winchester 002C,E01023238,1003,293,127,166,710,555,155
2021,Winchester 002D,E01023239,826,264,115,149,562,438,124
2021,Winchester 003A,E01023240,1008,305,110,195,703,594,109
2021,Winchester 003B,E01023241,959,255,118,137,704,502,202
2021,Winchester 009B,E01023242,591,195,68,127,396,326,70
2021,Winchester 009C,E01023243,764,207,70,137,557,474,83
2021,Winchester 009D,E01023244,670,225,90,135,445,340,105
2021,Winchester 013A,E01023245,1316,381,155,226,935,694,241
2021,Winchester 010E,E01023246,834,280,105,175,554,384,170
2021,Winchester 005A,E01023247,690,191,82,109,499,404,95
2021,Winchester 003C,E01023248,771,263,97,166,508,399,109
2021,Winchester 005B,E01023249,623,213,76,137,410,354,56
2021,Winchester 005C,E01023250,815,252,81,171,563,484,79
2021,Winchester 006A,E01023251,555,132,57,75,423,339,84
2021,Winchester 007A,E01023252,1049,271,125,146,778,635,143
2021,Winchester 003D,E01023253,903,260,105,155,643,506,137
2021,Winchester 007B,E01023254,1028,291,108,183,737,600,137
2021,Winchester 006B,E01023255,848,274,98,176,574,473,101
2021,Winchester 006C,E01023256,708,248,90,158,460,404,56
2021,Winchester 006D,E01023257,795,243,97,146,552,441,111
2021,Winchester 006E,E01023258,666,235,96,139,431,351,80
2021,Winchester 009E,E01023259,934,320,128,192,614,486,128
2021,Winchester 008A,E01023260,519,206,99,107,313,278,35
2021,Winchester 008B,E01023261,683,301,130,171,382,336,46
2021,Winchester 008C,E01023262,619,281,133,148,338,298,40
2021,Winchester 007C,E01023263,734,249,140,109,485,356,129
2021,Winchester 007D,E01023264,708,165,69,96,543,386,157
2021,Winchester 007E,E01023265,829,239,124,115,590,443,147
2021,Winchester 008D,E01023266,763,324,174,150,439,338,101
2021,Winchester 007F,E01023267,702,203,78,125,499,394,105
2021,Winchester 005D,E01023268,598,189,83,106,409,312,97
2021,Winchester 005E,E01023269,984,346,168,178,638,504,134
2021,Winchester 005F,E01023270,665,196,67,129,469,361,108
2021,Winchester 013B,E01023271,621,205,81,124,416,307,109
2021,Winchester 012E,E01023272,826,222,76,146,604,490,114
2021,Winchester 012F,E01023273,863,310,124,186,553,477,76
2021,Winchester 003E,E01023274,1249,383,174,209,866,638,228
2021,Winchester 011B,E01023275,794,272,117,155,522,405,117
2021,Winchester 011C,E01023276,841,269,95,174,572,472,100
2021,Winchester 011D,E01023277,571,199,84,115,372,284,88
2021,Winchester 004B,E01023278,660,243,99,144,417,351,66
2021,Winchester 004C,E01023279,697,247,88,159,450,366,84
2021,Winchester 004D,E01023280,771,255,92,163,516,375,141
2021,Winchester 004E,E01023281,698,233,90,143,465,373,92
2021,Winchester 011E,E01023282,1037,363,170,193,674,504,170
2021,Winchester 013E,E01023285,691,219,71,148,472,378,94
2021,Winchester 001A,E01023286,717,223,80,143,494,389,105
2021,Winchester 001B,E01023287,1478,404,140,264,1074,842,232
2021,Winchester 001C,E01023288,789,223,87,136,566,425,141
2021,Broxbourne 004A,E01023289,804,243,108,135,561,438,123
2021,Broxbourne 004B,E01023290,748,240,90,150,508,401,107
2021,Broxbourne 004C,E01023291,777,199,82,117,578,448,130
2021,Broxbourne 004D,E01023292,749,223,86,137,526,425,101
2021,Broxbourne 011A,E01023293,834,271,102,169,563,477,86
2021,Broxbourne 011B,E01023294,859,263,86,177,596,513,83
2021,Broxbourne 011C,E01023295,674,216,79,137,458,386,72
2021,Broxbourne 011D,E01023296,897,269,96,173,628,533,95
2021,Broxbourne 010A,E01023297,713,228,72,156,485,408,77
2021,Broxbourne 010B,E01023298,723,198,65,133,525,452,73
2021,Broxbourne 010C,E01023299,838,222,96,126,616,519,97
2021,Broxbourne 010D,E01023300,719,213,65,148,506,436,70
2021,Broxbourne 010E,E01023301,946,261,76,185,685,601,84
2021,Broxbourne 008A,E01023302,625,193,69,124,432,381,51
2021,Broxbourne 008B,E01023303,778,224,81,143,554,468,86
2021,Broxbourne 008C,E01023304,769,207,73,134,562,490,72
2021,Broxbourne 008D,E01023305,764,229,82,147,535,452,83
2021,Broxbourne 008E,E01023306,738,220,72,148,518,443,75
2021,Broxbourne 006A,E01023307,815,261,103,158,554,441,113
2021,Broxbourne 006B,E01023308,823,234,92,142,589,503,86
2021,Broxbourne 006C,E01023309,782,230,85,145,552,489,63
2021,Broxbourne 006D,E01023310,1359,388,121,267,971,827,144
2021,Broxbourne 007A,E01023311,883,305,124,181,578,442,136
2021,Broxbourne 007B,E01023312,839,277,93,184,562,430,132
2021,Broxbourne 007C,E01023313,790,260,104,156,530,426,104
2021,Broxbourne 009A,E01023314,788,223,90,133,565,474,91
2021,Broxbourne 007D,E01023315,994,280,108,172,714,589,125
2021,Broxbourne 001A,E01023316,703,221,78,143,482,422,60
2021,Broxbourne 001B,E01023317,1284,375,134,241,909,755,154
2021,Broxbourne 001C,E01023318,769,255,83,172,514,433,81
2021,Broxbourne 001D,E01023319,715,209,79,130,506,435,71
2021,Broxbourne 003A,E01023320,1169,306,114,192,863,741,122
2021,Broxbourne 003B,E01023321,915,225,91,134,690,544,146
2021,Broxbourne 003C,E01023322,1023,308,111,197,715,617,98
2021,Broxbourne 003D,E01023323,816,212,79,133,604,506,98
2021,Broxbourne 009B,E01023324,599,184,57,127,415,353,62
2021,Broxbourne 009C,E01023325,691,236,87,149,455,382,73
2021,Broxbourne 009D,E01023326,722,227,79,148,495,429,66
2021,Broxbourne 002A,E01023327,682,204,73,131,478,400,78
2021,Broxbourne 002B,E01023328,745,220,80,140,525,449,76
2021,Broxbourne 002C,E01023329,657,209,65,144,448,391,57
2021,Broxbourne 002D,E01023330,899,248,91,157,651,569,82
2021,Broxbourne 002E,E01023331,841,248,84,164,593,519,74
2021,Broxbourne 012A,E01023332,1133,321,106,215,812,695,117
2021,Broxbourne 012B,E01023333,1044,281,109,172,763,658,105
2021,Broxbourne 012C,E01023334,858,243,86,157,615,527,88
2021,Broxbourne 012D,E01023335,931,246,98,148,685,590,95
2021,Broxbourne 013A,E01023336,1089,312,109,203,777,640,137
2021,Broxbourne 013B,E01023337,1015,298,85,213,717,624,93
2021,Broxbourne 013D,E01023339,721,241,68,173,480,439,41
2021,Broxbourne 005A,E01023340,880,251,89,162,629,547,82
2021,Broxbourne 005B,E01023341,866,247,96,151,619,502,117
2021,Broxbourne 005D,E01023343,965,321,108,213,644,543,101
2021,Broxbourne 005E,E01023344,849,235,83,152,614,534,80
2021,Dacorum 013A,E01023345,1100,268,87,181,832,722,110
2021,Dacorum 013B,E01023346,1313,364,121,243,949,796,153
2021,Dacorum 013C,E01023347,662,212,79,133,450,384,66
2021,Dacorum 013D,E01023348,710,245,84,161,465,405,60
2021,Dacorum 015A,E01023349,900,288,98,190,612,524,88
2021,Dacorum 015B,E01023350,919,267,98,169,652,567,85
2021,Dacorum 015C,E01023351,860,226,71,155,634,541,93
2021,Dacorum 004A,E01023352,1172,381,181,200,791,602,189
2021,Dacorum 018B,E01023354,1417,339,121,218,1078,869,209
2021,Dacorum 006A,E01023355,739,243,120,123,496,376,120
2021,Dacorum 006B,E01023356,477,160,76,84,317,217,100
2021,Dacorum 020A,E01023357,782,220,92,128,562,481,81
2021,Dacorum 020B,E01023358,716,251,82,169,465,403,62
2021,Dacorum 020C,E01023359,949,293,105,188,656,574,82
2021,Dacorum 020D,E01023360,822,236,82,154,586,501,85
2021,Dacorum 009A,E01023361,958,215,84,131,743,575,168
2021,Dacorum 009B,E01023362,807,241,110,131,566,384,182
2021,Dacorum 009C,E01023363,810,235,85,150,575,473,102
2021,Dacorum 009D,E01023364,623,182,79,103,441,334,107
2021,Dacorum 014A,E01023365,681,203,75,128,478,376,102
2021,Dacorum 014B,E01023366,804,255,100,155,549,434,115
2021,Dacorum 014C,E01023367,551,185,84,101,366,265,101
2021,Dacorum 014D,E01023368,961,266,105,161,695,518,177
2021,Dacorum 012A,E01023369,719,221,67,154,498,403,95
2021,Dacorum 012B,E01023370,830,245,111,134,585,455,130
2021,Dacorum 012C,E01023371,863,265,113,152,598,452,146
2021,Dacorum 012D,E01023372,653,208,101,107,445,318,127
2021,Dacorum 021A,E01023373,692,241,82,159,451,352,99
2021,Dacorum 021B,E01023374,715,223,92,131,492,387,105
2021,Dacorum 021C,E01023375,748,256,113,143,492,351,141
2021,Dacorum 021D,E01023376,625,193,71,122,432,366,66
2021,Dacorum 021E,E01023377,629,221,87,134,408,300,108
2021,Dacorum 021F,E01023378,853,249,113,136,604,431,173
2021,Dacorum 018C,E01023379,841,228,90,138,613,499,114
2021,Dacorum 018D,E01023380,654,179,66,113,475,378,97
2021,Dacorum 018E,E01023381,678,204,74,130,474,390,84
2021,Dacorum 018F,E01023382,775,203,79,124,572,479,93
2021,Dacorum 016A,E01023383,760,217,75,142,543,448,95
2021,Dacorum 016B,E01023384,1002,305,105,200,697,608,89
2021,Dacorum 016C,E01023385,790,227,81,146,563,493,70
2021,Dacorum 019A,E01023386,770,219,72,147,551,478,73
2021,Dacorum 019B,E01023387,631,213,71,142,418,362,56
2021,Dacorum 019C,E01023388,815,265,91,174,550,473,77
2021,Dacorum 019D,E01023389,895,265,86,179,630,516,114
2021,Dacorum 010A,E01023390,1049,296,100,196,753,645,108
2021,Dacorum 010B,E01023391,933,288,105,183,645,558,87
2021,Dacorum 011A,E01023392,833,249,77,172,584,490,94
2021,Dacorum 007A,E01023393,800,234,85,149,566,477,89
2021,Dacorum 007B,E01023394,705,198,63,135,507,447,60
2021,Dacorum 007C,E01023395,793,209,80,129,584,491,93
2021,Dacorum 007D,E01023396,731,209,77,132,522,452,70
2021,Dacorum 007E,E01023397,611,205,54,151,406,356,50
2021,Dacorum 010C,E01023399,927,253,103,150,674,565,109
2021,Dacorum 015E,E01023400,1020,271,104,167,749,634,115
2021,Dacorum 008A,E01023401,822,214,77,137,608,540,68
2021,Dacorum 008B,E01023402,837,234,70,164,603,522,81
2021,Dacorum 008C,E01023403,708,210,70,140,498,427,71
2021,Dacorum 008D,E01023404,561,197,76,121,364,311,53
2021,Dacorum 008E,E01023405,696,178,50,128,518,441,77
2021,Dacorum 022A,E01023406,992,294,113,181,698,550,148
2021,Dacorum 022B,E01023407,889,274,112,162,615,498,117
2021,Dacorum 022C,E01023408,773,283,111,172,490,377,113
2021,Dacorum 017A,E01023409,931,262,92,170,669,582,87
2021,Dacorum 017B,E01023410,581,172,70,102,409,335,74
2021,Dacorum 017C,E01023411,773,226,73,153,547,478,69
2021,Dacorum 017D,E01023412,583,170,69,101,413,344,69
2021,Dacorum 017E,E01023413,652,205,63,142,447,402,45
2021,Dacorum 020E,E01023414,1365,292,115,177,1073,906,167
2021,Dacorum 020F,E01023415,690,205,70,135,485,391,94
2021,Dacorum 006C,E01023416,658,229,106,123,429,328,101
2021,Dacorum 006D,E01023417,609,161,73,88,448,353,95
2021,Dacorum 003A,E01023418,694,236,86,150,458,380,78
2021,Dacorum 003B,E01023419,1098,337,118,219,761,627,134
2021,Dacorum 003C,E01023420,741,221,88,133,520,432,88
2021,Dacorum 004B,E01023421,827,241,97,144,586,476,110
2021,Dacorum 004C,E01023422,618,210,96,114,408,302,106
2021,Dacorum 002A,E01023423,709,205,71,134,504,410,94
2021,Dacorum 002B,E01023424,813,246,115,131,567,423,144
2021,Dacorum 002C,E01023425,677,234,96,138,443,354,89
2021,Dacorum 002D,E01023426,785,190,84,106,595,475,120
2021,Dacorum 011B,E01023427,886,258,86,172,628,543,85
2021,Dacorum 011C,E01023428,838,223,100,123,615,513,102
2021,Dacorum 011D,E01023429,851,239,74,165,612,535,77
2021,Dacorum 001A,E01023430,608,196,88,108,412,314,98
2021,Dacorum 001B,E01023431,686,231,86,145,455,327,128
2021,Dacorum 001C,E01023432,853,240,92,148,613,499,114
2021,Dacorum 001D,E01023433,852,219,78,141,633,529,104
2021,Dacorum 005A,E01023434,872,235,75,160,637,553,84
2021,Dacorum 005B,E01023435,811,197,50,147,614,523,91
2021,Dacorum 005C,E01023436,666,190,66,124,476,400,76
2021,Dacorum 005D,E01023437,673,182,70,112,491,427,64
2021,East Hertfordshire 005A,E01023438,823,246,109,137,577,470,107
2021,East Hertfordshire 005B,E01023439,762,232,92,140,530,449,81
2021,East Hertfordshire 005C,E01023440,789,263,100,163,526,402,124
2021,East Hertfordshire 005D,E01023441,750,225,113,112,525,409,116
2021,East Hertfordshire 005E,E01023442,1193,320,125,195,873,721,152
2021,East Hertfordshire 007A,E01023443,737,215,74,141,522,442,80
2021,East Hertfordshire 007B,E01023444,1108,283,119,164,825,673,152
2021,East Hertfordshire 007C,E01023445,852,288,109,179,564,472,92
2021,East Hertfordshire 007E,E01023447,568,187,58,129,381,320,61
2021,East Hertfordshire 007F,E01023448,788,236,85,151,552,448,104
2021,East Hertfordshire 004A,E01023449,919,291,124,167,628,497,131
2021,East Hertfordshire 004C,E01023451,1119,349,131,218,770,616,154
2021,East Hertfordshire 003A,E01023452,704,206,88,118,498,408,90
2021,East Hertfordshire 003B,E01023453,1081,261,91,170,820,623,197
2021,East Hertfordshire 003C,E01023454,1182,293,107,186,889,718,171
2021,East Hertfordshire 003D,E01023455,660,189,68,121,471,382,89
2021,East Hertfordshire 008A,E01023456,704,217,81,136,487,403,84
2021,East Hertfordshire 008B,E01023457,808,219,68,151,589,503,86
2021,East Hertfordshire 008C,E01023458,730,218,79,139,512,427,85
2021,East Hertfordshire 008D,E01023459,619,187,77,110,432,354,78
2021,East Hertfordshire 008E,E01023460,829,236,84,152,593,480,113
2021,East Hertfordshire 008F,E01023461,796,244,80,164,552,429,123
2021,East Hertfordshire 001A,E01023462,672,223,102,121,449,332,117
2021,East Hertfordshire 003E,E01023463,637,215,85,130,422,327,95
2021,East Hertfordshire 001C,E01023465,784,233,91,142,551,460,91
2021,East Hertfordshire 001D,E01023466,1013,320,115,205,693,573,120
2021,East Hertfordshire 019E,E01023467,1107,351,144,207,756,558,198
2021,East Hertfordshire 018A,E01023468,694,197,88,109,497,388,109
2021,East Hertfordshire 018B,E01023469,708,213,82,131,495,407,88
2021,East Hertfordshire 014A,E01023470,986,206,75,131,780,657,123
2021,East Hertfordshire 014B,E01023471,683,211,95,116,472,387,85
2021,East Hertfordshire 014C,E01023472,631,195,68,127,436,370,66
2021,East Hertfordshire 014D,E01023473,776,218,100,118,558,466,92
2021,East Hertfordshire 014E,E01023474,810,218,91,127,592,477,115
2021,East Hertfordshire 017A,E01023475,665,209,74,135,456,401,55
2021,East Hertfordshire 017B,E01023476,807,233,93,140,574,428,146
2021,East Hertfordshire 017C,E01023477,1257,282,103,179,975,809,166
2021,East Hertfordshire 017E,E01023479,919,259,96,163,660,533,127
2021,East Hertfordshire 018C,E01023480,780,257,96,161,523,412,111
2021,East Hertfordshire 018D,E01023481,757,200,85,115,557,398,159
2021,East Hertfordshire 016A,E01023482,1110,314,122,192,796,672,124
2021,East Hertfordshire 016B,E01023483,1314,351,121,230,963,825,138
2021,East Hertfordshire 016C,E01023484,905,238,92,146,667,556,111
2021,East Hertfordshire 010A,E01023485,1113,388,171,217,725,526,199
2021,East Hertfordshire 010B,E01023486,1311,433,167,266,878,665,213
2021,East Hertfordshire 015A,E01023487,727,212,74,138,515,457,58
2021,East Hertfordshire 015B,E01023488,797,232,83,149,565,471,94
2021,East Hertfordshire 015C,E01023489,744,190,83,107,554,452,102
2021,East Hertfordshire 015D,E01023490,674,176,77,99,498,410,88
2021,East Hertfordshire 009A,E01023491,684,211,94,117,473,363,110
2021,East Hertfordshire 009B,E01023492,1130,316,125,191,814,628,186
2021,East Hertfordshire 003F,E01023493,1263,437,195,242,826,588,238
2021,East Hertfordshire 019A,E01023494,784,234,101,133,550,417,133
2021,East Hertfordshire 019D,E01023495,640,173,60,113,467,369,98
2021,East Hertfordshire 009C,E01023496,652,197,81,116,455,345,110
2021,East Hertfordshire 009D,E01023497,775,234,104,130,541,402,139
2021,East Hertfordshire 011A,E01023499,1023,348,113,235,675,563,112
2021,East Hertfordshire 011B,E01023500,765,247,105,142,518,392,126
2021,East Hertfordshire 011C,E01023501,792,252,96,156,540,450,90
2021,East Hertfordshire 011D,E01023502,909,239,90,149,670,543,127
2021,East Hertfordshire 011E,E01023503,687,202,77,125,485,408,77
2021,East Hertfordshire 018E,E01023504,666,179,61,118,487,407,80
2021,East Hertfordshire 018F,E01023505,881,259,113,146,622,504,118
2021,East Hertfordshire 006B,E01023506,788,238,88,150,550,428,122
2021,East Hertfordshire 006C,E01023507,914,286,121,165,628,477,151
2021,East Hertfordshire 019B,E01023509,717,236,108,128,481,401,80
2021,East Hertfordshire 013A,E01023510,820,214,93,121,606,496,110
2021,East Hertfordshire 013B,E01023511,1011,212,76,136,799,675,124
2021,East Hertfordshire 012A,E01023512,1153,283,109,174,870,734,136
2021,East Hertfordshire 012B,E01023513,700,213,85,128,487,407,80
2021,East Hertfordshire 012C,E01023514,1099,236,107,129,863,720,143
2021,East Hertfordshire 013C,E01023515,973,271,103,168,702,604,98
2021,East Hertfordshire 013D,E01023516,1019,290,106,184,729,637,92
2021,East Hertfordshire 013E,E01023517,802,217,84,133,585,495,90
2021,East Hertfordshire 012D,E01023518,943,292,116,176,651,557,94
2021,East Hertfordshire 012E,E01023519,939,227,74,153,712,620,92
2021,East Hertfordshire 012F,E01023520,814,233,85,148,581,497,84
2021,Hertsmere 005A,E01023523,800,263,119,144,537,341,196
2021,Hertsmere 005B,E01023524,679,228,112,116,451,312,139
2021,Hertsmere 005C,E01023525,911,243,112,131,668,503,165
2021,Hertsmere 005D,E01023526,852,279,132,147,573,388,185
2021,Hertsmere 005E,E01023527,700,251,82,169,449,336,113
2021,Hertsmere 010A,E01023528,739,225,111,114,514,365,149
2021,Hertsmere 007A,E01023529,791,203,65,138,588,493,95
2021,Hertsmere 007B,E01023530,604,220,88,132,384,318,66
2021,Hertsmere 007C,E01023531,1015,315,121,194,700,574,126
2021,Hertsmere 007D,E01023532,840,244,93,151,596,495,101
2021,Hertsmere 007E,E01023533,780,218,69,149,562,482,80
2021,Hertsmere 006A,E01023534,906,297,104,193,609,502,107
2021,Hertsmere 006B,E01023535,859,265,81,184,594,507,87
2021,Hertsmere 006C,E01023536,664,219,64,155,445,383,62
2021,Hertsmere 006D,E01023537,1488,373,133,240,1115,964,151
2021,Hertsmere 006E,E01023538,1090,319,89,230,771,649,122
2021,Hertsmere 011B,E01023540,855,258,90,168,597,503,94
2021,Hertsmere 011C,E01023541,1320,361,124,237,959,798,161
2021,Hertsmere 011D,E01023542,989,297,121,176,692,572,120
2021,Hertsmere 011E,E01023543,665,192,73,119,473,407,66
2021,Hertsmere 009A,E01023544,591,188,91,97,403,326,77
2021,Hertsmere 009B,E01023545,1016,263,96,167,753,649,104
2021,Hertsmere 009C,E01023546,991,293,122,171,698,584,114
2021,Hertsmere 009D,E01023547,947,290,99,191,657,565,92
2021,Hertsmere 013A,E01023548,897,301,149,152,596,483,113
2021,Hertsmere 013B,E01023549,777,243,114,129,534,434,100
2021,Hertsmere 013C,E01023550,847,262,129,133,585,425,160
2021,Hertsmere 013D,E01023551,759,253,118,135,506,387,119
2021,Hertsmere 008A,E01023552,858,261,99,162,597,523,74
2021,Hertsmere 008B,E01023553,1060,294,138,156,766,625,141
2021,Hertsmere 008C,E01023554,925,300,119,181,625,524,101
2021,Hertsmere 008D,E01023555,958,290,112,178,668,533,135
2021,Hertsmere 013E,E01023556,954,313,125,188,641,513,128
2021,Hertsmere 013F,E01023557,786,236,102,134,550,441,109
2021,Hertsmere 012A,E01023558,958,314,128,186,644,512,132
2021,Hertsmere 012B,E01023559,904,219,92,127,685,553,132
2021,Hertsmere 012C,E01023560,914,294,114,180,620,532,88
2021,Hertsmere 012D,E01023561,779,240,94,146,539,440,99
2021,Hertsmere 012E,E01023562,906,271,111,160,635,509,126
2021,Hertsmere 012F,E01023563,937,259,102,157,678,532,146
2021,Hertsmere 010B,E01023564,870,228,76,152,642,527,115
2021,Hertsmere 010C,E01023565,933,282,114,168,651,479,172
2021,Hertsmere 010D,E01023566,727,243,124,119,484,350,134
2021,Hertsmere 002A,E01023567,1029,314,121,193,715,579,136
2021,Hertsmere 002B,E01023568,721,209,84,125,512,420,92
2021,Hertsmere 002C,E01023569,780,260,113,147,520,438,82
2021,Hertsmere 002D,E01023570,682,210,86,124,472,396,76
2021,Hertsmere 003A,E01023571,678,202,72,130,476,391,85
2021,Hertsmere 003B,E01023572,791,261,118,143,530,444,86
2021,Hertsmere 003C,E01023573,561,186,78,108,375,324,51
2021,Hertsmere 003D,E01023574,718,226,84,142,492,424,68
2021,Hertsmere 003E,E01023575,762,237,96,141,525,452,73
2021,Hertsmere 001A,E01023576,628,212,87,125,416,326,90
2021,Hertsmere 001B,E01023577,739,239,104,135,500,406,94
2021,Hertsmere 001C,E01023578,758,264,130,134,494,369,125
2021,Hertsmere 001D,E01023579,731,219,88,131,512,432,80
2021,Hertsmere 001E,E01023580,811,239,107,132,572,459,113
2021,Hertsmere 004A,E01023581,657,230,108,122,427,336,91
2021,Hertsmere 004B,E01023582,799,244,91,153,555,426,129
2021,Hertsmere 004C,E01023583,675,219,88,131,456,338,118
2021,Hertsmere 004D,E01023584,533,167,74,93,366,274,92
2021,North Hertfordshire 016A,E01023585,557,192,90,102,365,282,83
2021,North Hertfordshire 016B,E01023586,766,236,91,145,530,421,109
2021,North Hertfordshire 004A,E01023587,649,191,60,131,458,397,61
2021,North Hertfordshire 004B,E01023588,809,224,83,141,585,493,92
2021,North Hertfordshire 004C,E01023589,914,246,81,165,668,583,85
2021,North Hertfordshire 004D,E01023590,1003,264,98,166,739,605,134
2021,North Hertfordshire 004E,E01023591,784,251,79,172,533,464,69
2021,North Hertfordshire 004F,E01023592,786,241,74,167,545,473,72
2021,North Hertfordshire 004G,E01023593,701,237,81,156,464,398,66
2021,North Hertfordshire 014A,E01023594,1068,318,124,194,750,627,123
2021,North Hertfordshire 015A,E01023595,796,226,88,138,570,468,102
2021,North Hertfordshire 015B,E01023596,512,165,58,107,347,287,60
2021,North Hertfordshire 016C,E01023597,582,182,84,98,400,287,113
2021,North Hertfordshire 016D,E01023598,791,248,92,156,543,403,140
2021,North Hertfordshire 017B,E01023600,695,210,88,122,485,395,90
2021,North Hertfordshire 010A,E01023601,1378,273,101,172,1105,935,170
2021,North Hertfordshire 010B,E01023602,889,210,77,133,679,579,100
2021,North Hertfordshire 010C,E01023603,842,255,86,169,587,492,95
2021,North Hertfordshire 010D,E01023604,743,226,87,139,517,439,78
2021,North Hertfordshire 010E,E01023605,870,192,83,109,678,607,71
2021,North Hertfordshire 013A,E01023606,895,263,88,175,632,533,99
2021,North Hertfordshire 013B,E01023607,752,220,68,152,532,471,61
2021,North Hertfordshire 013C,E01023608,713,226,77,149,487,400,87
2021,North Hertfordshire 013D,E01023609,900,223,85,138,677,534,143
2021,North Hertfordshire 013E,E01023610,722,180,61,119,542,460,82
2021,North Hertfordshire 012A,E01023611,772,248,84,164,524,443,81
2021,North Hertfordshire 012B,E01023612,962,279,97,182,683,596,87
2021,North Hertfordshire 012C,E01023613,733,239,71,168,494,430,64
2021,North Hertfordshire 012D,E01023614,1014,270,105,165,744,605,139
2021,North Hertfordshire 012E,E01023615,727,211,95,116,516,408,108
2021,North Hertfordshire 012F,E01023616,1279,265,92,173,1014,847,167
2021,North Hertfordshire 011A,E01023617,757,229,80,149,528,446,82
2021,North Hertfordshire 011B,E01023618,948,270,85,185,678,579,99
2021,North Hertfordshire 011C,E01023619,1000,216,71,145,784,690,94
2021,North Hertfordshire 011D,E01023620,633,195,55,140,438,380,58
2021,North Hertfordshire 011E,E01023621,698,199,70,129,499,444,55
2021,North Hertfordshire 014B,E01023622,574,181,67,114,393,305,88
2021,North Hertfordshire 014C,E01023623,766,252,89,163,514,413,101
2021,North Hertfordshire 014D,E01023624,708,211,82,129,497,394,103
2021,North Hertfordshire 014E,E01023625,524,152,54,98,372,279,93
2021,North Hertfordshire 015C,E01023626,1048,354,152,202,694,510,184
2021,North Hertfordshire 015D,E01023627,945,306,144,162,639,494,145
2021,North Hertfordshire 015E,E01023628,975,267,109,158,708,546,162
2021,North Hertfordshire 015F,E01023629,842,252,84,168,590,471,119
2021,North Hertfordshire 006A,E01023630,933,254,89,165,679,594,85
2021,North Hertfordshire 006B,E01023631,818,254,93,161,564,492,72
2021,North Hertfordshire 006C,E01023632,979,267,81,186,712,627,85
2021,North Hertfordshire 006D,E01023633,680,186,78,108,494,428,66
2021,North Hertfordshire 006E,E01023634,562,153,58,95,409,341,68
2021,North Hertfordshire 003A,E01023635,704,204,67,137,500,438,62
2021,North Hertfordshire 003B,E01023636,903,273,107,166,630,520,110
2021,North Hertfordshire 003C,E01023637,791,247,85,162,544,468,76
2021,North Hertfordshire 003D,E01023638,815,231,85,146,584,499,85
2021,North Hertfordshire 009A,E01023639,594,153,41,112,441,367,74
2021,North Hertfordshire 009B,E01023640,501,154,46,108,347,299,48
2021,North Hertfordshire 009C,E01023641,624,200,61,139,424,345,79
2021,North Hertfordshire 009D,E01023642,560,191,82,109,369,303,66
2021,North Hertfordshire 009E,E01023643,604,147,46,101,457,391,66
2021,North Hertfordshire 008A,E01023644,814,205,89,116,609,487,122
2021,North Hertfordshire 008B,E01023645,748,214,75,139,534,450,84
2021,North Hertfordshire 008C,E01023646,679,208,65,143,471,419,52
2021,North Hertfordshire 008D,E01023647,665,179,51,128,486,412,74
2021,North Hertfordshire 008E,E01023648,517,169,82,87,348,257,91
2021,North Hertfordshire 007A,E01023649,730,179,62,117,551,477,74
2021,North Hertfordshire 007B,E01023650,764,241,87,154,523,455,68
2021,North Hertfordshire 007C,E01023651,612,184,74,110,428,382,46
2021,North Hertfordshire 007D,E01023652,620,191,74,117,429,365,64
2021,North Hertfordshire 014F,E01023653,1283,382,156,226,901,718,183
2021,North Hertfordshire 002A,E01023654,836,209,74,135,627,548,79
2021,North Hertfordshire 002B,E01023655,1008,262,105,157,746,629,117
2021,North Hertfordshire 002C,E01023656,1305,271,100,171,1034,896,138
2021,North Hertfordshire 002D,E01023657,1248,368,133,235,880,751,129
2021,North Hertfordshire 002E,E01023658,888,248,88,160,640,564,76
2021,North Hertfordshire 002F,E01023659,677,194,77,117,483,404,79
2021,North Hertfordshire 001A,E01023660,1331,308,122,186,1023,888,135
2021,North Hertfordshire 001B,E01023661,668,209,73,136,459,406,53
2021,North Hertfordshire 001C,E01023662,1180,323,107,216,857,742,115
2021,North Hertfordshire 016E,E01023663,1035,328,130,198,707,541,166
2021,St Albans 013A,E01023664,979,286,106,180,693,576,117
2021,St Albans 013B,E01023665,954,239,81,158,715,597,118
2021,St Albans 011A,E01023666,1151,253,88,165,898,777,121
2021,St Albans 013C,E01023667,824,211,77,134,613,495,118
2021,St Albans 013D,E01023668,697,221,66,155,476,379,97
2021,St Albans 009A,E01023669,803,263,80,183,540,455,85
2021,St Albans 009B,E01023670,1067,250,97,153,817,618,199
2021,St Albans 009C,E01023671,863,258,96,162,605,502,103
2021,St Albans 009D,E01023672,955,275,117,158,680,543,137
2021,St Albans 010A,E01023673,666,203,76,127,463,345,118
2021,St Albans 011B,E01023674,1058,287,105,182,771,627,144
2021,St Albans 011C,E01023675,633,176,88,88,457,327,130
2021,St Albans 011D,E01023676,1499,320,132,188,1179,923,256
2021,St Albans 021B,E01023677,612,190,67,123,422,339,83
2021,St Albans 021D,E01023678,961,281,114,167,680,537,143
2021,St Albans 021A,E01023680,707,218,99,119,489,392,97
2021,St Albans 016A,E01023681,740,242,91,151,498,423,75
2021,St Albans 016B,E01023682,895,238,90,148,657,534,123
2021,St Albans 016C,E01023683,794,280,118,162,514,432,82
2021,St Albans 016D,E01023684,781,235,102,133,546,436,110
2021,St Albans 002A,E01023685,880,270,98,172,610,489,121
2021,St Albans 002B,E01023686,696,213,92,121,483,344,139
2021,St Albans 002C,E01023687,686,213,67,146,473,376,97
2021,St Albans 002D,E01023688,769,194,71,123,575,458,117
2021,St Albans 002E,E01023689,643,190,88,102,453,310,143
2021,St Albans 001A,E01023690,837,212,92,120,625,468,157
2021,St Albans 001B,E01023691,658,209,85,124,449,308,141
2021,St Albans 001C,E01023692,609,183,62,121,426,331,95
2021,St Albans 001D,E01023693,790,198,81,117,592,458,134
2021,St Albans 001E,E01023694,784,242,108,134,542,383,159
2021,St Albans 005A,E01023695,754,206,85,121,548,405,143
2021,St Albans 005B,E01023696,739,241,113,128,498,306,192
2021,St Albans 005C,E01023697,956,257,115,142,699,569,130
2021,St Albans 005D,E01023698,683,209,73,136,474,371,103
2021,St Albans 003A,E01023699,676,198,94,104,478,327,151
2021,St Albans 003B,E01023700,594,194,89,105,400,254,146
2021,St Albans 003C,E01023701,907,232,103,129,675,501,174
2021,St Albans 003D,E01023702,831,210,90,120,621,449,172
2021,St Albans 003E,E01023703,692,201,70,131,491,342,149
2021,St Albans 018A,E01023704,857,232,79,153,625,518,107
2021,St Albans 018B,E01023705,820,277,90,187,543,463,80
2021,St Albans 018C,E01023706,884,241,84,157,643,554,89
2021,St Albans 018E,E01023708,801,240,89,151,561,481,80
2021,St Albans 008A,E01023709,820,232,97,135,588,480,108
2021,St Albans 008B,E01023710,732,238,91,147,494,376,118
2021,St Albans 008C,E01023711,734,230,95,135,504,409,95
2021,St Albans 008D,E01023712,1073,309,114,195,764,618,146
2021,St Albans 007A,E01023713,1016,294,115,179,722,583,139
2021,St Albans 010B,E01023714,794,248,104,144,546,382,164
2021,St Albans 010C,E01023715,739,251,99,152,488,360,128
2021,St Albans 010D,E01023716,1155,275,109,166,880,697,183
2021,St Albans 020A,E01023717,698,197,76,121,501,396,105
2021,St Albans 019A,E01023718,797,252,99,153,545,414,131
2021,St Albans 019B,E01023719,572,180,55,125,392,326,66
2021,St Albans 019C,E01023720,1025,310,132,178,715,557,158
2021,St Albans 019D,E01023721,660,205,78,127,455,363,92
2021,St Albans 006A,E01023722,696,210,93,117,486,351,135
2021,St Albans 006B,E01023723,796,256,87,169,540,448,92
2021,St Albans 006C,E01023724,731,234,104,130,497,369,128
2021,St Albans 006D,E01023725,710,194,86,108,516,359,157
2021,St Albans 012A,E01023726,1387,218,79,139,1169,912,257
2021,St Albans 012B,E01023727,1290,242,99,143,1048,843,205
2021,St Albans 012C,E01023728,1216,271,90,181,945,710,235
2021,St Albans 020B,E01023730,795,256,106,150,539,422,117
2021,St Albans 020C,E01023731,787,238,90,148,549,442,107
2021,St Albans 020D,E01023732,758,222,91,131,536,407,129
2021,St Albans 020E,E01023733,913,296,126,170,617,490,127
2021,St Albans 007B,E01023734,840,246,95,151,594,461,133
2021,St Albans 007C,E01023735,859,256,89,167,603,494,109
2021,St Albans 007D,E01023736,767,232,77,155,535,421,114
2021,St Albans 017A,E01023737,637,203,77,126,434,387,47
2021,St Albans 017B,E01023738,765,242,76,166,523,445,78
2021,St Albans 017C,E01023739,712,221,80,141,491,410,81
2021,St Albans 017D,E01023740,844,186,63,123,658,524,134
2021,St Albans 017E,E01023741,862,217,86,131,645,518,127
2021,St Albans 014A,E01023742,767,225,107,118,542,397,145
2021,St Albans 014B,E01023743,1002,266,113,153,736,544,192
2021,St Albans 014C,E01023744,681,219,93,126,462,323,139
2021,St Albans 014D,E01023745,973,248,94,154,725,558,167
2021,St Albans 004A,E01023746,711,238,83,155,473,403,70
2021,St Albans 004B,E01023747,878,268,92,176,610,485,125
2021,St Albans 004C,E01023748,585,199,88,111,386,275,111
2021,St Albans 004D,E01023749,884,268,120,148,616,490,126
2021,Stevenage 009A,E01023750,544,145,53,92,399,361,38
2021,Stevenage 009B,E01023751,611,164,65,99,447,396,51
2021,Stevenage 009C,E01023752,735,194,60,134,541,464,77
2021,Stevenage 009D,E01023753,928,249,84,165,679,590,89
2021,Stevenage 009E,E01023754,720,217,60,157,503,428,75
2021,Stevenage 008A,E01023755,864,239,70,169,625,549,76
2021,Stevenage 008B,E01023756,815,227,71,156,588,543,45
2021,Stevenage 008C,E01023757,992,312,90,222,680,594,86
2021,Stevenage 007A,E01023759,758,234,78,156,524,466,58
2021,Stevenage 007B,E01023760,788,225,68,157,563,495,68
2021,Stevenage 007C,E01023761,1104,279,72,207,825,723,102
2021,Stevenage 007D,E01023762,798,219,72,147,579,504,75
2021,Stevenage 012A,E01023763,795,195,63,132,600,526,74
2021,Stevenage 012B,E01023764,652,189,70,119,463,397,66
2021,Stevenage 012C,E01023765,790,251,91,160,539,464,75
2021,Stevenage 012D,E01023766,776,233,64,169,543,479,64
2021,Stevenage 013D,E01023767,904,231,74,157,673,590,83
2021,Stevenage 013B,E01023769,874,229,70,159,645,561,84
2021,Stevenage 013C,E01023770,797,206,81,125,591,522,69
2021,Stevenage 003A,E01023771,886,226,64,162,660,581,79
2021,Stevenage 003B,E01023772,889,233,76,157,656,595,61
2021,Stevenage 003C,E01023773,644,205,65,140,439,390,49
2021,Stevenage 003D,E01023774,824,239,93,146,585,510,75
2021,Stevenage 006A,E01023775,1147,272,93,179,875,742,133
2021,Stevenage 002A,E01023776,1426,343,119,224,1083,925,158
2021,Stevenage 002B,E01023777,960,242,74,168,718,620,98
2021,Stevenage 002C,E01023778,847,243,91,152,604,520,84
2021,Stevenage 006B,E01023779,909,260,98,162,649,588,61
2021,Stevenage 006C,E01023780,707,208,70,138,499,430,69
2021,Stevenage 006D,E01023781,849,260,79,181,589,519,70
2021,Stevenage 006E,E01023782,682,176,63,113,506,453,53
2021,Stevenage 011A,E01023783,911,263,94,169,648,563,85
2021,Stevenage 011B,E01023784,769,251,92,159,518,449,69
2021,Stevenage 011C,E01023785,911,265,88,177,646,558,88
2021,Stevenage 011D,E01023786,1023,228,84,144,795,691,104
2021,Stevenage 001A,E01023787,757,195,70,125,562,503,59
2021,Stevenage 001B,E01023788,795,192,68,124,603,533,70
2021,Stevenage 001D,E01023790,821,219,66,153,602,539,63
2021,Stevenage 010A,E01023791,856,231,76,155,625,547,78
2021,Stevenage 010B,E01023792,813,237,81,156,576,507,69
2021,Stevenage 010C,E01023793,724,199,51,148,525,449,76
2021,Stevenage 010D,E01023794,820,232,71,161,588,516,72
2021,Stevenage 005A,E01023795,823,245,74,171,578,503,75
2021,Stevenage 005B,E01023796,752,208,69,139,544,489,55
2021,Stevenage 005C,E01023797,613,186,60,126,427,375,52
2021,Stevenage 005D,E01023798,820,194,72,122,626,536,90
2021,Stevenage 002D,E01023799,647,191,67,124,456,383,73
2021,Stevenage 002E,E01023800,1093,254,100,154,839,726,113
2021,Stevenage 002F,E01023801,1371,338,114,224,1033,893,140
2021,Three Rivers 001A,E01023802,875,254,93,161,621,514,107
2021,Three Rivers 001B,E01023803,759,217,91,126,542,428,114
2021,Three Rivers 001C,E01023804,676,189,68,121,487,409,78
2021,Three Rivers 010A,E01023805,857,272,75,197,585,503,82
2021,Three Rivers 012A,E01023806,1164,358,123,235,806,721,85
2021,Three Rivers 001D,E01023807,780,240,93,147,540,427,113
2021,Three Rivers 010B,E01023809,836,226,81,145,610,520,90
2021,Three Rivers 010C,E01023810,824,270,108,162,554,456,98
2021,Three Rivers 010D,E01023811,724,201,70,131,523,434,89
2021,Three Rivers 004A,E01023812,773,251,142,109,522,353,169
2021,Three Rivers 004B,E01023813,815,262,134,128,553,377,176
2021,Three Rivers 004C,E01023814,448,143,57,86,305,219,86
2021,Three Rivers 005A,E01023815,753,230,93,137,523,377,146
2021,Three Rivers 005B,E01023816,642,207,98,109,435,319,116
2021,Three Rivers 005C,E01023817,706,210,98,112,496,389,107
2021,Three Rivers 005D,E01023818,661,217,105,112,444,328,116
2021,Three Rivers 006A,E01023819,897,256,102,154,641,530,111
2021,Three Rivers 006B,E01023820,652,201,78,123,451,342,109
2021,Three Rivers 006C,E01023821,646,211,64,147,435,370,65
2021,Three Rivers 006D,E01023822,683,203,69,134,480,402,78
2021,Three Rivers 003A,E01023823,785,232,80,152,553,461,92
2021,Three Rivers 003B,E01023824,1111,333,118,215,778,648,130
2021,Three Rivers 006E,E01023825,1282,309,122,187,973,825,148
2021,Three Rivers 006F,E01023826,790,240,89,151,550,457,93
2021,Three Rivers 008A,E01023827,1254,395,144,251,859,739,120
2021,Three Rivers 008B,E01023828,792,228,81,147,564,482,82
2021,Three Rivers 002A,E01023829,847,272,100,172,575,479,96
2021,Three Rivers 002B,E01023830,711,181,51,130,530,462,68
2021,Three Rivers 003C,E01023831,1118,316,122,194,802,626,176
2021,Three Rivers 002C,E01023832,1041,293,106,187,748,631,117
2021,Three Rivers 002E,E01023834,899,246,85,161,653,549,104
2021,Three Rivers 009A,E01023835,688,211,84,127,477,402,75
2021,Three Rivers 009B,E01023836,694,194,62,132,500,418,82
2021,Three Rivers 009C,E01023837,848,198,79,119,650,530,120
2021,Three Rivers 009D,E01023838,628,182,56,126,446,364,82
2021,Three Rivers 011A,E01023839,1109,301,154,147,808,549,259
2021,Three Rivers 011B,E01023840,973,208,82,126,765,569,196
2021,Three Rivers 011C,E01023841,936,263,112,151,673,471,202
2021,Three Rivers 012B,E01023842,832,282,104,178,550,469,81
2021,Three Rivers 012C,E01023843,1080,339,114,225,741,650,91
2021,Three Rivers 012D,E01023844,835,225,71,154,610,539,71
2021,Three Rivers 008C,E01023845,915,282,96,186,633,519,114
2021,Three Rivers 008D,E01023846,815,255,104,151,560,462,98
2021,Three Rivers 007A,E01023847,1033,274,110,164,759,631,128
2021,Three Rivers 007B,E01023848,915,261,90,171,654,560,94
2021,Three Rivers 011D,E01023849,720,222,91,131,498,382,116
2021,Three Rivers 007C,E01023850,935,208,84,124,727,579,148
2021,Three Rivers 004D,E01023851,997,184,82,102,813,633,180
2021,Three Rivers 007D,E01023852,756,212,85,127,544,429,115
2021,Three Rivers 007E,E01023853,1041,308,124,184,733,572,161
2021,Three Rivers 003D,E01023854,885,296,130,166,589,436,153
2021,Watford 006A,E01023855,1290,330,107,223,960,813,147
2021,Watford 006B,E01023856,1549,398,133,265,1151,962,189
2021,Watford 006C,E01023857,863,272,92,180,591,493,98
2021,Watford 006D,E01023858,1196,295,102,193,901,780,121
2021,Watford 009B,E01023860,1099,276,101,175,823,707,116
2021,Watford 009D,E01023862,1463,377,128,249,1086,934,152
2021,Watford 011A,E01023863,1043,283,96,187,760,671,89
2021,Watford 011B,E01023864,853,232,71,161,621,553,68
2021,Watford 011C,E01023865,906,271,92,179,635,577,58
2021,Watford 011D,E01023866,716,245,76,169,471,417,54
2021,Watford 004A,E01023868,887,268,101,167,619,537,82
2021,Watford 004B,E01023869,759,214,80,134,545,467,78
2021,Watford 004C,E01023870,788,288,95,193,500,436,64
2021,Watford 004D,E01023871,990,238,84,154,752,619,133
2021,Watford 004E,E01023872,901,245,76,169,656,550,106
2021,Watford 003A,E01023873,640,202,63,139,438,382,56
2021,Watford 003B,E01023874,629,186,51,135,443,378,65
2021,Watford 003C,E01023875,1123,316,120,196,807,710,97
2021,Watford 003D,E01023876,808,237,64,173,571,506,65
2021,Watford 003E,E01023877,850,246,85,161,604,511,93
2021,Watford 007A,E01023878,1058,285,129,156,773,639,134
2021,Watford 007C,E01023880,1280,312,121,191,968,806,162
2021,Watford 007D,E01023881,789,212,72,140,577,474,103
2021,Watford 012A,E01023882,883,265,102,163,618,510,108
2021,Watford 012B,E01023883,816,253,91,162,563,477,86
2021,Watford 012C,E01023884,1091,276,100,176,815,653,162
2021,Watford 012D,E01023885,942,271,118,153,671,528,143
2021,Watford 008A,E01023886,1494,383,132,251,1111,933,178
2021,Watford 008B,E01023887,812,244,96,148,568,427,141
2021,Watford 008C,E01023888,765,229,101,128,536,441,95
2021,Watford 008D,E01023889,882,251,105,146,631,495,136
2021,Watford 002A,E01023890,714,221,70,151,493,417,76
2021,Watford 002B,E01023891,714,210,80,130,504,439,65
2021,Watford 002C,E01023892,708,199,64,135,509,450,59
2021,Watford 002D,E01023893,824,216,75,141,608,501,107
2021,Watford 002E,E01023894,749,212,77,135,537,465,72
2021,Watford 005A,E01023895,1001,196,69,127,805,696,109
2021,Watford 005B,E01023896,701,199,70,129,502,430,72
2021,Watford 005C,E01023897,718,199,58,141,519,457,62
2021,Watford 005D,E01023898,785,226,71,155,559,460,99
2021,Watford 010A,E01023899,900,266,109,157,634,572,62
2021,Watford 010B,E01023900,985,277,112,165,708,639,69
2021,Watford 010C,E01023901,1166,279,102,177,887,774,113
2021,Watford 010D,E01023902,1005,257,89,168,748,666,82
2021,Watford 010E,E01023903,883,268,106,162,615,544,71
2021,Watford 001A,E01023904,1044,308,117,191,736,623,113
2021,Watford 001B,E01023905,1060,283,89,194,777,654,123
2021,Watford 001C,E01023906,707,206,60,146,501,426,75
2021,Watford 001D,E01023907,959,251,78,173,708,590,118
2021,Welwyn Hatfield 015A,E01023908,871,282,121,161,589,428,161
2021,Welwyn Hatfield 015B,E01023909,586,189,93,96,397,283,114
2021,Welwyn Hatfield 015C,E01023910,689,226,105,121,463,314,149
2021,Welwyn Hatfield 015D,E01023911,781,252,101,151,529,425,104
2021,Welwyn Hatfield 004A,E01023912,800,207,80,127,593,500,93
2021,Welwyn Hatfield 004B,E01023913,662,199,78,121,463,402,61
2021,Welwyn Hatfield 004C,E01023914,753,210,80,130,543,478,65
2021,Welwyn Hatfield 004D,E01023915,792,207,53,154,585,524,61
2021,Welwyn Hatfield 006A,E01023916,873,252,84,168,621,536,85
2021,Welwyn Hatfield 006B,E01023917,813,203,82,121,610,511,99
2021,Welwyn Hatfield 006C,E01023918,829,213,94,119,616,521,95
2021,Welwyn Hatfield 006D,E01023919,720,212,91,121,508,396,112
2021,Welwyn Hatfield 012A,E01023920,841,255,94,161,586,515,71
2021,Welwyn Hatfield 012B,E01023921,1233,381,181,200,852,733,119
2021,Welwyn Hatfield 012C,E01023922,920,304,123,181,616,532,84
2021,Welwyn Hatfield 012D,E01023923,1175,379,151,228,796,674,122
2021,Welwyn Hatfield 011A,E01023924,925,255,104,151,670,596,74
2021,Welwyn Hatfield 011B,E01023925,861,212,80,132,649,505,144
2021,Welwyn Hatfield 011C,E01023926,1048,275,111,164,773,628,145
2021,Welwyn Hatfield 011D,E01023927,972,241,92,149,731,625,106
2021,Welwyn Hatfield 010A,E01023929,886,259,99,160,627,527,100
2021,Welwyn Hatfield 010B,E01023930,849,197,60,137,652,565,87
2021,Welwyn Hatfield 013A,E01023932,975,318,101,217,657,567,90
2021,Welwyn Hatfield 017A,E01023933,697,226,72,154,471,399,72
2021,Welwyn Hatfield 013B,E01023934,727,229,78,151,498,440,58
2021,Welwyn Hatfield 013C,E01023935,893,492,282,210,401,353,48
2021,Welwyn Hatfield 013D,E01023936,1007,337,147,190,670,600,70
2021,Welwyn Hatfield 013E,E01023937,799,418,226,192,381,322,59
2021,Welwyn Hatfield 010D,E01023938,973,396,194,202,577,476,101
2021,Welwyn Hatfield 009A,E01023939,559,155,56,99,404,346,58
2021,Welwyn Hatfield 009B,E01023940,855,239,80,159,616,525,91
2021,Welwyn Hatfield 009D,E01023942,839,235,63,172,604,541,63
2021,Welwyn Hatfield 008A,E01023943,797,218,66,152,579,510,69
2021,Welwyn Hatfield 008B,E01023944,1113,308,106,202,805,692,113
2021,Welwyn Hatfield 008C,E01023945,840,248,76,172,592,524,68
2021,Welwyn Hatfield 008D,E01023946,1257,285,92,193,972,824,148
2021,Welwyn Hatfield 016A,E01023947,881,282,114,168,599,463,136
2021,Welwyn Hatfield 016B,E01023948,847,287,120,167,560,414,146
2021,Welwyn Hatfield 016C,E01023949,961,322,153,169,639,460,179
2021,Welwyn Hatfield 005A,E01023950,825,220,59,161,605,527,78
2021,Welwyn Hatfield 005B,E01023951,797,227,79,148,570,506,64
2021,Welwyn Hatfield 005C,E01023952,856,214,66,148,642,566,76
2021,Welwyn Hatfield 005D,E01023953,759,202,77,125,557,475,82
2021,Welwyn Hatfield 007B,E01023955,726,202,70,132,524,449,75
2021,Welwyn Hatfield 007C,E01023956,697,209,82,127,488,434,54
2021,Welwyn Hatfield 007D,E01023957,733,190,58,132,543,470,73
2021,Welwyn Hatfield 007E,E01023958,719,209,67,142,510,452,58
2021,Welwyn Hatfield 003A,E01023959,614,180,80,100,434,347,87
2021,Welwyn Hatfield 003B,E01023960,792,236,83,153,556,469,87
2021,Welwyn Hatfield 003C,E01023961,654,193,63,130,461,393,68
2021,Welwyn Hatfield 003D,E01023962,699,240,93,147,459,389,70
2021,Welwyn Hatfield 017B,E01023963,1183,349,120,229,834,717,117
2021,Welwyn Hatfield 001A,E01023965,693,207,88,119,486,385,101
2021,Welwyn Hatfield 001B,E01023966,831,253,120,133,578,460,118
2021,Welwyn Hatfield 001C,E01023967,722,184,68,116,538,448,90
2021,Welwyn Hatfield 002B,E01023968,652,184,75,109,468,370,98
2021,Welwyn Hatfield 002C,E01023969,677,202,87,115,475,358,117
2021,Welwyn Hatfield 002D,E01023970,945,269,89,180,676,543,133
2021,Welwyn Hatfield 001D,E01023971,800,229,90,139,571,435,136
2021,Ashford 006A,E01023972,669,203,63,140,466,400,66
2021,Ashford 005A,E01023973,1252,348,114,234,904,792,112
2021,Ashford 007A,E01023974,679,200,64,136,479,426,53
2021,Ashford 007B,E01023975,978,283,90,193,695,591,104
2021,Ashford 008A,E01023976,773,217,61,156,556,472,84
2021,Ashford 007C,E01023977,735,190,53,137,545,456,89
2021,Ashford 011A,E01023978,615,213,85,128,402,264,138
2021,Ashford 011B,E01023979,622,185,69,116,437,348,89
2021,Ashford 015A,E01023980,468,139,51,88,329,281,48
2021,Ashford 015B,E01023981,634,190,60,130,444,371,73
2021,Ashford 003A,E01023983,661,178,69,109,483,404,79
2021,Ashford 015C,E01023984,524,179,53,126,345,292,53
2021,Ashford 002A,E01023985,453,146,65,81,307,226,81
2021,Ashford 002B,E01023986,671,220,98,122,451,330,121
2021,Ashford 001B,E01023987,442,144,48,96,298,225,73
2021,Ashford 001C,E01023988,766,246,113,133,520,373,147
2021,Ashford 002C,E01023989,666,226,94,132,440,348,92
2021,Ashford 002D,E01023990,541,177,69,108,364,293,71
2021,Ashford 016C,E01023992,939,241,77,164,698,586,112
2021,Ashford 016D,E01023993,780,237,65,172,543,478,65
2021,Ashford 006B,E01023995,604,168,46,122,436,382,54
2021,Ashford 006C,E01023996,696,189,58,131,507,441,66
2021,Ashford 014A,E01023997,724,253,101,152,471,350,121
2021,Ashford 014B,E01023998,510,193,81,112,317,236,81
2021,Ashford 003B,E01023999,1037,355,166,189,682,550,132
2021,Ashford 009A,E01024001,708,204,60,144,504,417,87
2021,Ashford 005B,E01024002,726,190,73,117,536,468,68
2021,Ashford 006D,E01024003,786,231,83,148,555,468,87
2021,Ashford 006E,E01024004,1182,309,120,189,873,702,171
2021,Ashford 006F,E01024005,804,218,76,142,586,502,84
2021,Ashford 009B,E01024006,666,182,60,122,484,405,79
2021,Ashford 009D,E01024008,1150,274,92,182,876,719,157
2021,Ashford 013A,E01024009,638,221,91,130,417,326,91
2021,Ashford 013B,E01024010,605,215,93,122,390,299,91
2021,Ashford 013C,E01024011,558,204,88,116,354,266,88
2021,Ashford 013D,E01024012,511,181,86,95,330,268,62
2021,Ashford 010A,E01024013,851,290,110,180,561,446,115
2021,Ashford 010B,E01024014,940,309,134,175,631,468,163
2021,Ashford 010C,E01024015,759,252,100,152,507,365,142
2021,Ashford 007D,E01024016,710,186,40,146,524,446,78
2021,Ashford 007E,E01024017,975,266,92,174,709,585,124
2021,Ashford 008B,E01024019,719,223,69,154,496,423,73
2021,Ashford 008C,E01024020,807,274,74,200,533,458,75
2021,Ashford 015E,E01024021,771,185,53,132,586,497,89
2021,Ashford 015D,E01024022,686,191,58,133,495,406,89
2021,Ashford 005C,E01024023,1321,357,114,243,964,818,146
2021,Ashford 013E,E01024024,886,304,116,188,582,457,125
2021,Ashford 013F,E01024025,473,169,71,98,304,242,62
2021,Ashford 014C,E01024026,537,204,93,111,333,259,74
2021,Ashford 007F,E01024028,654,212,66,146,442,391,51
2021,Ashford 005E,E01024029,1250,345,114,231,905,798,107
2021,Ashford 012B,E01024031,736,215,88,127,521,374,147
2021,Ashford 011C,E01024032,841,280,128,152,561,436,125
2021,Ashford 002E,E01024033,874,277,114,163,597,448,149
2021,Ashford 002F,E01024035,514,155,55,100,359,268,91
2021,Ashford 011D,E01024036,678,221,105,116,457,323,134
2021,Ashford 014D,E01024037,914,293,116,177,621,489,132
2021,Ashford 012C,E01024038,765,264,109,155,501,382,119
2021,Ashford 012D,E01024039,800,270,130,140,530,419,111
2021,Ashford 001D,E01024040,557,163,64,99,394,310,84
2021,Ashford 001E,E01024041,523,168,87,81,355,261,94
2021,Canterbury 018A,E01024042,704,229,100,129,475,361,114
2021,Canterbury 018B,E01024043,589,202,88,114,387,294,93
2021,Canterbury 016A,E01024044,1062,375,171,204,687,542,145
2021,Canterbury 016B,E01024045,683,241,105,136,442,377,65
2021,Canterbury 016C,E01024046,804,224,75,149,580,454,126
2021,Canterbury 014A,E01024047,738,265,93,172,473,408,65
2021,Canterbury 016D,E01024048,533,272,137,135,261,229,32
2021,Canterbury 014B,E01024049,548,185,64,121,363,323,40
2021,Canterbury 017A,E01024052,1187,347,122,225,840,684,156
2021,Canterbury 017B,E01024053,1022,331,121,210,691,525,166
2021,Canterbury 017C,E01024054,869,286,111,175,583,449,134
2021,Canterbury 007A,E01024055,697,248,80,168,449,370,79
2021,Canterbury 005A,E01024056,697,246,97,149,451,339,112
2021,Canterbury 005B,E01024057,685,252,117,135,433,351,82
2021,Canterbury 005C,E01024058,722,246,86,160,476,391,85
2021,Canterbury 004A,E01024059,540,189,79,110,351,283,68
2021,Canterbury 008A,E01024060,732,248,89,159,484,415,69
2021,Canterbury 007B,E01024061,567,212,62,150,355,293,62
2021,Canterbury 009A,E01024062,1035,323,117,206,712,588,124
2021,Canterbury 007C,E01024063,765,263,90,173,502,426,76
2021,Canterbury 003A,E01024064,1195,413,136,277,782,641,141
2021,Canterbury 004B,E01024065,942,342,111,231,600,491,109
2021,Canterbury 003B,E01024066,635,201,70,131,434,374,60
2021,Canterbury 012C,E01024067,542,155,67,88,387,290,97
2021,Canterbury 012D,E01024068,659,209,90,119,450,336,114
2021,Canterbury 008B,E01024069,656,250,103,147,406,333,73
2021,Canterbury 008C,E01024070,620,209,77,132,411,329,82
2021,Canterbury 007D,E01024071,796,283,100,183,513,421,92
2021,Canterbury 008D,E01024072,587,190,86,104,397,318,79
2021,Canterbury 006A,E01024073,1184,398,127,271,786,648,138
2021,Canterbury 006B,E01024074,667,235,73,162,432,365,67
2021,Canterbury 006C,E01024075,635,210,73,137,425,348,77
2021,Canterbury 006D,E01024076,906,271,90,181,635,542,93
2021,Canterbury 006E,E01024077,1094,349,123,226,745,624,121
2021,Canterbury 001A,E01024078,845,258,91,167,587,489,98
2021,Canterbury 003C,E01024079,634,219,69,150,415,349,66
2021,Canterbury 001B,E01024080,591,211,71,140,380,310,70
2021,Canterbury 001C,E01024081,602,182,73,109,420,363,57
2021,Canterbury 001D,E01024082,629,218,86,132,411,337,74
2021,Canterbury 003D,E01024083,498,189,67,122,309,256,53
2021,Canterbury 010A,E01024084,549,181,79,102,368,286,82
2021,Canterbury 010B,E01024085,736,208,90,118,528,419,109
2021,Canterbury 010C,E01024086,1077,347,121,226,730,607,123
2021,Canterbury 010D,E01024087,584,174,77,97,410,318,92
2021,Canterbury 018C,E01024088,681,213,74,139,468,361,107
2021,Canterbury 018D,E01024089,479,161,68,93,318,233,85
2021,Canterbury 014C,E01024090,925,427,205,222,498,436,62
2021,Canterbury 011A,E01024091,570,182,51,131,388,324,64
2021,Canterbury 014D,E01024092,603,273,129,144,330,291,39
2021,Canterbury 014E,E01024093,745,268,112,156,477,389,88
2021,Canterbury 002A,E01024094,1172,414,141,273,758,633,125
2021,Canterbury 001E,E01024095,665,244,91,153,421,332,89
2021,Canterbury 002B,E01024096,667,220,82,138,447,375,72
2021,Canterbury 002C,E01024097,537,192,69,123,345,272,73
2021,Canterbury 002D,E01024098,606,214,75,139,392,322,70
2021,Canterbury 013A,E01024099,481,217,105,112,264,225,39
2021,Canterbury 013B,E01024100,544,280,160,120,264,210,54
2021,Canterbury 013C,E01024101,703,296,145,151,407,341,66
2021,Canterbury 013D,E01024102,676,270,139,131,406,344,62
2021,Canterbury 013E,E01024103,512,244,122,122,268,212,56
2021,Canterbury 020A,E01024104,972,308,157,151,664,561,103
2021,Canterbury 009B,E01024105,616,228,98,130,388,318,70
2021,Canterbury 008E,E01024106,661,227,80,147,434,370,64
2021,Canterbury 009C,E01024107,694,231,88,143,463,391,72
2021,Canterbury 009D,E01024108,406,165,77,88,241,189,52
2021,Canterbury 009E,E01024109,1003,303,119,184,700,562,138
2021,Canterbury 011B,E01024110,700,216,75,141,484,376,108
2021,Canterbury 011C,E01024111,676,234,83,151,442,365,77
2021,Canterbury 011D,E01024112,747,248,78,170,499,401,98
2021,Canterbury 011E,E01024113,659,205,79,126,454,363,91
2021,Canterbury 005D,E01024114,742,254,105,149,488,398,90
2021,Canterbury 005E,E01024115,568,211,75,136,357,316,41
2021,Canterbury 007E,E01024116,592,198,93,105,394,310,84
2021,Canterbury 004C,E01024117,610,225,80,145,385,324,61
2021,Canterbury 003E,E01024118,798,262,97,165,536,457,79
2021,Canterbury 004D,E01024119,656,237,69,168,419,361,58
2021,Canterbury 004E,E01024120,640,248,87,161,392,336,56
2021,Canterbury 020B,E01024121,685,267,126,141,418,348,70
2021,Canterbury 020C,E01024122,623,214,87,127,409,345,64
2021,Canterbury 012E,E01024123,661,217,93,124,444,346,98
2021,Canterbury 020D,E01024124,479,157,66,91,322,249,73
2021,Canterbury 020E,E01024126,650,217,69,148,433,372,61
2021,Canterbury 017D,E01024127,793,271,94,177,522,428,94
2021,Canterbury 019A,E01024128,752,238,81,157,514,441,73
2021,Canterbury 019B,E01024129,846,303,132,171,543,466,77
2021,Canterbury 016E,E01024131,891,340,173,167,551,432,119
2021,Dartford 012A,E01024132,626,186,61,125,440,376,64
2021,Dartford 008A,E01024133,698,179,64,115,519,431,88
2021,Dartford 012B,E01024134,770,218,54,164,552,469,83
2021,Dartford 012C,E01024135,677,196,64,132,481,420,61
2021,Dartford 008B,E01024136,801,203,67,136,598,509,89
2021,Dartford 008C,E01024137,954,270,103,167,684,581,103
2021,Dartford 008D,E01024138,893,239,73,166,654,567,87
2021,Dartford 008E,E01024139,861,221,87,134,640,558,82
2021,Dartford 002C,E01024143,1532,310,106,204,1222,994,228
2021,Dartford 007A,E01024144,753,203,78,125,550,478,72
2021,Dartford 007B,E01024145,829,231,75,156,598,496,102
2021,Dartford 007C,E01024146,687,202,80,122,485,410,75
2021,Dartford 007D,E01024147,910,256,77,179,654,559,95
2021,Dartford 010A,E01024150,658,213,84,129,445,352,93
2021,Dartford 010B,E01024151,572,186,60,126,386,317,69
2021,Dartford 010C,E01024152,1362,346,133,213,1016,838,178
2021,Dartford 010D,E01024153,671,199,70,129,472,391,81
2021,Dartford 001C,E01024154,575,170,57,113,405,363,42
2021,Dartford 001D,E01024155,1128,268,72,196,860,757,103
2021,Dartford 005A,E01024156,886,197,68,129,689,597,92
2021,Dartford 013A,E01024157,867,278,124,154,589,463,126
2021,Dartford 013B,E01024158,931,272,83,189,659,543,116
2021,Dartford 013C,E01024159,697,238,100,138,459,356,103
2021,Dartford 013D,E01024160,626,179,76,103,447,357,90
2021,Dartford 005B,E01024161,1132,305,108,197,827,724,103
2021,Dartford 005C,E01024162,1144,258,99,159,886,765,121
2021,Dartford 005D,E01024163,963,266,86,180,697,613,84
2021,Dartford 005E,E01024164,1033,275,105,170,758,654,104
2021,Dartford 009A,E01024165,725,225,82,143,500,444,56
2021,Dartford 009B,E01024166,816,249,93,156,567,484,83
2021,Dartford 009C,E01024167,974,273,76,197,701,585,116
2021,Dartford 009D,E01024168,590,171,62,109,419,354,65
2021,Dartford 006A,E01024169,1143,290,95,195,853,728,125
2021,Dartford 006B,E01024170,710,215,67,148,495,435,60
2021,Dartford 006C,E01024171,804,209,71,138,595,524,71
2021,Dartford 006D,E01024172,1285,270,101,169,1015,865,150
2021,Dartford 011A,E01024173,889,260,109,151,629,499,130
2021,Dartford 012D,E01024174,573,158,53,105,415,370,45
2021,Dartford 012E,E01024175,633,173,62,111,460,394,66
2021,Dartford 004B,E01024176,855,232,71,161,623,529,94
2021,Dartford 004C,E01024177,632,198,61,137,434,375,59
2021,Dartford 004D,E01024178,827,224,67,157,603,501,102
2021,Dartford 002D,E01024179,1481,397,145,252,1084,926,158
2021,Dartford 003A,E01024180,1396,306,91,215,1090,947,143
2021,Dartford 003B,E01024181,1193,271,96,175,922,805,117
2021,Dartford 003C,E01024182,974,260,89,171,714,612,102
2021,Dartford 003D,E01024183,693,217,71,146,476,377,99
2021,Dartford 003E,E01024184,1072,285,78,207,787,686,101
2021,Dartford 003F,E01024185,1158,309,106,203,849,718,131
2021,Dartford 007E,E01024186,728,221,81,140,507,446,61
2021,Dartford 011B,E01024187,569,162,54,108,407,335,72
2021,Dartford 011C,E01024188,695,191,79,112,504,410,94
2021,Dartford 011D,E01024189,691,204,69,135,487,419,68
2021,Dover 006A,E01024190,632,200,81,119,432,336,96
2021,Dover 006C,E01024192,824,230,58,172,594,493,101
2021,Dover 011A,E01024193,590,179,46,133,411,363,48
2021,Dover 011B,E01024194,757,239,90,149,518,443,75
2021,Dover 011C,E01024195,706,225,76,149,481,402,79
2021,Dover 011D,E01024196,569,190,60,130,379,330,49
2021,Dover 011E,E01024197,734,209,70,139,525,439,86
2021,Dover 014A,E01024198,1033,349,107,242,684,551,133
2021,Dover 008A,E01024200,808,257,93,164,551,448,103
2021,Dover 005A,E01024201,665,219,77,142,446,350,96
2021,Dover 002A,E01024202,765,248,100,148,517,434,83
2021,Dover 008B,E01024203,692,242,102,140,450,347,103
2021,Dover 006D,E01024204,708,209,65,144,499,408,91
2021,Dover 008C,E01024205,708,213,80,133,495,393,102
2021,Dover 001A,E01024206,925,263,90,173,662,492,170
2021,Dover 001B,E01024207,840,293,128,165,547,417,130
2021,Dover 001C,E01024208,757,259,89,170,498,397,101
2021,Dover 001D,E01024209,807,258,92,166,549,428,121
2021,Dover 014B,E01024212,738,208,66,142,530,452,78
2021,Dover 014C,E01024213,704,215,53,162,489,425,64
2021,Dover 013A,E01024214,738,226,65,161,512,437,75
2021,Dover 013B,E01024215,687,213,74,139,474,380,94
2021,Dover 013C,E01024216,749,229,62,167,520,441,79
2021,Dover 007A,E01024218,565,207,75,132,358,307,51
2021,Dover 003A,E01024219,497,167,60,107,330,272,58
2021,Dover 003B,E01024220,596,200,67,133,396,328,68
2021,Dover 003C,E01024221,667,246,93,153,421,364,57
2021,Dover 007B,E01024222,718,227,76,151,491,421,70
2021,Dover 005C,E01024223,691,247,86,161,444,348,96
2021,Dover 007C,E01024224,641,229,75,154,412,352,60
2021,Dover 005D,E01024225,784,243,70,173,541,449,92
2021,Dover 005E,E01024226,622,195,64,131,427,361,66
2021,Dover 003D,E01024227,621,208,80,128,413,348,65
2021,Dover 004A,E01024228,520,158,76,82,362,277,85
2021,Dover 003E,E01024229,620,195,63,132,425,360,65
2021,Dover 004B,E01024230,540,175,51,124,365,288,77
2021,Dover 004C,E01024231,526,187,73,114,339,281,58
2021,Dover 009A,E01024232,700,268,105,163,432,344,88
2021,Dover 010C,E01024233,751,226,78,148,525,440,85
2021,Dover 014D,E01024234,617,220,88,132,397,307,90
2021,Dover 010D,E01024235,669,195,63,132,474,391,83
2021,Dover 009B,E01024236,783,252,100,152,531,414,117
2021,Dover 009C,E01024237,607,221,96,125,386,300,86
2021,Dover 012B,E01024238,776,244,76,168,532,393,139
2021,Dover 012C,E01024239,778,238,73,165,540,471,69
2021,Dover 011F,E01024240,690,190,54,136,500,421,79
2021,Dover 011G,E01024241,1002,302,92,210,700,581,119
2021,Dover 002B,E01024242,759,257,109,148,502,399,103
2021,Dover 002C,E01024243,684,238,88,150,446,362,84
2021,Dover 002D,E01024244,732,243,124,119,489,385,104
2021,Dover 002E,E01024245,831,259,106,153,572,438,134
2021,Dover 013D,E01024246,984,298,97,201,686,570,116
2021,Dover 012D,E01024247,894,258,101,157,636,511,125
2021,Dover 011H,E01024248,866,286,86,200,580,521,59
2021,Dover 013E,E01024249,854,291,113,178,563,465,98
2021,Dover 007D,E01024250,624,233,65,168,391,327,64
2021,Dover 007E,E01024251,598,194,72,122,404,327,77
2021,Dover 004D,E01024252,1005,340,132,208,665,551,114
2021,Dover 009D,E01024253,618,204,90,114,414,324,90
2021,Dover 010E,E01024254,1141,322,106,216,819,693,126
2021,Dover 008D,E01024255,744,260,91,169,484,400,84
2021,Dover 010F,E01024256,848,259,80,179,589,510,79
2021,Gravesham 002A,E01024257,925,248,93,155,677,555,122
2021,Gravesham 003A,E01024258,846,222,70,152,624,512,112
2021,Gravesham 005A,E01024259,763,215,65,150,548,443,105
2021,Gravesham 005B,E01024260,898,261,101,160,637,537,100
2021,Gravesham 003B,E01024261,1042,307,110,197,735,620,115
2021,Gravesham 004A,E01024262,780,243,75,168,537,455,82
2021,Gravesham 004B,E01024263,654,192,65,127,462,382,80
2021,Gravesham 009A,E01024264,730,247,83,164,483,406,77
2021,Gravesham 010A,E01024265,609,189,66,123,420,313,107
2021,Gravesham 010B,E01024266,477,158,56,102,319,270,49
2021,Gravesham 010C,E01024267,704,198,70,128,506,413,93
2021,Gravesham 012A,E01024268,710,231,84,147,479,383,96
2021,Gravesham 012B,E01024269,848,235,83,152,613,503,110
2021,Gravesham 012C,E01024270,662,220,76,144,442,360,82
2021,Gravesham 012D,E01024271,656,206,73,133,450,350,100
2021,Gravesham 012E,E01024272,657,196,95,101,461,360,101
2021,Gravesham 013A,E01024273,837,258,103,155,579,436,143
2021,Gravesham 013B,E01024274,656,207,94,113,449,358,91
2021,Gravesham 013C,E01024275,749,221,86,135,528,450,78
2021,Gravesham 001A,E01024276,1357,343,117,226,1014,840,174
2021,Gravesham 001B,E01024277,834,230,72,158,604,509,95
2021,Gravesham 001C,E01024278,776,238,79,159,538,470,68
2021,Gravesham 001D,E01024279,777,223,63,160,554,474,80
2021,Gravesham 006B,E01024281,649,186,50,136,463,397,66
2021,Gravesham 004C,E01024282,809,247,80,167,562,467,95
2021,Gravesham 004D,E01024283,657,187,52,135,470,401,69
2021,Gravesham 004E,E01024284,769,214,69,145,555,451,104
2021,Gravesham 006C,E01024285,646,169,56,113,477,406,71
2021,Gravesham 009B,E01024286,695,197,61,136,498,414,84
2021,Gravesham 006D,E01024287,635,192,71,121,443,371,72
2021,Gravesham 006E,E01024288,596,169,58,111,427,345,82
2021,Gravesham 002C,E01024290,809,223,88,135,586,480,106
2021,Gravesham 002D,E01024291,812,236,87,149,576,457,119
2021,Gravesham 005C,E01024292,794,218,81,137,576,468,108
2021,Gravesham 003C,E01024293,864,262,81,181,602,491,111
2021,Gravesham 003D,E01024294,1296,353,109,244,943,809,134
2021,Gravesham 002E,E01024295,928,278,78,200,650,539,111
2021,Gravesham 003E,E01024296,1474,447,160,287,1027,869,158
2021,Gravesham 008A,E01024297,784,231,82,149,553,469,84
2021,Gravesham 008B,E01024298,657,203,71,132,454,369,85
2021,Gravesham 008C,E01024299,700,220,70,150,480,393,87
2021,Gravesham 010D,E01024300,657,192,66,126,465,374,91
2021,Gravesham 010E,E01024301,518,180,76,104,338,259,79
2021,Gravesham 013D,E01024302,661,203,82,121,458,349,109
2021,Gravesham 011A,E01024303,759,203,54,149,556,458,98
2021,Gravesham 011B,E01024304,832,237,75,162,595,509,86
2021,Gravesham 011C,E01024305,698,207,66,141,491,416,75
2021,Gravesham 011D,E01024306,751,251,95,156,500,426,74
2021,Gravesham 011E,E01024307,639,180,60,120,459,379,80
2021,Gravesham 007A,E01024308,565,189,68,121,376,302,74
2021,Gravesham 008D,E01024309,544,161,60,101,383,320,63
2021,Gravesham 007B,E01024310,646,191,61,130,455,379,76
2021,Gravesham 007C,E01024311,626,183,49,134,443,377,66
2021,Gravesham 008E,E01024312,610,181,57,124,429,344,85
2021,Gravesham 005D,E01024313,766,235,84,151,531,453,78
2021,Gravesham 007D,E01024314,640,182,69,113,458,359,99
2021,Gravesham 007E,E01024315,713,202,54,148,511,426,85
2021,Gravesham 009C,E01024316,1250,293,99,194,957,781,176
2021,Gravesham 005E,E01024317,833,246,78,168,587,492,95
2021,Gravesham 005F,E01024318,826,223,66,157,603,497,106
2021,Gravesham 009D,E01024319,742,198,56,142,544,432,112
2021,Maidstone 003A,E01024320,927,244,76,168,683,572,111
2021,Maidstone 003B,E01024321,743,211,84,127,532,448,84
2021,Maidstone 003C,E01024322,537,170,61,109,367,319,48
2021,Maidstone 003D,E01024323,853,239,92,147,614,510,104
2021,Maidstone 003E,E01024324,652,204,75,129,448,375,73
2021,Maidstone 014A,E01024325,1042,306,122,184,736,602,134
2021,Maidstone 007A,E01024326,802,261,107,154,541,427,114
2021,Maidstone 007B,E01024327,743,222,83,139,521,442,79
2021,Maidstone 007C,E01024328,718,238,88,150,480,375,105
2021,Maidstone 007D,E01024329,746,247,101,146,499,412,87
2021,Maidstone 005A,E01024330,759,225,79,146,534,434,100
2021,Maidstone 012A,E01024331,792,250,82,168,542,416,126
2021,Maidstone 015A,E01024332,663,171,65,106,492,336,156
2021,Maidstone 001A,E01024333,748,180,61,119,568,465,103
2021,Maidstone 001C,E01024335,894,263,100,163,631,483,148
2021,Maidstone 005B,E01024336,922,294,112,182,628,505,123
2021,Maidstone 005C,E01024337,705,209,66,143,496,402,94
2021,Maidstone 006A,E01024339,1234,266,111,155,968,832,136
2021,Maidstone 006B,E01024340,1411,339,124,215,1072,903,169
2021,Maidstone 003F,E01024341,813,226,104,122,587,474,113
2021,Maidstone 016A,E01024342,1113,279,107,172,834,686,148
2021,Maidstone 016B,E01024343,703,210,79,131,493,394,99
2021,Maidstone 016C,E01024344,809,225,71,154,584,489,95
2021,Maidstone 018A,E01024345,829,242,87,155,587,460,127
2021,Maidstone 014B,E01024346,629,191,71,120,438,344,94
2021,Maidstone 001E,E01024347,981,301,112,189,680,505,175
2021,Maidstone 005D,E01024348,688,205,75,130,483,392,91
2021,Maidstone 007E,E01024349,743,194,72,122,549,467,82
2021,Maidstone 015B,E01024350,1081,325,116,209,756,617,139
2021,Maidstone 005E,E01024351,719,223,93,130,496,412,84
2021,Maidstone 004A,E01024352,900,264,80,184,636,534,102
2021,Maidstone 002A,E01024353,984,307,115,192,677,555,122
2021,Maidstone 002B,E01024354,750,215,61,154,535,457,78
2021,Maidstone 002C,E01024355,1108,278,91,187,830,713,117
2021,Maidstone 006C,E01024356,986,254,87,167,732,612,120
2021,Maidstone 008A,E01024357,946,219,66,153,727,612,115
2021,Maidstone 008B,E01024358,865,272,98,174,593,505,88
2021,Maidstone 009A,E01024360,855,211,63,148,644,560,84
2021,Maidstone 011A,E01024361,777,214,85,129,563,445,118
2021,Maidstone 011B,E01024362,978,304,120,184,674,499,175
2021,Maidstone 017A,E01024364,777,232,92,140,545,403,142
2021,Maidstone 017B,E01024365,1142,356,137,219,786,632,154
2021,Maidstone 017C,E01024366,873,278,126,152,595,430,165
2021,Maidstone 008C,E01024367,840,224,79,145,616,512,104
2021,Maidstone 008E,E01024369,789,208,75,133,581,483,98
2021,Maidstone 010A,E01024371,880,267,84,183,613,513,100
2021,Maidstone 009B,E01024372,1286,296,93,203,990,840,150
2021,Maidstone 006E,E01024373,1198,312,104,208,886,737,149
2021,Maidstone 009C,E01024374,786,271,85,186,515,429,86
2021,Maidstone 015C,E01024375,1178,344,150,194,834,604,230
2021,Maidstone 016D,E01024376,1209,372,154,218,837,665,172
2021,Maidstone 014C,E01024377,800,248,94,154,552,432,120
2021,Maidstone 014D,E01024378,742,235,90,145,507,403,104
2021,Maidstone 018B,E01024379,911,286,128,158,625,458,167
2021,Maidstone 018C,E01024380,1188,347,135,212,841,661,180
2021,Maidstone 018D,E01024381,971,223,95,128,748,597,151
2021,Maidstone 004C,E01024382,998,239,94,145,759,624,135
2021,Maidstone 004D,E01024383,1722,346,128,218,1376,1147,229
2021,Maidstone 004E,E01024384,937,230,86,144,707,603,104
2021,Maidstone 002D,E01024385,811,264,90,174,547,430,117
2021,Maidstone 002E,E01024386,947,286,106,180,661,531,130
2021,Maidstone 011D,E01024387,1335,404,170,234,931,685,246
2021,Maidstone 013B,E01024390,829,229,53,176,600,511,89
2021,Maidstone 013C,E01024391,636,193,61,132,443,359,84
2021,Maidstone 010B,E01024392,754,234,75,159,520,446,74
2021,Maidstone 010C,E01024393,685,198,65,133,487,407,80
2021,Maidstone 012B,E01024394,698,214,83,131,484,410,74
2021,Maidstone 010D,E01024395,684,206,65,141,478,393,85
2021,Maidstone 010E,E01024396,766,252,79,173,514,428,86
2021,Maidstone 013D,E01024397,551,165,47,118,386,327,59
2021,Maidstone 013E,E01024398,755,221,57,164,534,447,87
2021,Maidstone 013F,E01024399,588,139,51,88,449,381,68
2021,Maidstone 013G,E01024400,587,173,45,128,414,359,55
2021,Maidstone 009D,E01024401,1030,279,74,205,751,640,111
2021,Maidstone 012C,E01024402,682,196,67,129,486,382,104
2021,Maidstone 009E,E01024403,1218,305,124,181,913,750,163
2021,Maidstone 012D,E01024404,814,239,87,152,575,484,91
2021,Maidstone 012E,E01024405,1276,361,121,240,915,747,168
2021,Maidstone 019A,E01024406,907,252,95,157,655,528,127
2021,Maidstone 019B,E01024407,923,254,100,154,669,529,140
2021,Maidstone 019C,E01024408,819,257,110,147,562,456,106
2021,Maidstone 019D,E01024409,704,237,81,156,467,392,75
2021,Maidstone 015E,E01024410,775,228,97,131,547,423,124
2021,Maidstone 017D,E01024411,721,200,83,117,521,378,143
2021,Sevenoaks 016A,E01024413,759,225,83,142,534,439,95
2021,Sevenoaks 016B,E01024414,851,265,98,167,586,471,115
2021,Sevenoaks 016C,E01024415,596,206,79,127,390,328,62
2021,Sevenoaks 011A,E01024416,802,276,122,154,526,372,154
2021,Sevenoaks 013A,E01024417,770,236,98,138,534,402,132
2021,Sevenoaks 011B,E01024418,602,180,77,103,422,322,100
2021,Sevenoaks 013B,E01024419,880,295,129,166,585,396,189
2021,Sevenoaks 015A,E01024420,1058,318,137,181,740,542,198
2021,Sevenoaks 003A,E01024421,957,330,132,198,627,491,136
2021,Sevenoaks 008B,E01024423,938,230,70,160,708,569,139
2021,Sevenoaks 011C,E01024424,617,166,74,92,451,295,156
2021,Sevenoaks 014A,E01024425,1041,284,102,182,757,626,131
2021,Sevenoaks 014B,E01024426,1006,280,102,178,726,589,137
2021,Sevenoaks 014C,E01024427,685,195,82,113,490,434,56
2021,Sevenoaks 014D,E01024428,627,191,75,116,436,353,83
2021,Sevenoaks 014E,E01024429,741,242,92,150,499,432,67
2021,Sevenoaks 014F,E01024430,658,193,82,111,465,371,94
2021,Sevenoaks 005A,E01024431,864,275,108,167,589,452,137
2021,Sevenoaks 005B,E01024432,693,199,79,120,494,409,85
2021,Sevenoaks 005C,E01024433,766,241,94,147,525,424,101
2021,Sevenoaks 005D,E01024434,961,266,112,154,695,585,110
2021,Sevenoaks 007A,E01024435,756,235,104,131,521,395,126
2021,Sevenoaks 007B,E01024436,608,196,72,124,412,332,80
2021,Sevenoaks 007C,E01024437,679,227,87,140,452,356,96
2021,Sevenoaks 007D,E01024438,665,208,90,118,457,378,79
2021,Sevenoaks 008C,E01024439,788,257,100,157,531,421,110
2021,Sevenoaks 008D,E01024440,910,300,137,163,610,468,142
2021,Sevenoaks 004A,E01024441,678,241,95,146,437,333,104
2021,Sevenoaks 004B,E01024442,676,204,94,110,472,355,117
2021,Sevenoaks 004C,E01024443,570,189,74,115,381,291,90
2021,Sevenoaks 004D,E01024444,577,187,69,118,390,323,67
2021,Sevenoaks 001A,E01024445,618,189,62,127,429,368,61
2021,Sevenoaks 001B,E01024446,734,229,80,149,505,412,93
2021,Sevenoaks 001C,E01024447,582,176,71,105,406,343,63
2021,Sevenoaks 009A,E01024448,643,201,61,140,442,366,76
2021,Sevenoaks 009B,E01024449,604,173,68,105,431,318,113
2021,Sevenoaks 009C,E01024450,746,265,128,137,481,375,106
2021,Sevenoaks 015B,E01024451,1172,370,142,228,802,610,192
2021,Sevenoaks 008E,E01024452,701,225,82,143,476,352,124
2021,Sevenoaks 009D,E01024453,724,211,96,115,513,346,167
2021,Sevenoaks 009E,E01024454,735,249,96,153,486,403,83
2021,Sevenoaks 015C,E01024455,601,197,88,109,404,271,133
2021,Sevenoaks 015D,E01024456,551,188,78,110,363,273,90
2021,Sevenoaks 010A,E01024457,556,181,63,118,375,302,73
2021,Sevenoaks 012A,E01024458,637,164,83,81,473,272,201
2021,Sevenoaks 012B,E01024459,703,226,81,145,477,342,135
2021,Sevenoaks 010B,E01024460,813,263,96,167,550,474,76
2021,Sevenoaks 010C,E01024461,1204,327,139,188,877,651,226
2021,Sevenoaks 012C,E01024462,661,198,80,118,463,295,168
2021,Sevenoaks 011D,E01024463,719,182,94,88,537,354,183
2021,Sevenoaks 011E,E01024464,646,189,96,93,457,287,170
2021,Sevenoaks 010D,E01024465,763,223,79,144,540,453,87
2021,Sevenoaks 010E,E01024466,637,196,77,119,441,358,83
2021,Sevenoaks 011F,E01024467,859,236,96,140,623,491,132
2021,Sevenoaks 010F,E01024468,747,183,68,115,564,418,146
2021,Sevenoaks 012D,E01024469,1017,208,86,122,809,588,221
2021,Sevenoaks 012E,E01024470,716,189,90,99,527,367,160
2021,Sevenoaks 012F,E01024471,743,184,85,99,559,393,166
2021,Sevenoaks 001D,E01024472,702,202,82,120,500,406,94
2021,Sevenoaks 003B,E01024473,793,227,73,154,566,489,77
2021,Sevenoaks 003C,E01024474,876,207,66,141,669,597,72
2021,Sevenoaks 003D,E01024475,805,204,65,139,601,511,90
2021,Sevenoaks 002A,E01024476,737,220,69,151,517,456,61
2021,Sevenoaks 002B,E01024477,666,209,76,133,457,381,76
2021,Sevenoaks 002C,E01024478,705,213,74,139,492,404,88
2021,Sevenoaks 001E,E01024479,747,177,53,124,570,478,92
2021,Sevenoaks 002D,E01024480,749,223,79,144,526,453,73
2021,Sevenoaks 002E,E01024481,693,220,84,136,473,417,56
2021,Sevenoaks 002F,E01024482,719,219,63,156,500,435,65
2021,Sevenoaks 013C,E01024483,802,265,103,162,537,407,130
2021,Sevenoaks 013D,E01024484,600,186,79,107,414,291,123
2021,Sevenoaks 013E,E01024485,814,260,112,148,554,433,121
2021,Folkestone and Hythe 011A,E01024486,702,245,86,159,457,385,72
2021,Folkestone and Hythe 011B,E01024487,516,168,54,114,348,280,68
2021,Folkestone and Hythe 011C,E01024488,368,118,32,86,250,210,40
2021,Folkestone and Hythe 009A,E01024489,552,181,69,112,371,300,71
2021,Folkestone and Hythe 001A,E01024490,899,327,130,197,572,428,144
2021,Folkestone and Hythe 005A,E01024491,788,227,76,151,561,478,83
2021,Folkestone and Hythe 002A,E01024492,765,228,70,158,537,453,84
2021,Folkestone and Hythe 005B,E01024493,656,192,64,128,464,407,57
2021,Folkestone and Hythe 005C,E01024494,917,293,94,199,624,532,92
2021,Folkestone and Hythe 005D,E01024495,1113,336,109,227,777,649,128
2021,Folkestone and Hythe 003A,E01024496,629,204,62,142,425,360,65
2021,Folkestone and Hythe 003B,E01024497,695,240,87,153,455,383,72
2021,Folkestone and Hythe 003C,E01024498,580,211,59,152,369,322,47
2021,Folkestone and Hythe 004A,E01024499,744,246,71,175,498,425,73
2021,Folkestone and Hythe 004B,E01024500,532,170,54,116,362,312,50
2021,Folkestone and Hythe 004C,E01024501,695,211,74,137,484,431,53
2021,Folkestone and Hythe 004D,E01024502,619,217,74,143,402,351,51
2021,Folkestone and Hythe 003D,E01024503,711,246,82,164,465,398,67
2021,Folkestone and Hythe 014A,E01024504,727,267,71,196,460,395,65
2021,Folkestone and Hythe 004E,E01024505,788,258,72,186,530,453,77
2021,Folkestone and Hythe 014B,E01024507,791,264,78,186,527,458,69
2021,Folkestone and Hythe 015A,E01024508,992,271,102,169,721,618,103
2021,Folkestone and Hythe 015B,E01024509,644,158,61,97,486,402,84
2021,Folkestone and Hythe 015C,E01024510,745,188,77,111,557,458,99
2021,Folkestone and Hythe 006A,E01024511,794,234,89,145,560,465,95
2021,Folkestone and Hythe 006B,E01024512,856,299,100,199,557,487,70
2021,Folkestone and Hythe 006C,E01024513,802,247,101,146,555,457,98
2021,Folkestone and Hythe 006D,E01024514,613,197,71,126,416,347,69
2021,Folkestone and Hythe 006E,E01024515,800,247,78,169,553,464,89
2021,Folkestone and Hythe 006F,E01024516,619,203,70,133,416,349,67
2021,Folkestone and Hythe 015D,E01024517,801,212,80,132,589,518,71
2021,Folkestone and Hythe 003E,E01024518,780,239,74,165,541,457,84
2021,Folkestone and Hythe 006G,E01024519,804,224,94,130,580,441,139
2021,Folkestone and Hythe 005E,E01024520,694,228,75,153,466,407,59
2021,Folkestone and Hythe 006H,E01024521,734,254,112,142,480,384,96
2021,Folkestone and Hythe 010A,E01024522,580,186,84,102,394,333,61
2021,Folkestone and Hythe 008A,E01024523,604,210,96,114,394,299,95
2021,Folkestone and Hythe 010B,E01024524,510,185,58,127,325,274,51
2021,Folkestone and Hythe 010C,E01024525,540,200,82,118,340,279,61
2021,Folkestone and Hythe 008B,E01024526,613,225,89,136,388,315,73
2021,Folkestone and Hythe 008C,E01024527,571,211,97,114,360,295,65
2021,Folkestone and Hythe 005F,E01024528,564,189,63,126,375,305,70
2021,Folkestone and Hythe 010D,E01024529,498,168,59,109,330,270,60
2021,Folkestone and Hythe 009B,E01024530,921,265,101,164,656,544,112
2021,Folkestone and Hythe 010E,E01024531,602,196,69,127,406,341,65
2021,Folkestone and Hythe 013A,E01024532,540,175,67,108,365,298,67
2021,Folkestone and Hythe 013B,E01024533,432,120,39,81,312,255,57
2021,Folkestone and Hythe 013C,E01024534,595,180,64,116,415,352,63
2021,Folkestone and Hythe 013D,E01024535,1005,324,125,199,681,551,130
2021,Folkestone and Hythe 009C,E01024536,888,276,95,181,612,488,124
2021,Folkestone and Hythe 012A,E01024537,648,219,84,135,429,360,69
2021,Folkestone and Hythe 012B,E01024538,584,208,84,124,376,297,79
2021,Folkestone and Hythe 012C,E01024539,820,260,82,178,560,470,90
2021,Folkestone and Hythe 012D,E01024540,739,222,71,151,517,438,79
2021,Folkestone and Hythe 002B,E01024541,1116,325,111,214,791,654,137
2021,Folkestone and Hythe 002C,E01024542,905,260,95,165,645,528,117
2021,Folkestone and Hythe 001B,E01024544,604,200,81,119,404,310,94
2021,Folkestone and Hythe 001C,E01024545,666,227,108,119,439,328,111
2021,Folkestone and Hythe 009D,E01024546,803,240,78,162,563,454,109
2021,Folkestone and Hythe 001D,E01024547,511,183,70,113,328,277,51
2021,Folkestone and Hythe 011D,E01024548,606,198,79,119,408,305,103
2021,Folkestone and Hythe 011E,E01024549,607,191,67,124,416,307,109
2021,Folkestone and Hythe 008D,E01024550,870,272,115,157,598,483,115
2021,Swale 015A,E01024551,1135,347,108,239,788,670,118
2021,Swale 015B,E01024552,1118,323,97,226,795,666,129
2021,Swale 015C,E01024553,911,284,110,174,627,501,126
2021,Swale 009A,E01024554,1231,351,143,208,880,673,207
2021,Swale 017A,E01024555,636,219,88,131,417,312,105
2021,Swale 017B,E01024556,572,191,90,101,381,296,85
2021,Swale 017C,E01024557,706,214,68,146,492,400,92
2021,Swale 017D,E01024558,832,251,87,164,581,449,132
2021,Swale 010A,E01024559,653,164,56,108,489,417,72
2021,Swale 012A,E01024560,653,214,77,137,439,371,68
2021,Swale 009B,E01024561,1006,209,55,154,797,686,111
2021,Swale 012B,E01024562,878,210,63,147,668,562,106
2021,Swale 015D,E01024563,605,201,74,127,404,327,77
2021,Swale 014A,E01024564,561,170,56,114,391,328,63
2021,Swale 016A,E01024565,575,172,59,113,403,304,99
2021,Swale 016B,E01024566,725,227,94,133,498,379,119
2021,Swale 012C,E01024569,831,217,67,150,614,516,98
2021,Swale 008A,E01024570,802,238,85,153,564,426,138
2021,Swale 008B,E01024571,1002,275,88,187,727,592,135
2021,Swale 008C,E01024572,714,180,56,124,534,411,123
2021,Swale 008D,E01024573,633,202,70,132,431,342,89
2021,Swale 008E,E01024575,594,172,58,114,422,356,66
2021,Swale 007B,E01024576,929,203,71,132,726,599,127
2021,Swale 007C,E01024577,643,169,51,118,474,398,76
2021,Swale 007D,E01024578,880,231,80,151,649,528,121
2021,Swale 006A,E01024580,672,209,75,134,463,354,109
2021,Swale 006B,E01024581,555,168,59,109,387,306,81
2021,Swale 009E,E01024582,741,206,72,134,535,438,97
2021,Swale 007F,E01024583,862,235,80,155,627,534,93
2021,Swale 010B,E01024584,714,206,70,136,508,424,84
2021,Swale 003A,E01024585,575,154,57,97,421,351,70
2021,Swale 006C,E01024586,741,205,63,142,536,433,103
2021,Swale 003B,E01024587,883,228,55,173,655,544,111
2021,Swale 003C,E01024588,710,213,70,143,497,388,109
2021,Swale 003D,E01024589,743,208,67,141,535,434,101
2021,Swale 010C,E01024590,634,158,63,95,476,398,78
2021,Swale 011A,E01024591,1320,340,103,237,980,830,150
2021,Swale 011B,E01024592,654,150,49,101,504,421,83
2021,Swale 011C,E01024593,671,177,67,110,494,412,82
2021,Swale 005A,E01024594,632,187,61,126,445,368,77
2021,Swale 004A,E01024595,724,233,58,175,491,410,81
2021,Swale 005B,E01024596,724,190,66,124,534,434,100
2021,Swale 005C,E01024597,769,214,60,154,555,479,76
2021,Swale 004B,E01024598,877,225,67,158,652,522,130
2021,Swale 010D,E01024599,1003,298,97,201,705,597,108
2021,Swale 011D,E01024600,632,183,63,120,449,386,63
2021,Swale 011E,E01024601,763,206,81,125,557,477,80
2021,Swale 015E,E01024602,680,241,81,160,439,351,88
2021,Swale 014B,E01024603,623,209,81,128,414,356,58
2021,Swale 014C,E01024604,540,192,78,114,348,305,43
2021,Swale 014D,E01024605,597,200,69,131,397,336,61
2021,Swale 013A,E01024606,675,190,71,119,485,409,76
2021,Swale 010E,E01024608,961,240,82,158,721,601,120
2021,Swale 001A,E01024609,523,162,57,105,361,305,56
2021,Swale 001B,E01024610,674,195,64,131,479,399,80
2021,Swale 001C,E01024611,701,209,79,130,492,437,55
2021,Swale 001D,E01024612,691,196,74,122,495,411,84
2021,Swale 002A,E01024613,643,180,70,110,463,401,62
2021,Swale 002B,E01024614,525,147,37,110,378,313,65
2021,Swale 002C,E01024615,490,154,56,98,336,273,63
2021,Swale 002D,E01024616,680,201,63,138,479,383,96
2021,Swale 004D,E01024619,657,201,60,141,456,374,82
2021,Swale 005D,E01024620,728,195,74,121,533,418,115
2021,Swale 004E,E01024621,560,165,52,113,395,342,53
2021,Swale 016C,E01024622,844,235,93,142,609,476,133
2021,Swale 016D,E01024623,949,274,83,191,675,556,119
2021,Swale 016E,E01024624,1506,363,122,241,1143,925,218
2021,Swale 015F,E01024625,850,255,73,182,595,493,102
2021,Swale 014E,E01024626,974,284,93,191,690,561,129
2021,Swale 014F,E01024627,798,219,68,151,579,465,114
2021,Swale 013C,E01024628,773,249,95,154,524,393,131
2021,Swale 013D,E01024629,581,174,74,100,407,319,88
2021,Swale 012D,E01024630,650,198,77,121,452,385,67
2021,Swale 013E,E01024631,706,240,84,156,466,357,109
2021,Swale 012E,E01024632,664,218,77,141,446,365,81
2021,Thanet 006A,E01024633,681,253,76,177,428,366,62
2021,Thanet 006B,E01024634,614,204,55,149,410,349,61
2021,Thanet 009A,E01024635,717,249,94,155,468,383,85
2021,Thanet 008A,E01024636,765,291,118,173,474,397,77
2021,Thanet 008B,E01024637,597,220,84,136,377,299,78
2021,Thanet 008C,E01024638,581,197,65,132,384,320,64
2021,Thanet 008D,E01024639,643,227,83,144,416,364,52
2021,Thanet 008E,E01024640,576,198,58,140,378,311,67
2021,Thanet 007A,E01024641,563,211,58,153,352,304,48
2021,Thanet 009B,E01024642,494,183,85,98,311,255,56
2021,Thanet 010A,E01024643,494,163,59,104,331,263,68
2021,Thanet 009C,E01024644,544,184,78,106,360,299,61
2021,Thanet 015A,E01024645,761,240,69,171,521,445,76
2021,Thanet 016A,E01024646,872,303,103,200,569,476,93
2021,Thanet 015B,E01024647,780,258,91,167,522,429,93
2021,Thanet 016B,E01024648,647,202,72,130,445,363,82
2021,Thanet 016C,E01024649,840,255,85,170,585,481,104
2021,Thanet 017A,E01024650,688,227,80,147,461,378,83
2021,Thanet 017B,E01024651,569,187,60,127,382,320,62
2021,Thanet 017C,E01024652,854,267,103,164,587,475,112
2021,Thanet 002A,E01024653,675,235,82,153,440,378,62
2021,Thanet 002B,E01024654,615,216,82,134,399,319,80
2021,Thanet 002C,E01024655,613,213,82,131,400,322,78
2021,Thanet 002D,E01024656,695,233,85,148,462,378,84
2021,Thanet 001A,E01024657,973,340,128,212,633,539,94
2021,Thanet 001B,E01024658,851,321,124,197,530,449,81
2021,Thanet 001C,E01024659,669,267,97,170,402,333,69
2021,Thanet 001D,E01024660,653,256,95,161,397,336,61
2021,Thanet 004A,E01024661,664,261,84,177,403,335,68
2021,Thanet 006C,E01024662,558,195,68,127,363,307,56
2021,Thanet 006D,E01024663,539,222,61,161,317,275,42
2021,Thanet 004B,E01024664,672,235,64,171,437,373,64
2021,Thanet 004C,E01024665,745,253,75,178,492,423,69
2021,Thanet 006E,E01024666,582,201,68,133,381,323,58
2021,Thanet 016D,E01024667,666,239,82,157,427,344,83
2021,Thanet 015C,E01024668,638,190,60,130,448,378,70
2021,Thanet 012A,E01024669,837,269,79,190,568,484,84
2021,Thanet 015D,E01024670,755,235,71,164,520,438,82
2021,Thanet 016E,E01024671,669,237,86,151,432,367,65
2021,Thanet 005A,E01024672,621,217,81,136,404,347,57
2021,Thanet 005B,E01024673,846,283,99,184,563,479,84
2021,Thanet 005C,E01024674,794,226,74,152,568,461,107
2021,Thanet 002E,E01024675,898,326,128,198,572,454,118
2021,Thanet 003A,E01024676,901,324,121,203,577,494,83
2021,Thanet 003B,E01024677,812,270,72,198,542,462,80
2021,Thanet 017D,E01024679,446,143,41,102,303,259,44
2021,Thanet 017E,E01024680,801,251,93,158,550,450,100
2021,Thanet 015E,E01024681,939,272,106,166,667,568,99
2021,Thanet 013A,E01024682,848,289,74,215,559,465,94
2021,Thanet 013B,E01024683,570,196,53,143,374,322,52
2021,Thanet 013C,E01024684,732,249,69,180,483,432,51
2021,Thanet 013D,E01024685,779,287,80,207,492,432,60
2021,Thanet 011A,E01024686,676,224,81,143,452,393,59
2021,Thanet 013E,E01024687,574,192,69,123,382,333,49
2021,Thanet 011B,E01024688,716,251,90,161,465,394,71
2021,Thanet 011C,E01024689,489,169,54,115,320,282,38
2021,Thanet 011D,E01024690,527,196,71,125,331,247,84
2021,Thanet 011E,E01024691,574,184,55,129,390,326,64
2021,Thanet 009D,E01024692,719,252,93,159,467,405,62
2021,Thanet 009E,E01024693,625,236,98,138,389,317,72
2021,Thanet 004D,E01024694,721,193,53,140,528,447,81
2021,Thanet 003C,E01024695,649,208,56,152,441,377,64
2021,Thanet 004E,E01024696,673,209,65,144,464,398,66
2021,Thanet 003D,E01024697,528,175,46,129,353,301,52
2021,Thanet 012B,E01024698,677,211,69,142,466,404,62
2021,Thanet 012C,E01024699,750,261,76,185,489,410,79
2021,Thanet 012D,E01024700,869,291,95,196,578,499,79
2021,Thanet 014B,E01024702,546,177,60,117,369,316,53
2021,Thanet 014C,E01024703,871,296,101,195,575,445,130
2021,Thanet 014D,E01024704,820,278,91,187,542,465,77
2021,Thanet 010B,E01024705,445,171,73,98,274,221,53
2021,Thanet 010C,E01024706,631,234,82,152,397,315,82
2021,Thanet 010D,E01024707,611,226,73,153,385,313,72
2021,Thanet 010E,E01024708,771,274,109,165,497,416,81
2021,Thanet 012E,E01024709,528,217,90,127,311,242,69
2021,Thanet 003E,E01024710,765,228,65,163,537,447,90
2021,Thanet 005D,E01024711,613,220,77,143,393,316,77
2021,Thanet 005E,E01024712,728,261,102,159,467,379,88
2021,Thanet 007B,E01024713,796,274,94,180,522,427,95
2021,Thanet 007C,E01024714,624,201,77,124,423,353,70
2021,Thanet 007D,E01024715,813,266,93,173,547,458,89
2021,Thanet 007E,E01024716,1017,323,114,209,694,593,101
2021,Tonbridge and Malling 005A,E01024717,885,250,87,163,635,521,114
2021,Tonbridge and Malling 005B,E01024718,623,189,63,126,434,347,87
2021,Tonbridge and Malling 001A,E01024719,1305,327,106,221,978,793,185
2021,Tonbridge and Malling 001B,E01024720,645,179,70,109,466,365,101
2021,Tonbridge and Malling 001C,E01024721,659,169,52,117,490,387,103
2021,Tonbridge and Malling 001D,E01024722,706,191,63,128,515,432,83
2021,Tonbridge and Malling 006A,E01024723,758,228,119,109,530,358,172
2021,Tonbridge and Malling 006B,E01024724,1009,305,139,166,704,559,145
2021,Tonbridge and Malling 006C,E01024725,1037,301,119,182,736,594,142
2021,Tonbridge and Malling 006D,E01024726,875,265,99,166,610,512,98
2021,Tonbridge and Malling 001F,E01024728,854,251,87,164,603,499,104
2021,Tonbridge and Malling 011A,E01024729,718,265,91,174,453,342,111
2021,Tonbridge and Malling 009A,E01024730,590,183,64,119,407,335,72
2021,Tonbridge and Malling 009B,E01024731,484,166,62,104,318,263,55
2021,Tonbridge and Malling 012A,E01024732,976,248,76,172,728,587,141
2021,Tonbridge and Malling 012B,E01024733,873,255,105,150,618,472,146
2021,Tonbridge and Malling 010A,E01024734,769,256,99,157,513,421,92
2021,Tonbridge and Malling 005C,E01024735,719,189,61,128,530,451,79
2021,Tonbridge and Malling 005D,E01024736,832,263,82,181,569,470,99
2021,Tonbridge and Malling 005E,E01024737,1260,374,131,243,886,721,165
2021,Tonbridge and Malling 014A,E01024740,986,300,117,183,686,537,149
2021,Tonbridge and Malling 003A,E01024741,586,205,66,139,381,317,64
2021,Tonbridge and Malling 014B,E01024742,850,258,83,175,592,485,107
2021,Tonbridge and Malling 008A,E01024743,828,264,99,165,564,464,100
2021,Tonbridge and Malling 008B,E01024744,960,292,126,166,668,517,151
2021,Tonbridge and Malling 008C,E01024745,839,262,115,147,577,427,150
2021,Tonbridge and Malling 007A,E01024746,552,176,78,98,376,284,92
2021,Tonbridge and Malling 008D,E01024747,629,190,68,122,439,359,80
2021,Tonbridge and Malling 011B,E01024748,639,209,102,107,430,323,107
2021,Tonbridge and Malling 011C,E01024749,749,242,85,157,507,440,67
2021,Tonbridge and Malling 011D,E01024750,659,233,100,133,426,353,73
2021,Tonbridge and Malling 011E,E01024751,633,205,83,122,428,350,78
2021,Tonbridge and Malling 010B,E01024752,768,248,84,164,520,407,113
2021,Tonbridge and Malling 010C,E01024753,699,234,101,133,465,370,95
2021,Tonbridge and Malling 010D,E01024754,812,269,117,152,543,399,144
2021,Tonbridge and Malling 006E,E01024755,850,251,100,151,599,398,201
2021,Tonbridge and Malling 012C,E01024756,795,196,71,125,599,506,93
2021,Tonbridge and Malling 013A,E01024757,898,204,78,126,694,578,116
2021,Tonbridge and Malling 013B,E01024758,865,244,77,167,621,526,95
2021,Tonbridge and Malling 007C,E01024760,672,205,75,130,467,382,85
2021,Tonbridge and Malling 003B,E01024761,1069,324,113,211,745,600,145
2021,Tonbridge and Malling 003C,E01024762,1238,331,102,229,907,763,144
2021,Tonbridge and Malling 003D,E01024763,665,192,63,129,473,397,76
2021,Tonbridge and Malling 003E,E01024764,597,181,67,114,416,353,63
2021,Tonbridge and Malling 003F,E01024765,672,208,78,130,464,393,71
2021,Tonbridge and Malling 012E,E01024767,944,272,96,176,672,552,120
2021,Tonbridge and Malling 012F,E01024768,933,240,74,166,693,535,158
2021,Tonbridge and Malling 002C,E01024771,991,264,93,171,727,610,117
2021,Tonbridge and Malling 002D,E01024772,849,233,89,144,616,512,104
2021,Tonbridge and Malling 002E,E01024773,811,215,73,142,596,515,81
2021,Tonbridge and Malling 009C,E01024775,644,235,65,170,409,362,47
2021,Tonbridge and Malling 009D,E01024776,598,204,80,124,394,341,53
2021,Tonbridge and Malling 009E,E01024777,477,165,48,117,312,271,41
2021,Tonbridge and Malling 013C,E01024778,1075,278,104,174,797,671,126
2021,Tonbridge and Malling 013D,E01024779,976,273,99,174,703,587,116
2021,Tonbridge and Malling 013E,E01024780,854,276,102,174,578,480,98
2021,Tonbridge and Malling 007D,E01024781,950,289,131,158,661,531,130
2021,Tonbridge and Malling 003G,E01024782,699,201,82,119,498,414,84
2021,Tonbridge and Malling 014C,E01024783,701,207,90,117,494,367,127
2021,Tonbridge and Malling 003H,E01024785,801,231,85,146,570,469,101
2021,Tonbridge and Malling 006F,E01024786,916,284,123,161,632,494,138
2021,Tunbridge Wells 013A,E01024787,559,206,81,125,353,253,100
2021,Tunbridge Wells 013B,E01024788,659,225,76,149,434,356,78
2021,Tunbridge Wells 014A,E01024789,862,282,124,158,580,373,207
2021,Tunbridge Wells 013C,E01024790,420,132,57,75,288,231,57
2021,Tunbridge Wells 013D,E01024791,593,206,88,118,387,278,109
2021,Tunbridge Wells 011A,E01024792,854,275,120,155,579,414,165
2021,Tunbridge Wells 004A,E01024793,834,267,117,150,567,408,159
2021,Tunbridge Wells 011B,E01024794,810,253,99,154,557,423,134
2021,Tunbridge Wells 010A,E01024795,697,221,71,150,476,400,76
2021,Tunbridge Wells 010B,E01024796,710,206,67,139,504,409,95
2021,Tunbridge Wells 012A,E01024797,752,213,86,127,539,432,107
2021,Tunbridge Wells 001A,E01024798,1200,403,141,262,797,614,183
2021,Tunbridge Wells 007A,E01024799,1009,267,122,145,742,579,163
2021,Tunbridge Wells 007B,E01024800,724,219,89,130,505,370,135
2021,Tunbridge Wells 008B,E01024802,1124,260,111,149,864,704,160
2021,Tunbridge Wells 013E,E01024803,1036,335,145,190,701,510,191
2021,Tunbridge Wells 011C,E01024804,706,244,120,124,462,339,123
2021,Tunbridge Wells 011D,E01024805,782,228,98,130,554,417,137
2021,Tunbridge Wells 011E,E01024806,774,261,107,154,513,369,144
2021,Tunbridge Wells 014B,E01024807,661,227,80,147,434,329,105
2021,Tunbridge Wells 014C,E01024808,854,264,98,166,590,480,110
2021,Tunbridge Wells 014D,E01024809,658,226,95,131,432,325,107
2021,Tunbridge Wells 014E,E01024810,792,247,92,155,545,405,140
2021,Tunbridge Wells 001B,E01024811,538,166,57,109,372,309,63
2021,Tunbridge Wells 001C,E01024812,715,214,84,130,501,397,104
2021,Tunbridge Wells 001D,E01024813,839,229,76,153,610,524,86
2021,Tunbridge Wells 001E,E01024814,616,175,65,110,441,365,76
2021,Tunbridge Wells 001F,E01024815,566,171,58,113,395,335,60
2021,Tunbridge Wells 001G,E01024816,718,223,80,143,495,405,90
2021,Tunbridge Wells 012B,E01024817,768,218,115,103,550,419,131
2021,Tunbridge Wells 012C,E01024818,822,236,94,142,586,457,129
2021,Tunbridge Wells 012D,E01024819,865,209,93,116,656,495,161
2021,Tunbridge Wells 012E,E01024820,832,253,106,147,579,416,163
2021,Tunbridge Wells 009A,E01024821,940,263,101,162,677,528,149
2021,Tunbridge Wells 009B,E01024822,981,277,105,172,704,576,128
2021,Tunbridge Wells 008C,E01024823,1071,229,106,123,842,676,166
2021,Tunbridge Wells 009C,E01024824,822,226,88,138,596,478,118
2021,Tunbridge Wells 004B,E01024825,572,170,70,100,402,302,100
2021,Tunbridge Wells 004C,E01024826,634,215,81,134,419,345,74
2021,Tunbridge Wells 004D,E01024827,712,215,77,138,497,420,77
2021,Tunbridge Wells 004E,E01024828,775,220,77,143,555,461,94
2021,Tunbridge Wells 006A,E01024829,828,282,113,169,546,448,98
2021,Tunbridge Wells 010C,E01024830,824,259,81,178,565,468,97
2021,Tunbridge Wells 010D,E01024831,668,241,87,154,427,346,81
2021,Tunbridge Wells 009D,E01024832,897,227,86,141,670,557,113
2021,Tunbridge Wells 008D,E01024833,1376,329,99,230,1047,878,169
2021,Tunbridge Wells 009E,E01024834,1275,353,116,237,922,760,162
2021,Tunbridge Wells 007C,E01024835,1120,309,102,207,811,635,176
2021,Tunbridge Wells 003A,E01024836,891,268,89,179,623,532,91
2021,Tunbridge Wells 002A,E01024837,919,304,124,180,615,488,127
2021,Tunbridge Wells 007D,E01024838,937,229,76,153,708,568,140
2021,Tunbridge Wells 003B,E01024839,1585,382,127,255,1203,1019,184
2021,Tunbridge Wells 005A,E01024840,864,281,80,201,583,496,87
2021,Tunbridge Wells 005B,E01024841,955,274,103,171,681,567,114
2021,Tunbridge Wells 005C,E01024842,717,243,90,153,474,387,87
2021,Tunbridge Wells 005D,E01024843,707,227,87,140,480,420,60
2021,Tunbridge Wells 002B,E01024844,864,269,99,170,595,485,110
2021,Tunbridge Wells 003C,E01024845,610,187,62,125,423,340,83
2021,Tunbridge Wells 002C,E01024846,841,278,101,177,563,487,76
2021,Tunbridge Wells 003D,E01024847,828,234,90,144,594,510,84
2021,Tunbridge Wells 003E,E01024848,622,175,66,109,447,358,89
2021,Tunbridge Wells 002D,E01024849,846,275,105,170,571,489,82
2021,Tunbridge Wells 002E,E01024850,588,203,84,119,385,280,105
2021,Tunbridge Wells 006B,E01024851,727,250,99,151,477,340,137
2021,Tunbridge Wells 006C,E01024852,553,187,83,104,366,263,103
2021,Tunbridge Wells 006D,E01024853,588,218,111,107,370,270,100
2021,Tunbridge Wells 006E,E01024854,736,241,101,140,495,350,145
2021,Burnley 007A,E01024855,514,147,42,105,367,331,36
2021,Burnley 003A,E01024856,743,258,59,199,485,467,18
2021,Burnley 007B,E01024857,597,215,66,149,382,343,39
2021,Burnley 007C,E01024858,596,190,70,120,406,385,21
2021,Burnley 001A,E01024859,776,198,44,154,578,537,41
2021,Burnley 009A,E01024860,663,187,67,120,476,390,86
2021,Burnley 001B,E01024861,611,166,40,126,445,409,36
2021,Burnley 001C,E01024862,734,200,48,152,534,483,51
2021,Burnley 008A,E01024863,639,194,59,135,445,408,37
2021,Burnley 007D,E01024864,735,210,55,155,525,478,47
2021,Burnley 008B,E01024865,556,172,42,130,384,361,23
2021,Burnley 008C,E01024866,754,220,60,160,534,474,60
2021,Burnley 008D,E01024867,614,174,51,123,440,394,46
2021,Burnley 009B,E01024868,569,143,38,105,426,350,76
2021,Burnley 009C,E01024869,615,174,57,117,441,375,66
2021,Burnley 009D,E01024870,532,141,45,96,391,333,58
2021,Burnley 014D,E01024871,584,162,49,113,422,361,61
2021,Burnley 010A,E01024872,616,183,63,120,433,401,32
2021,Burnley 014E,E01024873,630,179,48,131,451,406,45
2021,Burnley 011A,E01024874,515,147,43,104,368,308,60
2021,Burnley 003B,E01024875,594,251,80,171,343,324,19
2021,Burnley 003C,E01024876,635,275,57,218,360,340,20
2021,Burnley 003D,E01024877,725,272,70,202,453,406,47
2021,Burnley 003E,E01024878,597,287,79,208,310,288,22
2021,Burnley 005A,E01024879,791,193,41,152,598,543,55
2021,Burnley 005B,E01024880,603,171,52,119,432,391,41
2021,Burnley 006A,E01024881,681,179,44,135,502,458,44
2021,Burnley 006B,E01024882,684,185,60,125,499,458,41
2021,Burnley 004A,E01024883,599,199,63,136,400,354,46
2021,Burnley 004B,E01024884,674,194,57,137,480,425,55
2021,Burnley 004C,E01024885,753,229,63,166,524,468,56
2021,Burnley 004D,E01024886,679,200,39,161,479,432,47
2021,Burnley 011B,E01024887,714,198,54,144,516,455,61
2021,Burnley 011C,E01024888,951,227,55,172,724,626,98
2021,Burnley 004E,E01024889,581,167,55,112,414,363,51
2021,Burnley 004F,E01024890,654,181,55,126,473,426,47
2021,Burnley 001D,E01024891,778,274,81,193,504,448,56
2021,Burnley 001E,E01024892,612,206,51,155,406,361,45
2021,Burnley 002A,E01024893,659,195,54,141,464,429,35
2021,Burnley 001F,E01024894,588,143,43,100,445,409,36
2021,Burnley 003F,E01024895,663,251,72,179,412,391,21
2021,Burnley 002B,E01024896,583,190,53,137,393,351,42
2021,Burnley 002C,E01024897,559,178,50,128,381,355,26
2021,Burnley 002D,E01024898,779,235,60,175,544,523,21
2021,Burnley 010B,E01024899,683,209,53,156,474,427,47
2021,Burnley 010C,E01024900,687,190,50,140,497,461,36
2021,Burnley 011D,E01024901,970,246,72,174,724,638,86
2021,Burnley 006C,E01024902,859,251,66,185,608,548,60
2021,Burnley 014F,E01024903,534,177,44,133,357,321,36
2021,Burnley 014A,E01024904,859,248,68,180,611,539,72
2021,Burnley 014G,E01024905,610,153,43,110,457,400,57
2021,Burnley 014B,E01024906,878,251,84,167,627,577,50
2021,Burnley 010D,E01024907,545,142,47,95,403,380,23
2021,Burnley 010E,E01024908,680,192,65,127,488,444,44
2021,Burnley 010F,E01024909,663,192,59,133,471,421,50
2021,Burnley 014C,E01024910,579,152,44,108,427,384,43
2021,Burnley 006D,E01024911,805,210,65,145,595,549,46
2021,Burnley 005C,E01024912,585,161,50,111,424,369,55
2021,Burnley 005D,E01024913,722,166,49,117,556,495,61
2021,Burnley 005E,E01024914,656,180,63,117,476,405,71
2021,Chorley 014A,E01024915,1381,374,109,265,1007,860,147
2021,Chorley 014B,E01024916,826,204,73,131,622,537,85
2021,Chorley 014C,E01024917,838,240,78,162,598,523,75
2021,Chorley 014D,E01024918,864,245,86,159,619,530,89
2021,Chorley 008B,E01024920,736,228,93,135,508,457,51
2021,Chorley 002A,E01024921,1026,306,123,183,720,553,167
2021,Chorley 013A,E01024922,730,200,77,123,530,461,69
2021,Chorley 011A,E01024923,645,200,64,136,445,345,100
2021,Chorley 011B,E01024924,672,192,66,126,480,407,73
2021,Chorley 009A,E01024925,716,233,79,154,483,428,55
2021,Chorley 009B,E01024926,1181,348,116,232,833,727,106
2021,Chorley 009C,E01024927,787,233,72,161,554,493,61
2021,Chorley 009D,E01024928,691,206,64,142,485,425,60
2021,Chorley 006B,E01024930,736,180,53,127,556,488,68
2021,Chorley 006C,E01024931,718,199,50,149,519,456,63
2021,Chorley 006E,E01024933,599,178,56,122,421,360,61
2021,Chorley 008C,E01024934,751,201,67,134,550,457,93
2021,Chorley 008D,E01024935,566,168,62,106,398,348,50
2021,Chorley 010A,E01024936,819,228,79,149,591,528,63
2021,Chorley 006F,E01024937,710,233,79,154,477,418,59
2021,Chorley 010B,E01024938,1075,260,75,185,815,724,91
2021,Chorley 010C,E01024939,1175,305,104,201,870,742,128
2021,Chorley 010D,E01024940,821,261,91,170,560,486,74
2021,Chorley 010E,E01024941,857,253,83,170,604,529,75
2021,Chorley 012A,E01024942,656,200,65,135,456,398,58
2021,Chorley 012B,E01024943,1181,329,107,222,852,749,103
2021,Chorley 012C,E01024944,1240,278,78,200,962,830,132
2021,Chorley 003A,E01024946,593,173,50,123,420,343,77
2021,Chorley 003B,E01024947,699,197,66,131,502,426,76
2021,Chorley 004A,E01024948,879,241,73,168,638,541,97
2021,Chorley 004C,E01024950,668,189,84,105,479,399,80
2021,Chorley 001A,E01024951,510,145,39,106,365,318,47
2021,Chorley 001B,E01024952,563,138,45,93,425,369,56
2021,Chorley 001C,E01024953,596,167,56,111,429,394,35
2021,Chorley 001D,E01024954,729,195,64,131,534,464,70
2021,Chorley 003C,E01024955,664,170,66,104,494,424,70
2021,Chorley 003D,E01024956,969,239,69,170,730,635,95
2021,Chorley 003E,E01024957,1299,312,90,222,987,826,161
2021,Chorley 003F,E01024958,636,170,42,128,466,403,63
2021,Chorley 013B,E01024959,937,236,73,163,701,618,83
2021,Chorley 013C,E01024960,888,224,58,166,664,579,85
2021,Chorley 013D,E01024961,816,226,75,151,590,481,109
2021,Chorley 013E,E01024962,685,185,50,135,500,427,73
2021,Chorley 011C,E01024963,678,189,58,131,489,414,75
2021,Chorley 007A,E01024964,728,244,95,149,484,376,108
2021,Chorley 011D,E01024965,740,216,80,136,524,419,105
2021,Chorley 011E,E01024966,959,268,84,184,691,587,104
2021,Chorley 005A,E01024967,564,163,59,104,401,347,54
2021,Chorley 005B,E01024968,1188,301,94,207,887,743,144
2021,Chorley 005C,E01024969,591,199,53,146,392,321,71
2021,Chorley 005D,E01024970,685,178,45,133,507,444,63
2021,Chorley 005E,E01024971,613,183,49,134,430,355,75
2021,Chorley 005F,E01024972,594,163,54,109,431,376,55
2021,Chorley 014E,E01024973,1011,276,108,168,735,581,154
2021,Chorley 007B,E01024974,828,253,102,151,575,455,120
2021,Chorley 007C,E01024975,929,359,117,242,570,422,148
2021,Chorley 007D,E01024976,782,206,76,130,576,487,89
2021,Chorley 004D,E01024977,1449,409,148,261,1040,818,222
2021,Chorley 002B,E01024978,679,205,75,130,474,399,75
2021,Chorley 002C,E01024979,739,222,80,142,517,414,103
2021,Chorley 002D,E01024980,642,211,62,149,431,350,81
2021,Fylde 008A,E01024981,453,146,52,94,307,258,49
2021,Fylde 008B,E01024982,473,152,66,86,321,271,50
2021,Fylde 008C,E01024983,736,248,83,165,488,418,70
2021,Fylde 006A,E01024984,543,179,79,100,364,307,57
2021,Fylde 006B,E01024985,635,200,75,125,435,366,69
2021,Fylde 006C,E01024986,599,182,80,102,417,359,58
2021,Fylde 006D,E01024987,593,207,76,131,386,334,52
2021,Fylde 006E,E01024988,570,182,70,112,388,333,55
2021,Fylde 006F,E01024989,649,216,79,137,433,370,63
2021,Fylde 009A,E01024990,633,211,102,109,422,329,93
2021,Fylde 009B,E01024991,363,130,49,81,233,171,62
2021,Fylde 009C,E01024992,409,132,53,79,277,221,56
2021,Fylde 001A,E01024993,783,260,97,163,523,407,116
2021,Fylde 008D,E01024994,617,205,86,119,412,353,59
2021,Fylde 008E,E01024995,550,186,67,119,364,295,69
2021,Fylde 006G,E01024996,479,144,66,78,335,278,57
2021,Fylde 007A,E01024997,630,184,57,127,446,383,63
2021,Fylde 003A,E01024998,751,236,96,140,515,453,62
2021,Fylde 007B,E01024999,687,217,74,143,470,401,69
2021,Fylde 007C,E01025000,536,159,62,97,377,340,37
2021,Fylde 005A,E01025001,869,260,71,189,609,508,101
2021,Fylde 005B,E01025002,650,211,67,144,439,392,47
2021,Fylde 008F,E01025003,706,248,89,159,458,402,56
2021,Fylde 004A,E01025004,630,218,73,145,412,352,60
2021,Fylde 005C,E01025005,467,154,50,104,313,277,36
2021,Fylde 004B,E01025006,505,196,72,124,309,269,40
2021,Fylde 002A,E01025007,1020,259,78,181,761,650,111
2021,Fylde 002B,E01025008,522,161,52,109,361,313,48
2021,Fylde 002C,E01025009,668,198,60,138,470,415,55
2021,Fylde 003B,E01025010,668,220,87,133,448,380,68
2021,Fylde 002D,E01025011,701,194,68,126,507,442,65
2021,Fylde 002E,E01025012,1444,358,120,238,1086,922,164
2021,Fylde 002F,E01025013,888,222,67,155,666,595,71
2021,Fylde 003C,E01025014,879,260,107,153,619,467,152
2021,Fylde 003D,E01025015,705,188,70,118,517,427,90
2021,Fylde 005D,E01025016,954,328,140,188,626,534,92
2021,Fylde 008G,E01025017,525,184,50,134,341,293,48
2021,Fylde 005E,E01025018,480,185,72,113,295,249,46
2021,Fylde 002G,E01025019,862,277,115,162,585,462,123
2021,Fylde 009D,E01025020,665,222,74,148,443,374,69
2021,Fylde 009E,E01025021,579,189,66,123,390,329,61
2021,Fylde 009F,E01025022,961,286,99,187,675,548,127
2021,Fylde 004C,E01025023,558,187,66,121,371,325,46
2021,Fylde 004D,E01025024,841,277,89,188,564,498,66
2021,Fylde 004E,E01025025,731,220,64,156,511,446,65
2021,Fylde 001B,E01025026,672,233,91,142,439,329,110
2021,Fylde 001C,E01025027,921,248,110,138,673,538,135
2021,Fylde 001D,E01025028,800,253,86,167,547,481,66
2021,Fylde 007D,E01025029,1130,301,109,192,829,702,127
2021,Fylde 007E,E01025030,1054,274,89,185,780,696,84
2021,Fylde 001E,E01025031,981,295,115,180,686,564,122
2021,Hyndburn 002A,E01025032,579,161,47,114,418,351,67
2021,Hyndburn 002B,E01025033,1257,302,93,209,955,828,127
2021,Hyndburn 002C,E01025034,816,226,71,155,590,522,68
2021,Hyndburn 008A,E01025035,651,194,57,137,457,414,43
2021,Hyndburn 008B,E01025036,707,182,65,117,525,474,51
2021,Hyndburn 008C,E01025037,691,202,59,143,489,432,57
2021,Hyndburn 008D,E01025038,614,158,44,114,456,408,48
2021,Hyndburn 008E,E01025039,636,152,51,101,484,425,59
2021,Hyndburn 008F,E01025040,774,183,61,122,591,522,69
2021,Hyndburn 006A,E01025041,548,185,51,134,363,335,28
2021,Hyndburn 006B,E01025042,696,310,88,222,386,356,30
2021,Hyndburn 005A,E01025044,492,168,55,113,324,292,32
2021,Hyndburn 005B,E01025045,430,129,27,102,301,269,32
2021,Hyndburn 005C,E01025046,518,157,41,116,361,336,25
2021,Hyndburn 002D,E01025048,643,167,52,115,476,414,62
2021,Hyndburn 002E,E01025049,609,181,49,132,428,371,57
2021,Hyndburn 002F,E01025050,743,177,45,132,566,493,73
2021,Hyndburn 004A,E01025051,696,179,60,119,517,459,58
2021,Hyndburn 004B,E01025052,791,192,56,136,599,539,60
2021,Hyndburn 002G,E01025053,769,189,52,137,580,518,62
2021,Hyndburn 009A,E01025054,724,177,50,127,547,478,69
2021,Hyndburn 007A,E01025055,642,158,45,113,484,435,49
2021,Hyndburn 009B,E01025056,597,166,57,109,431,391,40
2021,Hyndburn 004C,E01025057,678,211,61,150,467,426,41
2021,Hyndburn 004D,E01025058,529,158,40,118,371,345,26
2021,Hyndburn 004E,E01025059,782,214,51,163,568,508,60
2021,Hyndburn 001A,E01025060,627,188,53,135,439,404,35
2021,Hyndburn 001B,E01025061,629,177,64,113,452,373,79
2021,Hyndburn 001C,E01025062,670,200,61,139,470,428,42
2021,Hyndburn 001D,E01025063,643,190,39,151,453,395,58
2021,Hyndburn 001E,E01025064,698,210,60,150,488,420,68
2021,Hyndburn 001F,E01025065,805,212,62,150,593,524,69
2021,Hyndburn 001G,E01025066,793,220,77,143,573,508,65
2021,Hyndburn 004F,E01025067,634,180,52,128,454,406,48
2021,Hyndburn 004G,E01025068,626,179,48,131,447,387,60
2021,Hyndburn 004H,E01025069,646,167,31,136,479,432,47
2021,Hyndburn 003A,E01025070,505,132,33,99,373,326,47
2021,Hyndburn 003B,E01025071,626,154,45,109,472,431,41
2021,Hyndburn 003C,E01025072,700,170,50,120,530,467,63
2021,Hyndburn 003D,E01025073,609,164,51,113,445,406,39
2021,Hyndburn 003E,E01025074,615,163,42,121,452,393,59
2021,Hyndburn 007B,E01025075,861,225,76,149,636,561,75
2021,Hyndburn 007C,E01025076,578,155,37,118,423,365,58
2021,Hyndburn 007D,E01025077,568,161,44,117,407,364,43
2021,Hyndburn 007E,E01025078,711,156,48,108,555,494,61
2021,Hyndburn 009C,E01025079,722,171,53,118,551,499,52
2021,Hyndburn 009D,E01025080,736,228,69,159,508,441,67
2021,Hyndburn 005D,E01025081,881,211,69,142,670,593,77
2021,Hyndburn 006E,E01025082,616,198,56,142,418,377,41
2021,Hyndburn 006F,E01025083,701,221,47,174,480,434,46
2021,Hyndburn 006G,E01025084,587,227,70,157,360,327,33
2021,Lancaster 004A,E01025085,659,216,62,154,443,382,61
2021,Lancaster 004B,E01025086,492,199,70,129,293,249,44
2021,Lancaster 004C,E01025087,442,157,49,108,285,233,52
2021,Lancaster 001A,E01025088,537,170,56,114,367,313,54
2021,Lancaster 003A,E01025089,675,228,77,151,447,373,74
2021,Lancaster 003B,E01025090,774,241,74,167,533,443,90
2021,Lancaster 013A,E01025091,720,262,82,180,458,408,50
2021,Lancaster 013B,E01025092,555,176,52,124,379,324,55
2021,Lancaster 014A,E01025093,684,258,157,101,426,368,58
2021,Lancaster 014B,E01025094,564,194,86,108,370,315,55
2021,Lancaster 013C,E01025095,1459,421,148,273,1038,878,160
2021,Lancaster 001B,E01025096,851,286,92,194,565,481,84
2021,Lancaster 001C,E01025097,706,221,68,153,485,417,68
2021,Lancaster 001D,E01025098,577,185,58,127,392,332,60
2021,Lancaster 014C,E01025099,933,325,159,166,608,519,89
2021,Lancaster 017A,E01025100,1306,390,134,256,916,785,131
2021,Lancaster 017B,E01025101,609,224,69,155,385,341,44
2021,Lancaster 017C,E01025102,665,304,134,170,361,323,38
2021,Lancaster 017D,E01025103,580,212,90,122,368,310,58
2021,Lancaster 019A,E01025105,1100,635,448,187,465,327,138
2021,Lancaster 019B,E01025106,1119,349,116,233,770,648,122
2021,Lancaster 019C,E01025107,847,280,104,176,567,379,188
2021,Lancaster 005A,E01025108,732,220,61,159,512,436,76
2021,Lancaster 005B,E01025109,710,226,76,150,484,384,100
2021,Lancaster 009A,E01025110,678,251,76,175,427,378,49
2021,Lancaster 008A,E01025111,903,281,81,200,622,531,91
2021,Lancaster 006A,E01025112,602,196,58,138,406,335,71
2021,Lancaster 008B,E01025113,730,251,83,168,479,413,66
2021,Lancaster 016A,E01025114,671,231,69,162,440,379,61
2021,Lancaster 016B,E01025115,668,230,82,148,438,360,78
2021,Lancaster 009B,E01025116,519,144,40,104,375,320,55
2021,Lancaster 009C,E01025117,611,220,70,150,391,322,69
2021,Lancaster 008C,E01025118,493,163,50,113,330,288,42
2021,Lancaster 008D,E01025119,614,223,73,150,391,346,45
2021,Lancaster 009D,E01025120,649,191,64,127,458,393,65
2021,Lancaster 016C,E01025121,1057,295,94,201,762,649,113
2021,Lancaster 016D,E01025122,765,234,71,163,531,442,89
2021,Lancaster 016E,E01025123,1348,398,118,280,950,830,120
2021,Lancaster 016F,E01025124,631,208,73,135,423,372,51
2021,Lancaster 013D,E01025126,1088,338,103,235,750,634,116
2021,Lancaster 018A,E01025127,640,207,59,148,433,377,56
2021,Lancaster 015B,E01025128,635,224,88,136,411,362,49
2021,Lancaster 002A,E01025130,1024,356,135,221,668,500,168
2021,Lancaster 005C,E01025131,767,241,76,165,526,412,114
2021,Lancaster 002B,E01025132,689,249,99,150,440,267,173
2021,Lancaster 005D,E01025133,739,238,87,151,501,414,87
2021,Lancaster 006B,E01025136,605,232,55,177,373,333,40
2021,Lancaster 020A,E01025137,682,213,75,138,469,421,48
2021,Lancaster 006C,E01025138,626,226,59,167,400,356,44
2021,Lancaster 006D,E01025139,628,239,77,162,389,335,54
2021,Lancaster 006E,E01025140,520,193,66,127,327,275,52
2021,Lancaster 018B,E01025141,663,205,67,138,458,400,58
2021,Lancaster 019D,E01025142,646,213,80,133,433,369,64
2021,Lancaster 018C,E01025143,581,192,67,125,389,325,64
2021,Lancaster 017E,E01025144,739,247,80,167,492,431,61
2021,Lancaster 018D,E01025145,696,234,91,143,462,400,62
2021,Lancaster 017F,E01025146,903,279,90,189,624,512,112
2021,Lancaster 015D,E01025147,690,221,89,132,469,407,62
2021,Lancaster 001E,E01025148,845,337,132,205,508,406,102
2021,Lancaster 011A,E01025149,1128,347,113,234,781,678,103
2021,Lancaster 011B,E01025150,766,273,66,207,493,443,50
2021,Lancaster 011C,E01025151,679,239,82,157,440,367,73
2021,Lancaster 011D,E01025152,711,224,72,152,487,421,66
2021,Lancaster 020F,E01025153,649,194,48,146,455,403,52
2021,Lancaster 011E,E01025154,475,181,51,130,294,223,71
2021,Lancaster 020G,E01025155,660,218,74,144,442,373,69
2021,Lancaster 020H,E01025156,501,209,64,145,292,244,48
2021,Lancaster 020I,E01025157,491,177,45,132,314,264,50
2021,Lancaster 003C,E01025158,563,206,79,127,357,283,74
2021,Lancaster 003D,E01025159,633,224,71,153,409,322,87
2021,Lancaster 003E,E01025160,631,207,79,128,424,339,85
2021,Lancaster 004D,E01025161,337,126,40,86,211,181,30
2021,Lancaster 020B,E01025162,571,202,57,145,369,310,59
2021,Lancaster 020C,E01025163,591,216,75,141,375,316,59
2021,Lancaster 020D,E01025164,657,232,66,166,425,368,57
2021,Lancaster 020E,E01025165,767,231,55,176,536,465,71
2021,Lancaster 002C,E01025166,539,182,69,113,357,245,112
2021,Lancaster 002D,E01025167,564,209,84,125,355,224,131
2021,Lancaster 001F,E01025168,520,193,66,127,327,272,55
2021,Lancaster 001G,E01025169,531,164,63,101,367,302,65
2021,Lancaster 010A,E01025170,682,234,69,165,448,384,64
2021,Lancaster 010B,E01025171,650,247,63,184,403,338,65
2021,Lancaster 010C,E01025172,649,224,74,150,425,369,56
2021,Lancaster 010D,E01025173,593,203,60,143,390,320,70
2021,Pendle 008A,E01025174,597,183,64,119,414,359,55
2021,Pendle 008B,E01025175,683,196,63,133,487,398,89
2021,Pendle 008C,E01025176,1023,262,81,181,761,662,99
2021,Pendle 008D,E01025177,779,218,79,139,561,462,99
2021,Pendle 006A,E01025178,909,249,78,171,660,562,98
2021,Pendle 006B,E01025179,769,228,73,155,541,476,65
2021,Pendle 006C,E01025180,1009,289,100,189,720,618,102
2021,Pendle 009A,E01025181,574,242,79,163,332,297,35
2021,Pendle 009B,E01025182,647,212,54,158,435,403,32
2021,Pendle 009C,E01025183,659,236,83,153,423,390,33
2021,Pendle 009D,E01025184,633,273,89,184,360,338,22
2021,Pendle 013A,E01025185,682,273,93,180,409,372,37
2021,Pendle 013B,E01025186,773,274,78,196,499,454,45
2021,Pendle 012A,E01025187,539,197,50,147,342,299,43
2021,Pendle 010A,E01025188,701,283,71,212,418,381,37
2021,Pendle 010B,E01025189,675,238,59,179,437,392,45
2021,Pendle 012B,E01025190,720,257,81,176,463,416,47
2021,Pendle 001A,E01025191,648,176,56,120,472,415,57
2021,Pendle 001B,E01025192,756,202,61,141,554,495,59
2021,Pendle 001C,E01025193,593,186,58,128,407,353,54
2021,Pendle 001D,E01025194,660,171,43,128,489,439,50
2021,Pendle 002A,E01025195,622,173,55,118,449,380,69
2021,Pendle 002B,E01025196,759,181,38,143,578,507,71
2021,Pendle 002C,E01025197,576,169,51,118,407,335,72
2021,Pendle 002D,E01025198,685,195,42,153,490,447,43
2021,Pendle 003A,E01025199,912,262,100,162,650,533,117
2021,Pendle 003B,E01025200,715,209,64,145,506,419,87
2021,Pendle 003C,E01025201,664,170,35,135,494,430,64
2021,Pendle 003D,E01025202,669,243,76,167,426,352,74
2021,Pendle 006D,E01025203,855,261,100,161,594,488,106
2021,Pendle 008E,E01025204,905,255,96,159,650,522,128
2021,Pendle 014E,E01025205,620,204,62,142,416,388,28
2021,Pendle 014A,E01025206,539,162,46,116,377,329,48
2021,Pendle 014G,E01025207,508,154,37,117,354,314,40
2021,Pendle 014F,E01025208,450,134,24,110,316,283,33
2021,Pendle 012C,E01025209,702,202,70,132,500,445,55
2021,Pendle 010C,E01025210,802,255,75,180,547,502,45
2021,Pendle 008F,E01025211,731,218,72,146,513,424,89
2021,Pendle 013C,E01025212,564,219,81,138,345,299,46
2021,Pendle 013D,E01025213,624,247,74,173,377,339,38
2021,Pendle 013E,E01025214,647,212,60,152,435,389,46
2021,Pendle 013F,E01025215,513,213,61,152,300,277,23
2021,Pendle 012D,E01025216,918,318,80,238,600,544,56
2021,Pendle 010D,E01025217,574,201,59,142,373,351,22
2021,Pendle 010E,E01025218,415,172,55,117,243,235,8
2021,Pendle 010F,E01025219,542,173,69,104,369,343,26
2021,Pendle 014C,E01025220,598,192,59,133,406,361,45
2021,Pendle 014B,E01025221,686,218,53,165,468,422,46
2021,Pendle 014D,E01025222,728,200,68,132,528,463,65
2021,Pendle 014H,E01025223,623,176,46,130,447,401,46
2021,Pendle 011A,E01025224,824,341,94,247,483,458,25
2021,Pendle 011B,E01025225,730,272,87,185,458,414,44
2021,Pendle 007A,E01025226,620,212,70,142,408,354,54
2021,Pendle 007B,E01025227,754,253,85,168,501,450,51
2021,Pendle 007C,E01025228,978,253,81,172,725,644,81
2021,Pendle 011C,E01025229,837,340,98,242,497,451,46
2021,Pendle 011D,E01025230,705,301,94,207,404,379,25
2021,Preston 013A,E01025231,634,170,61,109,464,411,53
2021,Preston 013B,E01025232,849,241,82,159,608,546,62
2021,Preston 008A,E01025233,670,197,63,134,473,408,65
2021,Preston 007A,E01025234,712,216,72,144,496,435,61
2021,Preston 007B,E01025235,809,247,66,181,562,504,58
2021,Preston 009A,E01025236,657,241,73,168,416,371,45
2021,Preston 007C,E01025237,680,234,67,167,446,396,50
2021,Preston 007D,E01025238,611,189,41,148,422,383,39
2021,Preston 006A,E01025239,573,155,43,112,418,370,48
2021,Preston 008B,E01025240,795,227,52,175,568,510,58
2021,Preston 006B,E01025241,756,233,73,160,523,462,61
2021,Preston 006C,E01025242,692,228,89,139,464,414,50
2021,Preston 006D,E01025243,953,311,122,189,642,562,80
2021,Preston 015A,E01025244,643,295,73,222,348,320,28
2021,Preston 007E,E01025245,1006,376,109,267,630,568,62
2021,Preston 011A,E01025246,712,300,96,204,412,383,29
2021,Preston 016A,E01025247,712,276,67,209,436,394,42
2021,Preston 016B,E01025248,485,177,54,123,308,272,36
2021,Preston 016C,E01025249,457,128,29,99,329,294,35
2021,Preston 016D,E01025250,665,235,60,175,430,381,49
2021,Preston 006E,E01025251,630,234,78,156,396,351,45
2021,Preston 007F,E01025252,727,214,59,155,513,453,60
2021,Preston 004A,E01025253,1056,265,77,188,791,697,94
2021,Preston 004B,E01025254,562,142,40,102,420,360,60
2021,Preston 004C,E01025255,855,222,66,156,633,549,84
2021,Preston 003A,E01025256,660,220,74,146,440,396,44
2021,Preston 002A,E01025257,666,195,73,122,471,394,77
2021,Preston 003B,E01025258,638,195,70,125,443,390,53
2021,Preston 003C,E01025259,1406,375,119,256,1031,904,127
2021,Preston 005A,E01025260,643,192,56,136,451,407,44
2021,Preston 008C,E01025261,640,190,55,135,450,395,55
2021,Preston 005B,E01025262,574,173,59,114,401,366,35
2021,Preston 005C,E01025263,546,175,37,138,371,329,42
2021,Preston 005D,E01025264,574,168,40,128,406,355,51
2021,Preston 013C,E01025265,727,187,53,134,540,479,61
2021,Preston 008D,E01025266,562,172,59,113,390,333,57
2021,Preston 013D,E01025267,587,173,45,128,414,367,47
2021,Preston 013E,E01025268,824,228,70,158,596,528,68
2021,Preston 013F,E01025269,800,236,67,169,564,510,54
2021,Preston 010A,E01025270,844,221,56,165,623,546,77
2021,Preston 013G,E01025271,674,221,66,155,453,393,60
2021,Preston 010B,E01025272,1549,345,103,242,1204,1052,152
2021,Preston 010C,E01025273,730,205,70,135,525,453,72
2021,Preston 011B,E01025274,890,380,146,234,510,459,51
2021,Preston 011C,E01025275,704,251,100,151,453,413,40
2021,Preston 012A,E01025276,756,268,87,181,488,439,49
2021,Preston 002B,E01025277,1111,319,108,211,792,666,126
2021,Preston 001A,E01025278,1387,379,120,259,1008,837,171
2021,Preston 001B,E01025279,1317,384,159,225,933,672,261
2021,Preston 002D,E01025281,1128,285,86,199,843,692,151
2021,Preston 001C,E01025282,874,230,88,142,644,527,117
2021,Preston 009B,E01025283,673,217,49,168,456,398,58
2021,Preston 009C,E01025284,769,229,64,165,540,489,51
2021,Preston 009D,E01025285,638,227,69,158,411,364,47
2021,Preston 009E,E01025286,687,220,83,137,467,428,39
2021,Preston 009F,E01025287,776,226,59,167,550,494,56
2021,Preston 010D,E01025288,902,233,81,152,669,589,80
2021,Preston 017A,E01025289,683,232,86,146,451,410,41
2021,Preston 017B,E01025290,871,321,135,186,550,489,61
2021,Preston 017C,E01025291,652,168,54,114,484,428,56
2021,Preston 015B,E01025292,688,390,209,181,298,259,39
2021,Preston 015C,E01025293,813,332,103,229,481,434,47
2021,Preston 011D,E01025294,797,277,79,198,520,474,46
2021,Preston 014A,E01025295,1037,340,104,236,697,620,77
2021,Preston 014B,E01025296,818,294,76,218,524,479,45
2021,Preston 014C,E01025297,956,326,86,240,630,559,71
2021,Preston 014D,E01025298,725,259,73,186,466,413,53
2021,Preston 003D,E01025299,647,183,62,121,464,410,54
2021,Preston 004D,E01025300,385,106,26,80,279,251,28
2021,Preston 003E,E01025301,576,162,43,119,414,380,34
2021,Preston 003F,E01025302,557,166,39,127,391,356,35
2021,Preston 004E,E01025303,639,185,57,128,454,399,55
2021,Preston 016E,E01025304,794,304,106,198,490,453,37
2021,Preston 016F,E01025305,686,282,95,187,404,370,34
2021,Preston 017D,E01025306,1033,290,106,184,743,675,68
2021,Preston 012B,E01025308,883,282,87,195,601,532,69
2021,Preston 008E,E01025309,550,181,45,136,369,336,33
2021,Preston 012C,E01025310,801,237,79,158,564,518,46
2021,Preston 012D,E01025311,643,171,57,114,472,422,50
2021,Preston 012E,E01025312,868,244,68,176,624,579,45
2021,Preston 012F,E01025313,700,374,190,184,326,301,25
2021,Preston 012G,E01025314,1021,523,267,256,498,457,41
2021,Ribble Valley 001A,E01025315,777,233,96,137,544,364,180
2021,Ribble Valley 006A,E01025316,834,208,73,135,626,504,122
2021,Ribble Valley 006B,E01025317,533,155,41,114,378,307,71
2021,Ribble Valley 007A,E01025318,573,168,55,113,405,346,59
2021,Ribble Valley 007B,E01025319,1093,337,119,218,756,636,120
2021,Ribble Valley 001B,E01025320,714,215,91,124,499,320,179
2021,Ribble Valley 005A,E01025321,671,204,78,126,467,376,91
2021,Ribble Valley 004A,E01025322,757,205,72,133,552,377,175
2021,Ribble Valley 008A,E01025323,554,162,75,87,392,301,91
2021,Ribble Valley 008B,E01025324,685,186,59,127,499,425,74
2021,Ribble Valley 006C,E01025325,744,212,74,138,532,445,87
2021,Ribble Valley 004B,E01025326,856,227,61,166,629,491,138
2021,Ribble Valley 004C,E01025327,662,171,57,114,491,414,77
2021,Ribble Valley 006D,E01025328,731,186,69,117,545,450,95
2021,Ribble Valley 003A,E01025329,1096,296,92,204,800,693,107
2021,Ribble Valley 003B,E01025330,716,204,72,132,512,441,71
2021,Ribble Valley 001C,E01025331,761,205,89,116,556,389,167
2021,Ribble Valley 007C,E01025333,623,195,71,124,428,361,67
2021,Ribble Valley 002A,E01025334,1008,271,73,198,737,630,107
2021,Ribble Valley 003C,E01025335,576,175,71,104,401,338,63
2021,Ribble Valley 008D,E01025336,482,138,63,75,344,265,79
2021,Ribble Valley 008E,E01025337,668,179,84,95,489,382,107
2021,Ribble Valley 003D,E01025338,864,252,77,175,612,512,100
2021,Ribble Valley 003E,E01025339,1182,297,96,201,885,761,124
2021,Ribble Valley 005B,E01025340,740,212,71,141,528,444,84
2021,Ribble Valley 005C,E01025341,568,187,74,113,381,323,58
2021,Ribble Valley 004D,E01025342,737,214,93,121,523,411,112
2021,Ribble Valley 005D,E01025343,832,244,87,157,588,494,94
2021,Ribble Valley 002B,E01025344,606,178,71,107,428,360,68
2021,Ribble Valley 002C,E01025345,686,197,60,137,489,397,92
2021,Ribble Valley 002D,E01025346,791,228,86,142,563,475,88
2021,Ribble Valley 002E,E01025347,940,283,90,193,657,553,104
2021,Ribble Valley 001D,E01025348,693,232,91,141,461,358,103
2021,Ribble Valley 001E,E01025349,668,205,82,123,463,334,129
2021,Ribble Valley 007D,E01025350,767,230,82,148,537,433,104
2021,Ribble Valley 007E,E01025351,1357,351,138,213,1006,811,195
2021,Ribble Valley 008F,E01025352,693,231,74,157,462,398,64
2021,Ribble Valley 005E,E01025354,1200,352,134,218,848,687,161
2021,Rossendale 001A,E01025355,1162,331,96,235,831,700,131
2021,Rossendale 004A,E01025356,643,200,67,133,443,388,55
2021,Rossendale 008A,E01025357,686,181,58,123,505,422,83
2021,Rossendale 008B,E01025358,1161,305,114,191,856,721,135
2021,Rossendale 009A,E01025359,759,207,66,141,552,466,86
2021,Rossendale 009B,E01025360,963,254,73,181,709,623,86
2021,Rossendale 001B,E01025361,1137,295,99,196,842,710,132
2021,Rossendale 001C,E01025362,1024,303,79,224,721,601,120
2021,Rossendale 002A,E01025363,607,186,63,123,421,355,66
2021,Rossendale 002B,E01025364,648,195,58,137,453,378,75
2021,Rossendale 008C,E01025365,729,199,67,132,530,477,53
2021,Rossendale 002C,E01025366,687,214,73,141,473,421,52
2021,Rossendale 003A,E01025367,1000,284,86,198,716,614,102
2021,Rossendale 003B,E01025368,743,227,73,154,516,433,83
2021,Rossendale 003C,E01025369,554,175,55,120,379,323,56
2021,Rossendale 010F,E01025370,585,168,43,125,417,352,65
2021,Rossendale 010A,E01025371,637,158,36,122,479,422,57
2021,Rossendale 004C,E01025373,809,256,95,161,553,461,92
2021,Rossendale 010B,E01025374,658,181,48,133,477,400,77
2021,Rossendale 009C,E01025375,839,219,74,145,620,531,89
2021,Rossendale 009D,E01025376,1110,307,85,222,803,690,113
2021,Rossendale 007A,E01025377,793,223,64,159,570,468,102
2021,Rossendale 007B,E01025378,859,230,96,134,629,536,93
2021,Rossendale 007C,E01025379,559,148,41,107,411,365,46
2021,Rossendale 007D,E01025380,682,204,67,137,478,395,83
2021,Rossendale 003D,E01025381,592,160,42,118,432,388,44
2021,Rossendale 003E,E01025382,679,203,68,135,476,411,65
2021,Rossendale 003F,E01025383,1552,378,99,279,1174,991,183
2021,Rossendale 008D,E01025384,564,168,51,117,396,321,75
2021,Rossendale 004D,E01025385,508,178,44,134,330,294,36
2021,Rossendale 004F,E01025387,935,260,70,190,675,567,108
2021,Rossendale 010G,E01025388,668,188,58,130,480,411,69
2021,Rossendale 010H,E01025389,612,190,51,139,422,378,44
2021,Rossendale 010I,E01025390,441,126,44,82,315,269,46
2021,Rossendale 010C,E01025391,687,201,56,145,486,416,70
2021,Rossendale 010D,E01025392,590,169,55,114,421,355,66
2021,Rossendale 001D,E01025393,739,193,71,122,546,439,107
2021,Rossendale 010E,E01025394,725,200,69,131,525,460,65
2021,Rossendale 002D,E01025395,787,188,62,126,599,509,90
2021,Rossendale 002E,E01025396,525,186,69,117,339,296,43
2021,Rossendale 002F,E01025397,738,262,80,182,476,426,50
2021,Rossendale 002G,E01025398,551,164,63,101,387,347,40
2021,South Ribble 008A,E01025399,674,159,37,122,515,465,50
2021,South Ribble 008B,E01025400,1083,285,92,193,798,668,130
2021,South Ribble 008C,E01025401,851,199,48,151,652,555,97
2021,South Ribble 008D,E01025402,1051,268,62,206,783,687,96
2021,South Ribble 004A,E01025403,1278,314,103,211,964,859,105
2021,South Ribble 007A,E01025404,545,137,47,90,408,358,50
2021,South Ribble 007B,E01025405,542,165,48,117,377,335,42
2021,South Ribble 007C,E01025406,510,122,28,94,388,343,45
2021,South Ribble 007D,E01025407,901,232,65,167,669,595,74
2021,South Ribble 003A,E01025408,562,148,54,94,414,347,67
2021,South Ribble 003B,E01025409,598,150,36,114,448,402,46
2021,South Ribble 003C,E01025410,657,198,71,127,459,410,49
2021,South Ribble 005A,E01025411,1126,312,97,215,814,722,92
2021,South Ribble 006A,E01025412,592,154,47,107,438,389,49
2021,South Ribble 002A,E01025413,793,256,102,154,537,464,73
2021,South Ribble 002B,E01025414,645,185,56,129,460,403,57
2021,South Ribble 015A,E01025415,975,261,93,168,714,622,92
2021,South Ribble 014A,E01025416,700,191,52,139,509,418,91
2021,South Ribble 012A,E01025417,743,191,60,131,552,469,83
2021,South Ribble 012B,E01025418,740,185,48,137,555,485,70
2021,South Ribble 012C,E01025419,766,209,71,138,557,469,88
2021,South Ribble 013A,E01025421,1370,307,80,227,1063,925,138
2021,South Ribble 013B,E01025422,689,187,52,135,502,460,42
2021,South Ribble 015B,E01025423,545,162,48,114,383,340,43
2021,South Ribble 001A,E01025424,638,161,58,103,477,413,64
2021,South Ribble 001B,E01025425,659,163,55,108,496,444,52
2021,South Ribble 001C,E01025426,581,188,70,118,393,339,54
2021,South Ribble 006B,E01025427,648,181,68,113,467,403,64
2021,South Ribble 006C,E01025428,730,199,67,132,531,471,60
2021,South Ribble 006D,E01025429,610,175,45,130,435,380,55
2021,South Ribble 013C,E01025431,1134,267,78,189,867,760,107
2021,South Ribble 013D,E01025433,804,213,68,145,591,531,60
2021,South Ribble 016C,E01025434,723,218,61,157,505,450,55
2021,South Ribble 015C,E01025435,631,173,61,112,458,406,52
2021,South Ribble 011A,E01025436,1195,366,140,226,829,666,163
2021,South Ribble 011B,E01025437,958,250,91,159,708,607,101
2021,South Ribble 011C,E01025438,616,186,73,113,430,348,82
2021,South Ribble 010A,E01025439,685,211,75,136,474,397,77
2021,South Ribble 011D,E01025440,619,191,60,131,428,355,73
2021,South Ribble 011E,E01025441,595,186,75,111,409,335,74
2021,South Ribble 009A,E01025442,515,126,34,92,389,325,64
2021,South Ribble 009B,E01025443,626,157,43,114,469,413,56
2021,South Ribble 009C,E01025444,649,161,53,108,488,420,68
2021,South Ribble 017A,E01025445,656,197,68,129,459,413,46
2021,South Ribble 015D,E01025446,687,184,58,126,503,433,70
2021,South Ribble 017B,E01025447,435,118,32,86,317,283,34
2021,South Ribble 005B,E01025448,786,222,64,158,564,520,44
2021,South Ribble 014B,E01025451,966,264,79,185,702,578,124
2021,South Ribble 014C,E01025452,762,230,64,166,532,453,79
2021,South Ribble 010B,E01025453,825,239,84,155,586,493,93
2021,South Ribble 010C,E01025454,603,190,65,125,413,341,72
2021,South Ribble 010D,E01025455,708,206,60,146,502,416,86
2021,South Ribble 002C,E01025456,610,175,73,102,435,324,111
2021,South Ribble 004B,E01025457,687,184,68,116,503,450,53
2021,South Ribble 002D,E01025458,858,212,69,143,646,556,90
2021,South Ribble 017C,E01025459,803,208,63,145,595,503,92
2021,South Ribble 017D,E01025460,871,251,80,171,620,552,68
2021,South Ribble 009D,E01025461,1062,268,84,184,794,678,116
2021,South Ribble 009E,E01025462,1080,271,73,198,809,708,101
2021,South Ribble 004C,E01025463,756,187,56,131,569,496,73
2021,South Ribble 004D,E01025464,610,195,61,134,415,352,63
2021,South Ribble 004E,E01025465,549,139,45,94,410,356,54
2021,South Ribble 001D,E01025466,718,218,66,152,500,430,70
2021,South Ribble 003D,E01025467,883,245,77,168,638,566,72
2021,West Lancashire 009A,E01025468,977,287,85,202,690,590,100
2021,West Lancashire 009B,E01025469,774,212,73,139,562,497,65
2021,West Lancashire 009C,E01025470,1071,273,88,185,798,695,103
2021,West Lancashire 010A,E01025471,658,189,56,133,469,421,48
2021,West Lancashire 012A,E01025472,642,194,70,124,448,363,85
2021,West Lancashire 012B,E01025473,552,178,57,121,374,301,73
2021,West Lancashire 003A,E01025474,652,199,77,122,453,364,89
2021,West Lancashire 012C,E01025475,599,175,68,107,424,354,70
2021,West Lancashire 012D,E01025476,612,187,66,121,425,352,73
2021,West Lancashire 012E,E01025477,545,167,60,107,378,303,75
2021,West Lancashire 012F,E01025478,556,184,58,126,372,291,81
2021,West Lancashire 008A,E01025479,1117,328,134,194,789,619,170
2021,West Lancashire 010B,E01025480,597,158,53,105,439,379,60
2021,West Lancashire 010C,E01025481,740,207,55,152,533,471,62
2021,West Lancashire 010D,E01025482,594,190,60,130,404,359,45
2021,West Lancashire 004A,E01025483,1160,331,89,242,829,725,104
2021,West Lancashire 004B,E01025484,1054,299,89,210,755,641,114
2021,West Lancashire 004C,E01025485,819,240,82,158,579,469,110
2021,West Lancashire 004D,E01025486,785,230,64,166,555,475,80
2021,West Lancashire 004E,E01025487,879,252,74,178,627,534,93
2021,West Lancashire 007A,E01025488,1046,459,239,220,587,504,83
2021,West Lancashire 007B,E01025489,685,211,78,133,474,419,55
2021,West Lancashire 007C,E01025490,768,443,267,176,325,263,62
2021,West Lancashire 008B,E01025491,783,378,216,162,405,331,74
2021,West Lancashire 013A,E01025492,598,154,51,103,444,397,47
2021,West Lancashire 014A,E01025493,623,164,42,122,459,420,39
2021,West Lancashire 014B,E01025494,710,180,61,119,530,465,65
2021,West Lancashire 003B,E01025495,1040,353,150,203,687,526,161
2021,West Lancashire 001A,E01025496,626,174,58,116,452,356,96
2021,West Lancashire 001B,E01025497,808,237,83,154,571,452,119
2021,West Lancashire 001C,E01025498,688,229,73,156,459,393,66
2021,West Lancashire 006A,E01025499,669,221,75,146,448,399,49
2021,West Lancashire 007D,E01025500,675,256,114,142,419,359,60
2021,West Lancashire 006B,E01025501,445,143,51,92,302,254,48
2021,West Lancashire 006C,E01025502,717,212,71,141,505,429,76
2021,West Lancashire 014C,E01025503,633,175,50,125,458,413,45
2021,West Lancashire 014D,E01025504,434,116,40,76,318,273,45
2021,West Lancashire 014E,E01025505,686,190,60,130,496,434,62
2021,West Lancashire 008C,E01025506,947,276,112,164,671,513,158
2021,West Lancashire 002A,E01025507,974,297,86,211,677,555,122
2021,West Lancashire 002B,E01025508,671,220,77,143,451,366,85
2021,West Lancashire 002C,E01025509,558,188,78,110,370,309,61
2021,West Lancashire 005A,E01025510,562,178,85,93,384,298,86
2021,West Lancashire 005B,E01025511,540,165,66,99,375,284,91
2021,West Lancashire 005C,E01025512,585,178,68,110,407,351,56
2021,West Lancashire 002D,E01025513,962,307,124,183,655,524,131
2021,West Lancashire 003C,E01025514,1158,390,118,272,768,612,156
2021,West Lancashire 003D,E01025515,715,245,91,154,470,358,112
2021,West Lancashire 006D,E01025516,691,199,71,128,492,425,67
2021,West Lancashire 006E,E01025517,1065,313,103,210,752,672,80
2021,West Lancashire 007E,E01025518,594,257,114,143,337,284,53
2021,West Lancashire 006F,E01025519,569,179,69,110,390,331,59
2021,West Lancashire 010E,E01025520,536,185,61,124,351,324,27
2021,West Lancashire 010F,E01025521,701,214,69,145,487,426,61
2021,West Lancashire 009D,E01025522,477,145,42,103,332,286,46
2021,West Lancashire 011A,E01025523,836,237,69,168,599,521,78
2021,West Lancashire 011B,E01025524,652,167,53,114,485,419,66
2021,West Lancashire 011C,E01025525,778,227,67,160,551,505,46
2021,West Lancashire 011D,E01025526,771,201,47,154,570,501,69
2021,West Lancashire 013B,E01025527,617,162,47,115,455,404,51
2021,West Lancashire 013C,E01025528,875,236,63,173,639,567,72
2021,West Lancashire 013D,E01025529,862,202,55,147,660,579,81
2021,West Lancashire 001D,E01025530,788,227,89,138,561,436,125
2021,West Lancashire 002E,E01025531,545,167,66,101,378,262,116
2021,West Lancashire 001E,E01025532,831,228,77,151,603,485,118
2021,West Lancashire 001F,E01025533,709,200,75,125,509,408,101
2021,West Lancashire 015A,E01025534,855,221,65,156,634,526,108
2021,West Lancashire 015B,E01025535,817,218,65,153,599,486,113
2021,West Lancashire 015C,E01025536,601,164,41,123,437,390,47
2021,West Lancashire 015D,E01025537,756,198,66,132,558,485,73
2021,West Lancashire 005D,E01025538,710,215,84,131,495,396,99
2021,West Lancashire 005E,E01025539,668,179,50,129,489,388,101
2021,West Lancashire 015E,E01025540,555,170,59,111,385,315,70
2021,Wyre 011A,E01025541,1297,354,100,254,943,820,123
2021,Wyre 010A,E01025542,829,250,78,172,579,511,68
2021,Wyre 011B,E01025543,816,260,79,181,556,482,74
2021,Wyre 011C,E01025544,564,193,56,137,371,316,55
2021,Wyre 013A,E01025545,1016,286,99,187,730,614,116
2021,Wyre 013B,E01025546,787,236,74,162,551,471,80
2021,Wyre 006A,E01025547,1157,353,142,211,804,582,222
2021,Wyre 007A,E01025548,588,213,87,126,375,291,84
2021,Wyre 006B,E01025549,1135,335,126,209,800,643,157
2021,Wyre 012A,E01025550,697,210,79,131,487,421,66
2021,Wyre 013C,E01025551,554,181,60,121,373,311,62
2021,Wyre 012B,E01025552,558,161,52,109,397,335,62
2021,Wyre 007B,E01025553,1469,445,143,302,1024,833,191
2021,Wyre 008A,E01025554,503,186,60,126,317,274,43
2021,Wyre 010B,E01025555,460,145,34,111,315,282,33
2021,Wyre 008B,E01025556,678,227,74,153,451,388,63
2021,Wyre 005A,E01025557,668,201,52,149,467,406,61
2021,Wyre 007C,E01025558,552,210,83,127,342,289,53
2021,Wyre 007D,E01025559,1024,313,121,192,711,567,144
2021,Wyre 007E,E01025560,463,152,56,96,311,259,52
2021,Wyre 009A,E01025561,801,210,88,122,591,468,123
2021,Wyre 009B,E01025562,1229,372,150,222,857,648,209
2021,Wyre 004A,E01025563,431,147,50,97,284,218,66
2021,Wyre 004B,E01025564,775,245,87,158,530,430,100
2021,Wyre 004C,E01025565,770,251,93,158,519,403,116
2021,Wyre 014A,E01025566,877,280,104,176,597,475,122
2021,Wyre 013D,E01025567,742,248,99,149,494,429,65
2021,Wyre 014B,E01025568,917,268,78,190,649,571,78
2021,Wyre 014C,E01025569,855,290,120,170,565,499,66
2021,Wyre 008C,E01025570,390,150,47,103,240,204,36
2021,Wyre 008D,E01025571,569,179,51,128,390,334,56
2021,Wyre 008E,E01025572,446,147,54,93,299,250,49
2021,Wyre 001A,E01025573,617,206,60,146,411,337,74
2021,Wyre 001B,E01025574,518,201,65,136,317,284,33
2021,Wyre 005B,E01025575,738,228,57,171,510,443,67
2021,Wyre 011D,E01025576,1087,348,107,241,739,622,117
2021,Wyre 011E,E01025577,588,202,64,138,386,340,46
2021,Wyre 005C,E01025578,681,213,65,148,468,408,60
2021,Wyre 005D,E01025579,499,193,48,145,306,265,41
2021,Wyre 005E,E01025580,504,176,55,121,328,292,36
2021,Wyre 001C,E01025581,601,208,57,151,393,333,60
2021,Wyre 001D,E01025582,458,149,46,103,309,271,38
2021,Wyre 001E,E01025583,528,180,60,120,348,309,39
2021,Wyre 001F,E01025584,465,160,55,105,305,248,57
2021,Wyre 009C,E01025585,1195,374,126,248,821,590,231
2021,Wyre 004D,E01025586,531,189,53,136,342,290,52
2021,Wyre 004E,E01025587,597,215,67,148,382,304,78
2021,Wyre 004F,E01025588,421,147,65,82,274,224,50
2021,Wyre 004G,E01025589,574,187,58,129,387,302,85
2021,Wyre 003A,E01025590,511,181,49,132,330,296,34
2021,Wyre 003B,E01025591,562,178,53,125,384,325,59
2021,Wyre 003C,E01025592,398,172,58,114,226,205,21
2021,Wyre 003D,E01025593,532,159,40,119,373,288,85
2021,Wyre 012C,E01025594,576,178,53,125,398,344,54
2021,Wyre 012D,E01025595,598,204,74,130,394,331,63
2021,Wyre 012E,E01025596,1009,327,99,228,682,576,106
2021,Wyre 012F,E01025597,473,144,50,94,329,277,52
2021,Wyre 013E,E01025598,640,194,66,128,446,400,46
2021,Wyre 014D,E01025599,452,134,50,84,318,275,43
2021,Wyre 014E,E01025600,737,219,70,149,518,441,77
2021,Wyre 010C,E01025601,548,205,81,124,343,294,49
2021,Wyre 010D,E01025602,828,250,67,183,578,488,90
2021,Wyre 010E,E01025603,554,186,57,129,368,312,56
2021,Wyre 008F,E01025604,651,230,78,152,421,355,66
2021,Wyre 002A,E01025605,594,200,60,140,394,333,61
2021,Wyre 002B,E01025606,432,166,56,110,266,230,36
2021,Wyre 002C,E01025607,680,222,67,155,458,374,84
2021,Wyre 002D,E01025608,711,217,54,163,494,432,62
2021,Wyre 006C,E01025609,1139,361,130,231,778,592,186
2021,Blaby 008A,E01025610,797,257,74,183,540,478,62
2021,Blaby 008B,E01025611,749,236,71,165,513,434,79
2021,Blaby 008C,E01025612,921,278,75,203,643,526,117
2021,Blaby 010A,E01025613,704,208,65,143,496,390,106
2021,Blaby 010B,E01025614,816,238,67,171,578,496,82
2021,Blaby 009A,E01025615,1314,351,108,243,963,801,162
2021,Blaby 011A,E01025616,1013,325,108,217,688,569,119
2021,Blaby 011B,E01025617,1002,285,91,194,717,612,105
2021,Blaby 011C,E01025618,800,232,90,142,568,490,78
2021,Blaby 011D,E01025619,1060,309,84,225,751,630,121
2021,Blaby 010C,E01025620,573,170,71,99,403,348,55
2021,Blaby 010D,E01025621,649,198,67,131,451,375,76
2021,Blaby 013A,E01025622,824,232,80,152,592,520,72
2021,Blaby 013B,E01025623,819,232,75,157,587,502,85
2021,Blaby 013C,E01025624,1319,358,99,259,961,830,131
2021,Blaby 006A,E01025625,570,155,52,103,415,348,67
2021,Blaby 006B,E01025626,1509,313,98,215,1196,1038,158
2021,Blaby 006C,E01025627,1212,355,110,245,857,740,117
2021,Blaby 013D,E01025629,679,194,57,137,485,442,43
2021,Blaby 013E,E01025630,877,253,74,179,624,539,85
2021,Blaby 002A,E01025631,825,249,63,186,576,499,77
2021,Blaby 002B,E01025632,769,209,77,132,560,477,83
2021,Blaby 002C,E01025633,963,252,88,164,711,613,98
2021,Blaby 003A,E01025634,1004,277,91,186,727,617,110
2021,Blaby 002D,E01025635,633,188,59,129,445,389,56
2021,Blaby 005A,E01025636,617,201,67,134,416,372,44
2021,Blaby 005B,E01025637,663,180,60,120,483,443,40
2021,Blaby 003B,E01025638,609,201,70,131,408,330,78
2021,Blaby 003C,E01025639,605,191,67,124,414,339,75
2021,Blaby 003D,E01025640,754,223,84,139,531,430,101
2021,Blaby 007A,E01025641,964,277,78,199,687,589,98
2021,Blaby 007B,E01025642,977,260,67,193,717,605,112
2021,Blaby 007C,E01025643,884,238,77,161,646,564,82
2021,Blaby 010E,E01025644,855,260,73,187,595,515,80
2021,Blaby 003E,E01025645,590,179,55,124,411,330,81
2021,Blaby 009B,E01025646,823,231,71,160,592,504,88
2021,Blaby 009C,E01025647,755,214,72,142,541,482,59
2021,Blaby 009D,E01025648,1188,340,107,233,848,718,130
2021,Blaby 007D,E01025649,903,251,85,166,652,574,78
2021,Blaby 007E,E01025650,796,218,70,148,578,510,68
2021,Blaby 006D,E01025651,805,240,89,151,565,498,67
2021,Blaby 005C,E01025652,682,207,67,140,475,426,49
2021,Blaby 005D,E01025653,792,241,74,167,551,494,57
2021,Blaby 005E,E01025654,630,187,59,128,443,402,41
2021,Blaby 005F,E01025655,805,220,62,158,585,517,68
2021,Blaby 005G,E01025656,674,207,57,150,467,404,63
2021,Blaby 006E,E01025657,910,271,90,181,639,546,93
2021,Blaby 008D,E01025658,979,261,77,184,718,625,93
2021,Blaby 008E,E01025659,867,249,94,155,618,514,104
2021,Blaby 006F,E01025660,823,221,68,153,602,535,67
2021,Blaby 012A,E01025661,1364,352,98,254,1012,871,141
2021,Blaby 012B,E01025662,958,264,103,161,694,603,91
2021,Blaby 012C,E01025663,795,236,82,154,559,454,105
2021,Blaby 012D,E01025664,627,168,64,104,459,386,73
2021,Blaby 012E,E01025665,899,247,101,146,652,534,118
2021,Blaby 004A,E01025666,715,211,68,143,504,437,67
2021,Blaby 004B,E01025667,599,193,52,141,406,352,54
2021,Blaby 004C,E01025668,1270,300,82,218,970,856,114
2021,Blaby 004D,E01025669,1267,294,75,219,973,847,126
2021,Charnwood 022A,E01025670,572,167,56,111,405,358,47
2021,Charnwood 022B,E01025671,1248,332,97,235,916,778,138
2021,Charnwood 022C,E01025672,1146,353,110,243,793,671,122
2021,Charnwood 022D,E01025673,907,229,76,153,678,587,91
2021,Charnwood 011A,E01025674,957,294,99,195,663,561,102
2021,Charnwood 011B,E01025675,734,201,80,121,533,447,86
2021,Charnwood 011C,E01025676,1273,378,120,258,895,731,164
2021,Charnwood 011D,E01025677,689,180,69,111,509,436,73
2021,Charnwood 020A,E01025678,920,280,79,201,640,566,74
2021,Charnwood 019B,E01025680,802,256,87,169,546,503,43
2021,Charnwood 019C,E01025681,793,285,96,189,508,441,67
2021,Charnwood 019D,E01025682,598,192,56,136,406,352,54
2021,Charnwood 020B,E01025683,853,255,76,179,598,535,63
2021,Charnwood 020C,E01025684,977,288,79,209,689,607,82
2021,Charnwood 015A,E01025685,608,183,53,130,425,377,48
2021,Charnwood 015B,E01025686,824,234,67,167,590,509,81
2021,Charnwood 016A,E01025687,755,244,108,136,511,382,129
2021,Charnwood 016B,E01025688,769,269,116,153,500,378,122
2021,Charnwood 007A,E01025689,864,344,163,181,520,457,63
2021,Charnwood 007B,E01025690,725,376,238,138,349,304,45
2021,Charnwood 001B,E01025692,1054,292,93,199,762,665,97
2021,Charnwood 001C,E01025693,1137,308,105,203,829,704,125
2021,Charnwood 004A,E01025695,676,179,55,124,497,437,60
2021,Charnwood 004B,E01025696,646,189,50,139,457,399,58
2021,Charnwood 004C,E01025697,510,142,48,94,368,325,43
2021,Charnwood 004D,E01025698,713,215,66,149,498,439,59
2021,Charnwood 002A,E01025699,660,215,81,134,445,391,54
2021,Charnwood 002B,E01025700,1080,306,97,209,774,678,96
2021,Charnwood 002C,E01025701,822,268,100,168,554,489,65
2021,Charnwood 009A,E01025702,589,175,52,123,414,363,51
2021,Charnwood 002D,E01025703,946,280,98,182,666,573,93
2021,Charnwood 002E,E01025704,692,235,108,127,457,405,52
2021,Charnwood 002F,E01025705,813,277,101,176,536,465,71
2021,Charnwood 002G,E01025706,831,285,92,193,546,488,58
2021,Charnwood 007C,E01025707,579,185,76,109,394,346,48
2021,Charnwood 010A,E01025708,523,160,56,104,363,313,50
2021,Charnwood 007D,E01025709,646,273,132,141,373,292,81
2021,Charnwood 010B,E01025710,543,169,56,113,374,311,63
2021,Charnwood 010C,E01025711,599,195,75,120,404,336,68
2021,Charnwood 010D,E01025712,620,209,75,134,411,345,66
2021,Charnwood 010E,E01025713,646,229,100,129,417,353,64
2021,Charnwood 009B,E01025715,696,194,55,139,502,437,65
2021,Charnwood 009C,E01025716,718,242,90,152,476,420,56
2021,Charnwood 009E,E01025718,493,181,66,115,312,259,53
2021,Charnwood 009F,E01025719,701,217,88,129,484,397,87
2021,Charnwood 003A,E01025720,687,353,189,164,334,291,43
2021,Charnwood 003B,E01025721,546,258,155,103,288,254,34
2021,Charnwood 003C,E01025722,473,145,54,91,328,275,53
2021,Charnwood 003D,E01025723,679,288,169,119,391,349,42
2021,Charnwood 003E,E01025724,563,227,142,85,336,297,39
2021,Charnwood 003F,E01025725,487,155,45,110,332,294,38
2021,Charnwood 014A,E01025726,1037,256,76,180,781,670,111
2021,Charnwood 014B,E01025727,706,227,72,155,479,421,58
2021,Charnwood 014C,E01025728,1030,289,102,187,741,634,107
2021,Charnwood 014D,E01025729,849,264,79,185,585,521,64
2021,Charnwood 015C,E01025730,1541,420,158,262,1121,927,194
2021,Charnwood 015D,E01025731,880,271,92,179,609,530,79
2021,Charnwood 012A,E01025732,942,289,96,193,653,545,108
2021,Charnwood 012B,E01025733,843,255,110,145,588,475,113
2021,Charnwood 012C,E01025734,762,240,88,152,522,419,103
2021,Charnwood 012D,E01025735,978,269,85,184,709,591,118
2021,Charnwood 016C,E01025736,685,197,70,127,488,398,90
2021,Charnwood 014E,E01025737,1542,413,134,279,1129,958,171
2021,Charnwood 016D,E01025738,762,229,88,141,533,400,133
2021,Charnwood 014F,E01025739,1166,313,113,200,853,708,145
2021,Charnwood 006A,E01025740,765,197,68,129,568,487,81
2021,Charnwood 006B,E01025741,707,197,61,136,510,443,67
2021,Charnwood 006C,E01025742,732,203,59,144,529,451,78
2021,Charnwood 006D,E01025743,1214,335,110,225,879,774,105
2021,Charnwood 005A,E01025744,1403,357,101,256,1046,891,155
2021,Charnwood 005B,E01025745,672,200,79,121,472,411,61
2021,Charnwood 005C,E01025746,976,254,72,182,722,608,114
2021,Charnwood 005D,E01025747,879,244,70,174,635,544,91
2021,Charnwood 013A,E01025748,1129,293,80,213,836,706,130
2021,Charnwood 013B,E01025749,1111,289,87,202,822,706,116
2021,Charnwood 013C,E01025750,955,281,83,198,674,587,87
2021,Charnwood 013D,E01025751,1141,307,86,221,834,722,112
2021,Charnwood 018A,E01025752,1432,404,130,274,1028,902,126
2021,Charnwood 018B,E01025753,749,234,63,171,515,448,67
2021,Charnwood 018C,E01025754,598,184,55,129,414,365,49
2021,Charnwood 018D,E01025755,745,208,72,136,537,469,68
2021,Charnwood 017A,E01025756,1005,249,82,167,756,640,116
2021,Charnwood 017B,E01025757,726,215,66,149,511,455,56
2021,Charnwood 017C,E01025758,883,251,72,179,632,529,103
2021,Charnwood 017D,E01025759,612,202,65,137,410,353,57
2021,Charnwood 008A,E01025760,666,206,91,115,460,364,96
2021,Charnwood 008B,E01025761,981,287,111,176,694,529,165
2021,Charnwood 021A,E01025762,701,205,53,152,496,450,46
2021,Charnwood 021B,E01025763,755,242,71,171,513,460,53
2021,Charnwood 021C,E01025764,681,219,73,146,462,414,48
2021,Charnwood 021D,E01025765,704,208,69,139,496,450,46
2021,Charnwood 021E,E01025766,968,291,88,203,677,599,78
2021,Charnwood 021F,E01025767,768,240,57,183,528,471,57
2021,Charnwood 008C,E01025768,701,240,84,156,461,365,96
2021,Charnwood 008D,E01025769,760,240,101,139,520,395,125
2021,Harborough 002A,E01025770,939,278,105,173,661,479,182
2021,Harborough 004A,E01025772,1317,370,122,248,947,801,146
2021,Harborough 004B,E01025773,857,221,78,143,636,528,108
2021,Harborough 004C,E01025774,929,252,71,181,677,579,98
2021,Harborough 004D,E01025775,1113,319,106,213,794,678,116
2021,Harborough 004E,E01025776,975,313,105,208,662,544,118
2021,Harborough 006A,E01025777,1175,402,157,245,773,596,177
2021,Harborough 005B,E01025778,1041,296,103,193,745,619,126
2021,Harborough 005C,E01025779,746,236,87,149,510,426,84
2021,Harborough 005D,E01025780,713,218,79,139,495,433,62
2021,Harborough 003A,E01025781,867,245,89,156,622,469,153
2021,Harborough 003B,E01025782,633,158,50,108,475,403,72
2021,Harborough 003C,E01025783,1124,339,140,199,785,639,146
2021,Harborough 005E,E01025784,727,210,99,111,517,380,137
2021,Harborough 003E,E01025786,1048,310,95,215,738,622,116
2021,Harborough 003F,E01025787,708,253,100,153,455,361,94
2021,Harborough 005F,E01025788,671,200,95,105,471,349,122
2021,Harborough 007A,E01025789,840,244,99,145,596,496,100
2021,Harborough 010A,E01025790,1297,354,101,253,943,795,148
2021,Harborough 010B,E01025791,1375,374,108,266,1001,820,181
2021,Harborough 010C,E01025792,1037,310,116,194,727,592,135
2021,Harborough 007B,E01025794,886,270,111,159,616,490,126
2021,Harborough 008A,E01025795,808,251,86,165,557,470,87
2021,Harborough 008B,E01025796,988,299,110,189,689,598,91
2021,Harborough 007C,E01025797,1063,342,127,215,721,561,160
2021,Harborough 009A,E01025798,1141,330,121,209,811,668,143
2021,Harborough 009B,E01025799,1205,353,131,222,852,697,155
2021,Harborough 009C,E01025800,685,209,66,143,476,393,83
2021,Harborough 008C,E01025801,621,176,63,113,445,368,77
2021,Harborough 007D,E01025802,588,201,78,123,387,313,74
2021,Harborough 007E,E01025803,904,250,99,151,654,538,116
2021,Harborough 009D,E01025804,901,230,75,155,671,563,108
2021,Harborough 008D,E01025806,694,237,78,159,457,375,82
2021,Harborough 009E,E01025807,756,235,81,154,521,443,78
2021,Harborough 006B,E01025808,1630,460,186,274,1170,876,294
2021,Harborough 002B,E01025809,1160,370,150,220,790,572,218
2021,Harborough 006C,E01025810,1194,388,161,227,806,581,225
2021,Harborough 011A,E01025812,822,265,102,163,557,476,81
2021,Harborough 011B,E01025813,1058,294,95,199,764,663,101
2021,Harborough 011C,E01025814,801,243,86,157,558,464,94
2021,Harborough 002C,E01025815,1160,359,165,194,801,554,247
2021,Harborough 006D,E01025816,1283,367,141,226,916,728,188
2021,Hinckley and Bosworth 008A,E01025817,1107,348,126,222,759,619,140
2021,Hinckley and Bosworth 008B,E01025818,776,232,73,159,544,399,145
2021,Hinckley and Bosworth 004A,E01025819,815,237,86,151,578,476,102
2021,Hinckley and Bosworth 004B,E01025820,819,246,70,176,573,494,79
2021,Hinckley and Bosworth 007A,E01025821,939,237,75,162,702,596,106
2021,Hinckley and Bosworth 007B,E01025822,651,174,58,116,477,418,59
2021,Hinckley and Bosworth 007C,E01025823,748,223,72,151,525,440,85
2021,Hinckley and Bosworth 007D,E01025824,693,189,51,138,504,429,75
2021,Hinckley and Bosworth 007E,E01025825,672,197,74,123,475,404,71
2021,Hinckley and Bosworth 007F,E01025826,780,217,68,149,563,483,80
2021,Hinckley and Bosworth 013A,E01025827,581,173,63,110,408,361,47
2021,Hinckley and Bosworth 013B,E01025828,734,223,69,154,511,427,84
2021,Hinckley and Bosworth 013C,E01025829,700,198,65,133,502,442,60
2021,Hinckley and Bosworth 013D,E01025830,704,199,73,126,505,421,84
2021,Hinckley and Bosworth 014A,E01025831,603,169,49,120,434,376,58
2021,Hinckley and Bosworth 014B,E01025832,1058,303,81,222,755,595,160
2021,Hinckley and Bosworth 014C,E01025833,1069,288,102,186,781,641,140
2021,Hinckley and Bosworth 014D,E01025834,781,227,74,153,554,478,76
2021,Hinckley and Bosworth 014E,E01025835,1298,317,111,206,981,856,125
2021,Hinckley and Bosworth 014F,E01025836,540,172,53,119,368,317,51
2021,Hinckley and Bosworth 004C,E01025837,1034,352,128,224,682,530,152
2021,Hinckley and Bosworth 004D,E01025838,586,189,77,112,397,308,89
2021,Hinckley and Bosworth 006A,E01025839,879,239,80,159,640,560,80
2021,Hinckley and Bosworth 006B,E01025840,817,223,55,168,594,503,91
2021,Hinckley and Bosworth 006C,E01025841,873,259,103,156,614,506,108
2021,Hinckley and Bosworth 006D,E01025842,944,256,85,171,688,583,105
2021,Hinckley and Bosworth 006E,E01025843,898,235,71,164,663,564,99
2021,Hinckley and Bosworth 006F,E01025844,721,193,64,129,528,462,66
2021,Hinckley and Bosworth 003A,E01025845,625,196,60,136,429,369,60
2021,Hinckley and Bosworth 002A,E01025846,1047,325,108,217,722,625,97
2021,Hinckley and Bosworth 002B,E01025847,879,258,78,180,621,549,72
2021,Hinckley and Bosworth 002C,E01025848,735,219,76,143,516,450,66
2021,Hinckley and Bosworth 012A,E01025849,1138,287,97,190,851,749,102
2021,Hinckley and Bosworth 010A,E01025850,741,194,62,132,547,480,67
2021,Hinckley and Bosworth 012B,E01025851,670,196,57,139,474,397,77
2021,Hinckley and Bosworth 010B,E01025852,1066,253,85,168,813,713,100
2021,Hinckley and Bosworth 011B,E01025854,1240,306,93,213,934,805,129
2021,Hinckley and Bosworth 011C,E01025855,771,216,57,159,555,493,62
2021,Hinckley and Bosworth 012C,E01025856,530,145,30,115,385,331,54
2021,Hinckley and Bosworth 012D,E01025857,794,207,66,141,587,513,74
2021,Hinckley and Bosworth 010C,E01025858,1200,272,91,181,928,802,126
2021,Hinckley and Bosworth 009A,E01025859,771,215,65,150,556,460,96
2021,Hinckley and Bosworth 009B,E01025860,687,197,74,123,490,415,75
2021,Hinckley and Bosworth 009C,E01025861,891,250,100,150,641,560,81
2021,Hinckley and Bosworth 009D,E01025862,900,250,96,154,650,550,100
2021,Hinckley and Bosworth 010D,E01025863,825,214,43,171,611,542,69
2021,Hinckley and Bosworth 008C,E01025864,1225,301,85,216,924,819,105
2021,Hinckley and Bosworth 010E,E01025865,896,240,61,179,656,579,77
2021,Hinckley and Bosworth 011D,E01025866,847,219,73,146,628,560,68
2021,Hinckley and Bosworth 011E,E01025867,681,192,55,137,489,415,74
2021,Hinckley and Bosworth 001A,E01025868,671,207,74,133,464,399,65
2021,Hinckley and Bosworth 001B,E01025869,628,182,58,124,446,381,65
2021,Hinckley and Bosworth 001C,E01025870,793,237,85,152,556,456,100
2021,Hinckley and Bosworth 001D,E01025871,734,191,59,132,543,451,92
2021,Hinckley and Bosworth 005A,E01025872,616,188,75,113,428,368,60
2021,Hinckley and Bosworth 005B,E01025873,810,232,91,141,578,435,143
2021,Hinckley and Bosworth 005C,E01025874,916,260,59,201,656,550,106
2021,Hinckley and Bosworth 005D,E01025875,852,223,66,157,629,531,98
2021,Hinckley and Bosworth 005E,E01025876,926,279,92,187,647,518,129
2021,Hinckley and Bosworth 003B,E01025877,857,225,69,156,632,555,77
2021,Hinckley and Bosworth 003C,E01025879,591,168,51,117,423,355,68
2021,Hinckley and Bosworth 003D,E01025880,844,271,71,200,573,490,83
2021,Hinckley and Bosworth 008D,E01025881,624,196,82,114,428,332,96
2021,Hinckley and Bosworth 004E,E01025882,900,254,108,146,646,498,148
2021,Melton 003A,E01025883,922,256,75,181,666,552,114
2021,Melton 003B,E01025884,877,249,80,169,628,520,108
2021,Melton 001A,E01025885,920,291,123,168,629,498,131
2021,Melton 001B,E01025886,761,248,82,166,513,407,106
2021,Melton 001C,E01025887,929,297,124,173,632,464,168
2021,Melton 003C,E01025888,997,323,135,188,674,521,153
2021,Melton 006A,E01025889,872,262,96,166,610,449,161
2021,Melton 001D,E01025890,673,205,79,126,468,370,98
2021,Melton 001E,E01025891,590,197,85,112,393,288,105
2021,Melton 001F,E01025892,823,240,91,149,583,435,148
2021,Melton 005A,E01025893,970,293,85,208,677,574,103
2021,Melton 005B,E01025894,757,230,78,152,527,435,92
2021,Melton 005C,E01025895,881,269,85,184,612,501,111
2021,Melton 004A,E01025896,807,238,77,161,569,481,88
2021,Melton 004B,E01025897,1140,311,103,208,829,722,107
2021,Melton 004C,E01025898,640,190,68,122,450,377,73
2021,Melton 004D,E01025899,696,211,74,137,485,415,70
2021,Melton 004E,E01025900,648,195,58,137,453,380,73
2021,Melton 002A,E01025901,894,276,91,185,618,507,111
2021,Melton 002B,E01025902,713,224,98,126,489,400,89
2021,Melton 002C,E01025903,1006,269,78,191,737,630,107
2021,Melton 002D,E01025904,1151,337,112,225,814,670,144
2021,Melton 004F,E01025905,682,216,65,151,466,407,59
2021,Melton 002E,E01025906,907,291,89,202,616,506,110
2021,Melton 005D,E01025907,824,258,86,172,566,475,91
2021,Melton 005E,E01025908,863,275,111,164,588,502,86
2021,Melton 003D,E01025909,982,292,95,197,690,503,187
2021,Melton 006B,E01025910,936,283,128,155,653,473,180
2021,Melton 006C,E01025911,844,251,97,154,593,456,137
2021,Melton 006D,E01025912,763,252,105,147,511,369,142
2021,North West Leicestershire 012A,E01025913,1261,390,150,240,871,653,218
2021,North West Leicestershire 006A,E01025914,608,183,70,113,425,355,70
2021,North West Leicestershire 003A,E01025915,532,156,77,79,376,306,70
2021,North West Leicestershire 003B,E01025916,920,228,79,149,692,602,90
2021,North West Leicestershire 003D,E01025918,730,213,71,142,517,417,100
2021,North West Leicestershire 006B,E01025919,655,211,66,145,444,362,82
2021,North West Leicestershire 006C,E01025920,914,262,89,173,652,523,129
2021,North West Leicestershire 006D,E01025921,945,254,82,172,691,582,109
2021,North West Leicestershire 002A,E01025923,687,215,89,126,472,370,102
2021,North West Leicestershire 001A,E01025924,593,169,73,96,424,341,83
2021,North West Leicestershire 001C,E01025926,1391,302,106,196,1089,924,165
2021,North West Leicestershire 001D,E01025927,750,199,64,135,551,475,76
2021,North West Leicestershire 001E,E01025928,713,186,71,115,527,446,81
2021,North West Leicestershire 010A,E01025929,1071,307,102,205,764,659,105
2021,North West Leicestershire 010B,E01025930,944,224,59,165,720,628,92
2021,North West Leicestershire 010C,E01025931,957,266,77,189,691,597,94
2021,North West Leicestershire 009A,E01025932,583,177,51,126,406,347,59
2021,North West Leicestershire 009B,E01025933,608,173,48,125,435,364,71
2021,North West Leicestershire 009C,E01025934,816,220,82,138,596,485,111
2021,North West Leicestershire 009D,E01025935,455,142,53,89,313,259,54
2021,North West Leicestershire 009E,E01025936,562,146,43,103,416,367,49
2021,North West Leicestershire 011B,E01025937,1307,302,105,197,1005,844,161
2021,North West Leicestershire 013A,E01025938,583,153,53,100,430,367,63
2021,North West Leicestershire 013B,E01025939,1087,302,90,212,785,657,128
2021,North West Leicestershire 013C,E01025940,1032,266,77,189,766,643,123
2021,North West Leicestershire 013D,E01025941,1026,267,94,173,759,642,117
2021,North West Leicestershire 013E,E01025942,1476,353,107,246,1123,959,164
2021,North West Leicestershire 013F,E01025943,897,254,71,183,643,530,113
2021,North West Leicestershire 002B,E01025944,884,228,90,138,656,542,114
2021,North West Leicestershire 002C,E01025945,733,219,85,134,514,419,95
2021,North West Leicestershire 002D,E01025946,822,222,85,137,600,516,84
2021,North West Leicestershire 012B,E01025947,993,260,71,189,733,591,142
2021,North West Leicestershire 012C,E01025948,961,236,79,157,725,621,104
2021,North West Leicestershire 012D,E01025949,743,186,62,124,557,473,84
2021,North West Leicestershire 008A,E01025950,1083,289,79,210,794,670,124
2021,North West Leicestershire 008B,E01025951,1042,267,84,183,775,634,141
2021,North West Leicestershire 008C,E01025952,733,220,85,135,513,435,78
2021,North West Leicestershire 008D,E01025953,681,203,75,128,478,391,87
2021,North West Leicestershire 008E,E01025954,832,231,84,147,601,478,123
2021,North West Leicestershire 005A,E01025955,944,271,111,160,673,533,140
2021,North West Leicestershire 005B,E01025956,623,172,71,101,451,369,82
2021,North West Leicestershire 010D,E01025957,1126,285,82,203,841,719,122
2021,North West Leicestershire 011C,E01025958,1171,300,108,192,871,771,100
2021,North West Leicestershire 011D,E01025959,1395,327,101,226,1068,909,159
2021,North West Leicestershire 004A,E01025960,646,192,62,130,454,391,63
2021,North West Leicestershire 004B,E01025961,636,151,51,100,485,415,70
2021,North West Leicestershire 004C,E01025962,740,207,69,138,533,445,88
2021,North West Leicestershire 005C,E01025963,809,242,97,145,567,438,129
2021,North West Leicestershire 005D,E01025964,825,263,112,151,562,434,128
2021,North West Leicestershire 004D,E01025965,641,209,87,122,432,348,84
2021,North West Leicestershire 007A,E01025966,715,182,57,125,533,465,68
2021,North West Leicestershire 007B,E01025967,699,188,50,138,511,441,70
2021,North West Leicestershire 007C,E01025968,942,261,73,188,681,575,106
2021,North West Leicestershire 007D,E01025969,896,231,69,162,665,565,100
2021,Oadby and Wigston 003A,E01025970,756,220,71,149,536,468,68
2021,Oadby and Wigston 003B,E01025971,513,141,42,99,372,326,46
2021,Oadby and Wigston 003C,E01025972,547,183,60,123,364,301,63
2021,Oadby and Wigston 010C,E01025973,946,385,167,218,561,466,95
2021,Oadby and Wigston 010A,E01025974,803,265,103,162,538,449,89
2021,Oadby and Wigston 010D,E01025975,644,195,69,126,449,357,92
2021,Oadby and Wigston 003D,E01025976,528,172,49,123,356,303,53
2021,Oadby and Wigston 003E,E01025977,592,202,56,146,390,338,52
2021,Oadby and Wigston 003F,E01025978,717,227,82,145,490,427,63
2021,Oadby and Wigston 011C,E01025979,666,184,67,117,482,428,54
2021,Oadby and Wigston 010B,E01025980,666,222,84,138,444,399,45
2021,Oadby and Wigston 011E,E01025981,759,241,84,157,518,463,55
2021,Oadby and Wigston 011B,E01025982,955,294,94,200,661,559,102
2021,Oadby and Wigston 011D,E01025983,558,174,60,114,384,351,33
2021,Oadby and Wigston 011A,E01025984,701,197,68,129,504,445,59
2021,Oadby and Wigston 006A,E01025985,532,175,60,115,357,314,43
2021,Oadby and Wigston 006B,E01025986,661,193,50,143,468,413,55
2021,Oadby and Wigston 006C,E01025987,810,241,69,172,569,491,78
2021,Oadby and Wigston 006D,E01025988,961,256,79,177,705,636,69
2021,Oadby and Wigston 006E,E01025989,856,253,62,191,603,538,65
2021,Oadby and Wigston 007A,E01025990,568,176,55,121,392,344,48
2021,Oadby and Wigston 007B,E01025991,635,204,69,135,431,387,44
2021,Oadby and Wigston 005A,E01025992,742,199,72,127,543,474,69
2021,Oadby and Wigston 007C,E01025993,656,197,60,137,459,406,53
2021,Oadby and Wigston 005B,E01025994,801,263,73,190,538,476,62
2021,Oadby and Wigston 008A,E01025995,714,219,57,162,495,436,59
2021,Oadby and Wigston 005C,E01025997,678,211,69,142,467,417,50
2021,Oadby and Wigston 007D,E01025998,1194,317,89,228,877,766,111
2021,Oadby and Wigston 005D,E01025999,681,198,71,127,483,429,54
2021,Oadby and Wigston 007E,E01026000,511,157,47,110,354,312,42
2021,Oadby and Wigston 007F,E01026001,669,209,73,136,460,415,45
2021,Oadby and Wigston 008B,E01026003,714,230,59,171,484,429,55
2021,Oadby and Wigston 008C,E01026004,833,286,78,208,547,479,68
2021,Oadby and Wigston 005E,E01026005,745,192,61,131,553,480,73
2021,Boston 001A,E01026007,491,161,55,106,330,263,67
2021,Boston 001B,E01026008,580,198,62,136,382,305,77
2021,Boston 001C,E01026009,547,183,72,111,364,264,100
2021,Boston 002A,E01026010,819,217,63,154,602,525,77
2021,Boston 004A,E01026012,432,145,28,117,287,241,46
2021,Boston 008A,E01026013,646,203,55,148,443,373,70
2021,Boston 008B,E01026014,966,294,75,219,672,554,118
2021,Boston 004B,E01026015,929,244,62,182,685,568,117
2021,Boston 006A,E01026016,1104,348,114,234,756,567,189
2021,Boston 007A,E01026017,733,215,77,138,518,401,117
2021,Boston 007B,E01026018,755,228,93,135,527,403,124
2021,Boston 007C,E01026019,1267,367,95,272,900,725,175
2021,Boston 007D,E01026020,1422,406,110,296,1016,790,226
2021,Boston 003B,E01026021,857,237,66,171,620,520,100
2021,Boston 008C,E01026022,1001,281,79,202,720,604,116
2021,Boston 001D,E01026023,575,197,71,126,378,255,123
2021,Boston 001E,E01026024,968,315,100,215,653,504,149
2021,Boston 003C,E01026025,1346,321,104,217,1025,864,161
2021,Boston 004C,E01026026,1042,290,77,213,752,648,104
2021,Boston 004D,E01026027,944,259,59,200,685,559,126
2021,Boston 004E,E01026028,884,253,77,176,631,536,95
2021,Boston 002C,E01026030,1194,284,66,218,910,775,135
2021,Boston 009B,E01026031,729,210,61,149,519,433,86
2021,Boston 002D,E01026032,1060,221,64,157,839,717,122
2021,Boston 006B,E01026033,1110,323,107,216,787,612,175
2021,Boston 006C,E01026034,807,238,77,161,569,441,128
2021,Boston 009C,E01026035,1297,367,104,263,930,773,157
2021,Boston 003D,E01026036,802,218,69,149,584,504,80
2021,Boston 002E,E01026037,760,202,58,144,558,460,98
2021,Boston 008D,E01026038,722,179,44,135,543,440,103
2021,Boston 009D,E01026039,551,180,46,134,371,294,77
2021,Boston 008E,E01026040,905,244,65,179,661,542,119
2021,Boston 007E,E01026041,575,185,57,128,390,334,56
2021,East Lindsey 008A,E01026042,660,249,76,173,411,324,87
2021,East Lindsey 008B,E01026043,680,215,51,164,465,358,107
2021,East Lindsey 008C,E01026044,508,184,73,111,324,252,72
2021,East Lindsey 001A,E01026045,745,250,106,144,495,382,113
2021,East Lindsey 013A,E01026046,552,207,76,131,345,275,70
2021,East Lindsey 013B,E01026047,478,172,52,120,306,241,65
2021,East Lindsey 010A,E01026048,416,192,73,119,224,173,51
2021,East Lindsey 010B,E01026049,514,199,65,134,315,240,75
2021,East Lindsey 010C,E01026050,410,149,37,112,261,205,56
2021,East Lindsey 016A,E01026051,678,192,64,128,486,401,85
2021,East Lindsey 016B,E01026052,1349,240,81,159,1109,937,172
2021,East Lindsey 016C,E01026053,957,264,86,178,693,555,138
2021,East Lindsey 016D,E01026054,660,206,73,133,454,367,87
2021,East Lindsey 013C,E01026055,456,168,63,105,288,207,81
2021,East Lindsey 017A,E01026056,554,206,84,122,348,250,98
2021,East Lindsey 018A,E01026057,917,294,114,180,623,457,166
2021,East Lindsey 002A,E01026058,1062,357,112,245,705,560,145
2021,East Lindsey 013D,E01026059,437,168,66,102,269,219,50
2021,East Lindsey 009A,E01026060,535,194,81,113,341,239,102
2021,East Lindsey 001B,E01026061,488,160,45,115,328,264,64
2021,East Lindsey 001C,E01026062,526,172,55,117,354,284,70
2021,East Lindsey 001D,E01026063,692,212,71,141,480,394,86
2021,East Lindsey 011A,E01026064,692,258,88,170,434,368,66
2021,East Lindsey 011B,E01026065,816,256,80,176,560,472,88
2021,East Lindsey 011C,E01026066,899,299,91,208,600,487,113
2021,East Lindsey 011D,E01026067,865,285,106,179,580,462,118
2021,East Lindsey 009B,E01026068,930,336,124,212,594,441,153
2021,East Lindsey 010D,E01026069,732,312,119,193,420,328,92
2021,East Lindsey 009C,E01026070,998,350,137,213,648,491,157
2021,East Lindsey 007A,E01026071,904,325,118,207,579,439,140
2021,East Lindsey 005A,E01026072,611,269,76,193,342,280,62
2021,East Lindsey 005B,E01026073,549,251,88,163,298,245,53
2021,East Lindsey 005C,E01026074,603,237,69,168,366,296,70
2021,East Lindsey 018B,E01026075,888,299,120,179,589,417,172
2021,East Lindsey 002B,E01026076,924,324,127,197,600,443,157
2021,East Lindsey 003A,E01026077,601,204,70,134,397,323,74
2021,East Lindsey 003B,E01026078,428,132,47,85,296,250,46
2021,East Lindsey 002C,E01026079,770,289,97,192,481,351,130
2021,East Lindsey 001E,E01026080,842,283,105,178,559,412,147
2021,East Lindsey 004A,E01026081,1028,341,107,234,687,558,129
2021,East Lindsey 007B,E01026082,982,328,124,204,654,479,175
2021,East Lindsey 015A,E01026083,488,202,47,155,286,248,38
2021,East Lindsey 012A,E01026084,621,232,57,175,389,333,56
2021,East Lindsey 003C,E01026087,611,185,50,135,426,352,74
2021,East Lindsey 003D,E01026088,581,178,48,130,403,343,60
2021,East Lindsey 004C,E01026089,839,293,130,163,546,435,111
2021,East Lindsey 003E,E01026090,507,180,55,125,327,271,56
2021,East Lindsey 003F,E01026091,530,166,54,112,364,294,70
2021,East Lindsey 014A,E01026092,573,222,71,151,351,292,59
2021,East Lindsey 014B,E01026093,725,289,102,187,436,357,79
2021,East Lindsey 015B,E01026094,669,257,60,197,412,352,60
2021,East Lindsey 014C,E01026095,509,196,72,124,313,263,50
2021,East Lindsey 015C,E01026096,685,235,87,148,450,354,96
2021,East Lindsey 015D,E01026097,512,200,60,140,312,255,57
2021,East Lindsey 018C,E01026098,893,300,90,210,593,455,138
2021,East Lindsey 005D,E01026099,762,307,133,174,455,322,133
2021,East Lindsey 013E,E01026100,813,288,86,202,525,421,104
2021,East Lindsey 013F,E01026101,482,160,42,118,322,256,66
2021,East Lindsey 018D,E01026102,941,298,103,195,643,500,143
2021,East Lindsey 006A,E01026103,485,193,52,141,292,237,55
2021,East Lindsey 006B,E01026104,492,211,73,138,281,218,63
2021,East Lindsey 009D,E01026105,965,366,133,233,599,417,182
2021,East Lindsey 001F,E01026106,521,160,58,102,361,273,88
2021,East Lindsey 001G,E01026107,610,218,94,124,392,299,93
2021,East Lindsey 003G,E01026108,1022,321,79,242,701,594,107
2021,East Lindsey 006C,E01026109,512,201,58,143,311,240,71
2021,East Lindsey 017B,E01026110,516,194,63,131,322,240,82
2021,East Lindsey 017C,E01026111,572,219,80,139,353,267,86
2021,East Lindsey 017D,E01026112,414,158,46,112,256,210,46
2021,East Lindsey 008D,E01026113,736,254,93,161,482,342,140
2021,East Lindsey 014D,E01026114,647,224,78,146,423,331,92
2021,East Lindsey 012C,E01026115,517,189,58,131,328,268,60
2021,East Lindsey 012D,E01026116,655,268,118,150,387,305,82
2021,East Lindsey 008E,E01026117,781,290,110,180,491,333,158
2021,East Lindsey 016E,E01026118,659,224,83,141,435,349,86
2021,East Lindsey 016F,E01026119,388,135,54,81,253,192,61
2021,East Lindsey 016G,E01026120,612,211,94,117,401,323,78
2021,East Lindsey 007C,E01026121,1127,321,91,230,806,632,174
2021,Lincoln 004A,E01026122,957,307,141,166,650,558,92
2021,Lincoln 004B,E01026123,1179,297,96,201,882,758,124
2021,Lincoln 004C,E01026124,1079,244,82,162,835,744,91
2021,Lincoln 003A,E01026125,704,198,71,127,506,446,60
2021,Lincoln 004D,E01026126,820,254,106,148,566,500,66
2021,Lincoln 007A,E01026127,598,190,51,139,408,358,50
2021,Lincoln 007C,E01026129,649,235,82,153,414,355,59
2021,Lincoln 009A,E01026130,596,177,64,113,419,342,77
2021,Lincoln 007D,E01026131,610,195,72,123,415,364,51
2021,Lincoln 005A,E01026132,1019,450,287,163,569,509,60
2021,Lincoln 006A,E01026134,1127,331,121,210,796,703,93
2021,Lincoln 008B,E01026135,824,224,72,152,600,521,79
2021,Lincoln 008C,E01026136,931,269,88,181,662,582,80
2021,Lincoln 011A,E01026137,616,187,49,138,429,353,76
2021,Lincoln 011B,E01026138,738,236,67,169,502,433,69
2021,Lincoln 011C,E01026139,675,218,58,160,457,404,53
2021,Lincoln 011D,E01026140,662,193,49,144,469,410,59
2021,Lincoln 011E,E01026141,825,238,80,158,587,508,79
2021,Lincoln 011F,E01026142,509,159,48,111,350,310,40
2021,Lincoln 003B,E01026144,982,359,171,188,623,550,73
2021,Lincoln 005C,E01026145,759,296,145,151,463,404,59
2021,Lincoln 005D,E01026146,641,372,224,148,269,244,25
2021,Lincoln 003C,E01026147,1329,375,134,241,954,817,137
2021,Lincoln 003D,E01026148,949,294,115,179,655,572,83
2021,Lincoln 001A,E01026149,713,234,77,157,479,434,45
2021,Lincoln 001B,E01026150,756,236,61,175,520,456,64
2021,Lincoln 003E,E01026151,1040,340,136,204,700,596,104
2021,Lincoln 004E,E01026152,536,218,65,153,318,274,44
2021,Lincoln 002A,E01026153,1287,354,93,261,933,802,131
2021,Lincoln 004F,E01026154,615,184,58,126,431,382,49
2021,Lincoln 002B,E01026155,1021,280,90,190,741,644,97
2021,Lincoln 004G,E01026156,560,218,59,159,342,298,44
2021,Lincoln 002C,E01026157,494,164,45,119,330,288,42
2021,Lincoln 009B,E01026158,612,168,55,113,444,378,66
2021,Lincoln 009C,E01026159,823,256,74,182,567,496,71
2021,Lincoln 009D,E01026160,707,196,56,140,511,422,89
2021,Lincoln 010A,E01026161,604,186,49,137,418,370,48
2021,Lincoln 009E,E01026162,642,211,64,147,431,362,69
2021,Lincoln 009F,E01026163,706,199,69,130,507,447,60
2021,Lincoln 003F,E01026164,616,239,89,150,377,309,68
2021,Lincoln 002D,E01026165,732,231,63,168,501,423,78
2021,Lincoln 001C,E01026166,580,214,76,138,366,319,47
2021,Lincoln 003G,E01026167,856,267,112,155,589,467,122
2021,Lincoln 001D,E01026168,699,244,59,185,455,395,60
2021,Lincoln 011G,E01026169,697,218,75,143,479,402,77
2021,Lincoln 010B,E01026170,679,216,61,155,463,399,64
2021,Lincoln 011H,E01026171,702,215,77,138,487,409,78
2021,Lincoln 010C,E01026172,682,233,67,166,449,396,53
2021,Lincoln 010D,E01026173,570,225,73,152,345,298,47
2021,Lincoln 008D,E01026174,826,225,70,155,601,532,69
2021,Lincoln 010E,E01026175,1015,255,86,169,760,668,92
2021,Lincoln 006B,E01026176,997,330,138,192,667,574,93
2021,Lincoln 006C,E01026177,1129,340,161,179,789,689,100
2021,Lincoln 006D,E01026178,1014,338,135,203,676,577,99
2021,North Kesteven 008A,E01026179,721,150,51,99,571,485,86
2021,North Kesteven 007A,E01026180,670,211,92,119,459,349,110
2021,North Kesteven 003B,E01026182,718,229,73,156,489,358,131
2021,North Kesteven 007B,E01026183,1168,367,126,241,801,619,182
2021,North Kesteven 004A,E01026184,1239,226,64,162,1013,905,108
2021,North Kesteven 004B,E01026185,1075,304,96,208,771,657,114
2021,North Kesteven 001A,E01026186,724,189,57,132,535,466,69
2021,North Kesteven 001B,E01026187,1138,302,93,209,836,707,129
2021,North Kesteven 004C,E01026188,1070,278,83,195,792,703,89
2021,North Kesteven 001C,E01026189,763,245,70,175,518,430,88
2021,North Kesteven 004D,E01026190,804,210,74,136,594,505,89
2021,North Kesteven 005A,E01026191,964,307,99,208,657,542,115
2021,North Kesteven 006A,E01026192,590,198,84,114,392,291,101
2021,North Kesteven 003C,E01026193,733,225,77,148,508,380,128
2021,North Kesteven 006B,E01026194,929,286,108,178,643,528,115
2021,North Kesteven 006C,E01026195,867,247,91,156,620,485,135
2021,North Kesteven 006D,E01026196,695,217,87,130,478,362,116
2021,North Kesteven 008B,E01026197,721,190,74,116,531,440,91
2021,North Kesteven 008C,E01026198,1079,165,45,120,914,716,198
2021,North Kesteven 003D,E01026199,1281,408,162,246,873,662,211
2021,North Kesteven 012A,E01026200,832,215,78,137,617,491,126
2021,North Kesteven 012B,E01026201,843,272,88,184,571,438,133
2021,North Kesteven 012C,E01026202,749,218,69,149,531,409,122
2021,North Kesteven 001D,E01026203,865,280,118,162,585,477,108
2021,North Kesteven 001E,E01026204,677,211,67,144,466,393,73
2021,North Kesteven 005B,E01026205,765,247,81,166,518,436,82
2021,North Kesteven 001F,E01026206,937,278,92,186,659,550,109
2021,North Kesteven 012D,E01026207,552,162,70,92,390,289,101
2021,North Kesteven 012E,E01026208,777,231,91,140,546,427,119
2021,North Kesteven 009A,E01026209,835,269,101,168,566,457,109
2021,North Kesteven 007C,E01026210,1103,328,126,202,775,600,175
2021,North Kesteven 005C,E01026211,927,274,86,188,653,526,127
2021,North Kesteven 005D,E01026212,723,199,63,136,524,441,83
2021,North Kesteven 005E,E01026213,714,199,68,131,515,419,96
2021,North Kesteven 014A,E01026214,535,180,52,128,355,303,52
2021,North Kesteven 014B,E01026215,440,142,47,95,298,254,44
2021,North Kesteven 014C,E01026218,471,137,38,99,334,287,47
2021,North Kesteven 014D,E01026219,546,169,55,114,377,329,48
2021,North Kesteven 013A,E01026220,899,292,99,193,607,537,70
2021,North Kesteven 009B,E01026221,1190,359,143,216,831,622,209
2021,North Kesteven 009C,E01026222,776,220,78,142,556,462,94
2021,North Kesteven 008D,E01026223,967,261,100,161,706,567,139
2021,North Kesteven 007D,E01026224,749,204,56,148,545,443,102
2021,North Kesteven 003E,E01026225,933,281,110,171,652,543,109
2021,North Kesteven 003F,E01026226,764,244,78,166,520,417,103
2021,North Kesteven 010A,E01026227,736,198,67,131,538,446,92
2021,North Kesteven 011A,E01026228,934,220,60,160,714,617,97
2021,North Kesteven 011B,E01026229,964,258,80,178,706,605,101
2021,North Kesteven 010B,E01026230,840,203,51,152,637,533,104
2021,North Kesteven 010C,E01026231,1415,397,126,271,1018,843,175
2021,North Kesteven 010D,E01026232,917,271,97,174,646,536,110
2021,North Kesteven 011C,E01026233,859,244,83,161,615,506,109
2021,North Kesteven 010E,E01026235,649,220,80,140,429,352,77
2021,North Kesteven 011E,E01026236,485,157,68,89,328,282,46
2021,North Kesteven 004E,E01026237,526,151,55,96,375,311,64
2021,North Kesteven 004F,E01026238,778,203,56,147,575,503,72
2021,South Holland 011A,E01026239,1097,297,95,202,800,623,177
2021,South Holland 011B,E01026240,1331,373,110,263,958,803,155
2021,South Holland 005A,E01026241,1070,297,97,200,773,613,160
2021,South Holland 001A,E01026242,812,235,85,150,577,452,125
2021,South Holland 001B,E01026243,584,178,55,123,406,304,102
2021,South Holland 001C,E01026244,601,191,66,125,410,319,91
2021,South Holland 010A,E01026245,1033,276,105,171,757,581,176
2021,South Holland 002A,E01026246,980,305,102,203,675,494,181
2021,South Holland 001D,E01026247,847,254,80,174,593,435,158
2021,South Holland 002B,E01026248,1105,288,103,185,817,626,191
2021,South Holland 010B,E01026249,934,252,106,146,682,546,136
2021,South Holland 003A,E01026250,1081,271,84,187,810,649,161
2021,South Holland 003B,E01026251,801,214,64,150,587,461,126
2021,South Holland 003C,E01026252,814,232,72,160,582,467,115
2021,South Holland 003D,E01026253,852,249,73,176,603,501,102
2021,South Holland 008A,E01026254,719,187,58,129,532,391,141
2021,South Holland 008B,E01026255,834,223,70,153,611,476,135
2021,South Holland 008C,E01026256,705,217,86,131,488,384,104
2021,South Holland 002C,E01026257,875,268,94,174,607,511,96
2021,South Holland 005B,E01026258,1112,273,91,182,839,671,168
2021,South Holland 005C,E01026259,837,234,82,152,603,459,144
2021,South Holland 005D,E01026260,870,233,56,177,637,523,114
2021,South Holland 009A,E01026262,743,190,53,137,553,445,108
2021,South Holland 009B,E01026263,1259,274,82,192,985,815,170
2021,South Holland 009C,E01026264,847,166,51,115,681,571,110
2021,South Holland 009D,E01026265,634,155,39,116,479,387,92
2021,South Holland 006B,E01026266,1353,242,69,173,1111,923,188
2021,South Holland 007A,E01026268,911,213,64,149,698,587,111
2021,South Holland 007B,E01026269,1000,242,81,161,758,611,147
2021,South Holland 007C,E01026270,953,224,63,161,729,605,124
2021,South Holland 007D,E01026271,873,176,49,127,697,563,134
2021,South Holland 007E,E01026272,732,173,59,114,559,448,111
2021,South Holland 006C,E01026273,821,198,60,138,623,508,115
2021,South Holland 006E,E01026275,1470,280,70,210,1190,993,197
2021,South Holland 001E,E01026276,1090,357,122,235,733,548,185
2021,South Holland 008D,E01026277,701,191,59,132,510,409,101
2021,South Holland 008E,E01026278,688,232,67,165,456,357,99
2021,South Holland 008F,E01026279,560,139,38,101,421,334,87
2021,South Holland 010C,E01026280,1267,370,146,224,897,676,221
2021,South Holland 004A,E01026281,695,194,78,116,501,364,137
2021,South Holland 004B,E01026282,787,229,79,150,558,435,123
2021,South Holland 004C,E01026283,777,249,99,150,528,381,147
2021,South Holland 011C,E01026284,1138,269,83,186,869,689,180
2021,South Holland 004D,E01026285,612,167,50,117,445,347,98
2021,South Holland 004E,E01026286,582,167,55,112,415,304,111
2021,South Kesteven 015A,E01026287,616,193,62,131,423,359,64
2021,South Kesteven 015B,E01026288,724,222,72,150,502,416,86
2021,South Kesteven 015C,E01026289,1144,316,113,203,828,679,149
2021,South Kesteven 008A,E01026290,1025,323,138,185,702,546,156
2021,South Kesteven 002A,E01026291,902,275,98,177,627,516,111
2021,South Kesteven 007A,E01026292,659,206,59,147,453,389,64
2021,South Kesteven 007B,E01026293,1076,296,87,209,780,624,156
2021,South Kesteven 007C,E01026294,868,256,71,185,612,521,91
2021,South Kesteven 011B,E01026296,646,206,86,120,440,338,102
2021,South Kesteven 011C,E01026297,593,197,67,130,396,334,62
2021,South Kesteven 011D,E01026298,1008,274,91,183,734,598,136
2021,South Kesteven 010A,E01026299,757,231,79,152,526,449,77
2021,South Kesteven 010B,E01026300,646,206,83,123,440,364,76
2021,South Kesteven 010D,E01026302,561,167,59,108,394,316,78
2021,South Kesteven 014A,E01026303,654,166,49,117,488,424,64
2021,South Kesteven 014B,E01026304,747,233,84,149,514,400,114
2021,South Kesteven 014C,E01026305,748,203,71,132,545,473,72
2021,South Kesteven 014D,E01026306,865,239,70,169,626,533,93
2021,South Kesteven 014E,E01026307,608,175,55,120,433,369,64
2021,South Kesteven 005A,E01026308,611,207,53,154,404,353,51
2021,South Kesteven 005B,E01026309,771,224,56,168,547,481,66
2021,South Kesteven 005C,E01026310,473,153,44,109,320,270,50
2021,South Kesteven 005D,E01026311,776,204,68,136,572,490,82
2021,South Kesteven 005E,E01026312,558,201,66,135,357,317,40
2021,South Kesteven 001A,E01026313,701,236,77,159,465,365,100
2021,South Kesteven 001B,E01026314,627,200,69,131,427,353,74
2021,South Kesteven 009A,E01026315,1019,292,114,178,727,561,166
2021,South Kesteven 007D,E01026316,1161,342,144,198,819,633,186
2021,South Kesteven 006A,E01026317,1319,333,106,227,986,863,123
2021,South Kesteven 006B,E01026318,1240,314,87,227,926,816,110
2021,South Kesteven 006C,E01026319,1279,332,109,223,947,790,157
2021,South Kesteven 004B,E01026321,650,194,72,122,456,384,72
2021,South Kesteven 004C,E01026322,593,149,44,105,444,386,58
2021,South Kesteven 004D,E01026323,956,263,100,163,693,565,128
2021,South Kesteven 004E,E01026324,1056,306,79,227,750,646,104
2021,South Kesteven 003A,E01026325,694,193,51,142,501,432,69
2021,South Kesteven 003B,E01026326,664,215,67,148,449,375,74
2021,South Kesteven 003C,E01026327,582,189,56,133,393,320,73
2021,South Kesteven 003D,E01026328,624,183,63,120,441,376,65
2021,South Kesteven 001C,E01026329,791,257,109,148,534,399,135
2021,South Kesteven 012A,E01026330,1038,328,117,211,710,508,202
2021,South Kesteven 009B,E01026331,1169,329,117,212,840,645,195
2021,South Kesteven 007E,E01026332,1024,320,126,194,704,540,164
2021,South Kesteven 001D,E01026333,1313,413,173,240,900,689,211
2021,South Kesteven 013A,E01026334,750,220,82,138,530,432,98
2021,South Kesteven 013B,E01026335,657,191,69,122,466,394,72
2021,South Kesteven 013C,E01026336,805,234,99,135,571,484,87
2021,South Kesteven 013D,E01026337,1032,302,97,205,730,620,110
2021,South Kesteven 009C,E01026338,582,183,66,117,399,314,85
2021,South Kesteven 009D,E01026339,677,167,55,112,510,418,92
2021,South Kesteven 002B,E01026340,953,300,108,192,653,519,134
2021,South Kesteven 008B,E01026341,718,223,77,146,495,388,107
2021,South Kesteven 008C,E01026342,770,223,72,151,547,448,99
2021,South Kesteven 006D,E01026343,964,235,97,138,729,636,93
2021,South Kesteven 006E,E01026344,778,207,67,140,571,476,95
2021,South Kesteven 006F,E01026345,717,210,73,137,507,417,90
2021,South Kesteven 015D,E01026346,609,169,48,121,440,371,69
2021,South Kesteven 015E,E01026347,742,219,78,141,523,415,108
2021,South Kesteven 015F,E01026348,625,183,50,133,442,373,69
2021,South Kesteven 016A,E01026349,683,217,75,142,466,395,71
2021,South Kesteven 016B,E01026350,786,244,87,157,542,412,130
2021,South Kesteven 016C,E01026351,732,203,75,128,529,392,137
2021,South Kesteven 003E,E01026352,540,181,68,113,359,288,71
2021,South Kesteven 003F,E01026353,698,215,69,146,483,404,79
2021,South Kesteven 003G,E01026354,477,149,52,97,328,264,64
2021,South Kesteven 002C,E01026355,1108,378,155,223,730,564,166
2021,South Kesteven 016D,E01026356,825,219,56,163,606,495,111
2021,South Kesteven 016E,E01026357,681,184,71,113,497,418,79
2021,South Kesteven 016F,E01026358,616,196,71,125,420,334,86
2021,South Kesteven 016G,E01026359,1269,326,107,219,943,760,183
2021,South Kesteven 012B,E01026360,985,314,120,194,671,525,146
2021,South Kesteven 008D,E01026361,1213,346,128,218,867,693,174
2021,South Kesteven 012C,E01026362,871,286,92,194,585,471,114
2021,South Kesteven 012D,E01026363,821,243,94,149,578,440,138
2021,South Kesteven 012E,E01026364,837,249,99,150,588,461,127
2021,South Kesteven 002D,E01026365,944,299,118,181,645,494,151
2021,West Lindsey 011A,E01026366,1097,340,124,216,757,609,148
2021,West Lindsey 001A,E01026367,691,216,86,130,475,347,128
2021,West Lindsey 001B,E01026368,877,280,99,181,597,475,122
2021,West Lindsey 011B,E01026369,564,177,59,118,387,333,54
2021,West Lindsey 011C,E01026370,1243,360,95,265,883,747,136
2021,West Lindsey 011D,E01026371,518,168,67,101,350,277,73
2021,West Lindsey 008A,E01026372,1152,367,126,241,785,636,149
2021,West Lindsey 011E,E01026373,1020,318,108,210,702,574,128
2021,West Lindsey 006A,E01026374,489,169,45,124,320,273,47
2021,West Lindsey 006B,E01026375,794,248,67,181,546,469,77
2021,West Lindsey 006C,E01026376,553,160,39,121,393,342,51
2021,West Lindsey 006D,E01026377,973,291,72,219,682,572,110
2021,West Lindsey 004A,E01026378,682,221,58,163,461,414,47
2021,West Lindsey 004B,E01026379,791,266,75,191,525,442,83
2021,West Lindsey 002A,E01026380,1330,352,104,248,978,840,138
2021,West Lindsey 004C,E01026381,708,219,65,154,489,426,63
2021,West Lindsey 004D,E01026382,755,235,76,159,520,461,59
2021,West Lindsey 004E,E01026383,494,146,47,99,348,290,58
2021,West Lindsey 004F,E01026384,881,272,95,177,609,507,102
2021,West Lindsey 005A,E01026385,462,141,53,88,321,239,82
2021,West Lindsey 005B,E01026386,594,173,63,110,421,327,94
2021,West Lindsey 001C,E01026387,1226,389,147,242,837,607,230
2021,West Lindsey 007A,E01026388,936,300,100,200,636,515,121
2021,West Lindsey 003A,E01026389,782,232,91,141,550,441,109
2021,West Lindsey 003B,E01026390,727,237,77,160,490,383,107
2021,West Lindsey 003C,E01026391,827,280,105,175,547,407,140
2021,West Lindsey 003D,E01026392,1356,422,167,255,934,713,221
2021,West Lindsey 010A,E01026393,645,202,83,119,443,361,82
2021,West Lindsey 010B,E01026394,1242,339,122,217,903,740,163
2021,West Lindsey 010C,E01026395,575,202,76,126,373,310,63
2021,West Lindsey 009A,E01026396,528,161,50,111,367,304,63
2021,West Lindsey 009C,E01026398,712,224,77,147,488,412,76
2021,West Lindsey 005C,E01026399,757,204,73,131,553,455,98
2021,West Lindsey 009D,E01026400,898,238,85,153,660,521,139
2021,West Lindsey 002B,E01026401,715,239,93,146,476,383,93
2021,West Lindsey 002C,E01026402,850,270,97,173,580,493,87
2021,West Lindsey 002D,E01026403,597,177,71,106,420,327,93
2021,West Lindsey 007B,E01026404,1071,344,131,213,727,582,145
2021,West Lindsey 010D,E01026405,720,210,75,135,510,404,106
2021,West Lindsey 010E,E01026406,522,168,60,108,354,285,69
2021,West Lindsey 002E,E01026407,647,204,66,138,443,359,84
2021,West Lindsey 002F,E01026408,571,178,62,116,393,338,55
2021,West Lindsey 007C,E01026409,597,187,64,123,410,316,94
2021,West Lindsey 007D,E01026410,531,172,68,104,359,281,78
2021,West Lindsey 005D,E01026411,1153,367,154,213,786,587,199
2021,West Lindsey 008B,E01026412,884,258,70,188,626,517,109
2021,West Lindsey 008C,E01026413,1010,326,119,207,684,565,119
2021,West Lindsey 008D,E01026414,926,295,114,181,631,480,151
2021,West Lindsey 003E,E01026415,463,156,65,91,307,251,56
2021,West Lindsey 001D,E01026416,567,176,67,109,391,300,91
2021,Breckland 010A,E01026419,628,211,88,123,417,314,103
2021,Breckland 010B,E01026420,612,192,78,114,420,314,106
2021,Breckland 013A,E01026421,828,295,120,175,533,421,112
2021,Breckland 011B,E01026423,949,276,121,155,673,559,114
2021,Breckland 012A,E01026424,990,283,119,164,707,556,151
2021,Breckland 005A,E01026425,831,288,85,203,543,467,76
2021,Breckland 005B,E01026426,1095,297,96,201,798,657,141
2021,Breckland 005C,E01026427,1078,351,121,230,727,603,124
2021,Breckland 003A,E01026428,1270,445,142,303,825,680,145
2021,Breckland 003B,E01026429,640,218,62,156,422,339,83
2021,Breckland 003C,E01026430,1053,357,93,264,696,575,121
2021,Breckland 003D,E01026431,423,139,36,103,284,233,51
2021,Breckland 005D,E01026432,674,206,68,138,468,395,73
2021,Breckland 005E,E01026433,739,216,57,159,523,442,81
2021,Breckland 005F,E01026434,913,282,74,208,631,519,112
2021,Breckland 013B,E01026435,1102,329,126,203,773,594,179
2021,Breckland 001A,E01026436,1159,381,149,232,778,613,165
2021,Breckland 008A,E01026437,535,183,68,115,352,280,72
2021,Breckland 008B,E01026438,508,175,74,101,333,252,81
2021,Breckland 014A,E01026439,865,265,110,155,600,469,131
2021,Breckland 014B,E01026440,636,190,78,112,446,339,107
2021,Breckland 014C,E01026441,690,240,92,148,450,348,102
2021,Breckland 002A,E01026442,929,316,118,198,613,462,151
2021,Breckland 002B,E01026443,992,355,128,227,637,495,142
2021,Breckland 012B,E01026444,915,306,125,181,609,441,168
2021,Breckland 002C,E01026445,1060,371,143,228,689,525,164
2021,Breckland 004A,E01026446,867,298,119,179,569,435,134
2021,Breckland 011C,E01026447,788,236,75,161,552,466,86
2021,Breckland 013C,E01026448,1213,349,142,207,864,684,180
2021,Breckland 011D,E01026449,936,266,100,166,670,543,127
2021,Breckland 011E,E01026450,954,299,104,195,655,519,136
2021,Breckland 008C,E01026451,1110,369,120,249,741,584,157
2021,Breckland 004B,E01026452,764,262,89,173,502,395,107
2021,Breckland 004C,E01026453,681,237,93,144,444,349,95
2021,Breckland 004D,E01026454,913,318,87,231,595,499,96
2021,Breckland 007B,E01026456,444,147,46,101,297,233,64
2021,Breckland 007C,E01026457,451,151,60,91,300,255,45
2021,Breckland 007D,E01026458,755,258,80,178,497,410,87
2021,Breckland 007E,E01026459,529,181,59,122,348,274,74
2021,Breckland 001C,E01026461,700,253,98,155,447,348,99
2021,Breckland 002D,E01026462,1069,365,149,216,704,543,161
2021,Breckland 010D,E01026464,614,210,84,126,404,292,112
2021,Breckland 015A,E01026465,908,193,62,131,715,640,75
2021,Breckland 015B,E01026466,974,230,70,160,744,649,95
2021,Breckland 015C,E01026467,948,287,76,211,661,560,101
2021,Breckland 016A,E01026468,1243,290,104,186,953,817,136
2021,Breckland 016B,E01026469,833,217,68,149,616,525,91
2021,Breckland 016C,E01026470,1681,372,127,245,1309,1116,193
2021,Breckland 016D,E01026471,676,154,54,100,522,451,71
2021,Breckland 016E,E01026472,631,153,42,111,478,407,71
2021,Breckland 016F,E01026473,782,197,66,131,585,507,78
2021,Breckland 017A,E01026474,1034,255,85,170,779,648,131
2021,Breckland 017B,E01026475,735,208,68,140,527,454,73
2021,Breckland 017C,E01026476,759,222,63,159,537,465,72
2021,Breckland 017D,E01026477,764,217,73,144,547,483,64
2021,Breckland 017E,E01026478,758,206,74,132,552,462,90
2021,Breckland 006A,E01026479,722,246,98,148,476,358,118
2021,Breckland 006B,E01026480,740,262,85,177,478,381,97
2021,Breckland 006C,E01026481,645,207,80,127,438,343,95
2021,Breckland 001E,E01026483,477,184,78,106,293,223,70
2021,Breckland 006D,E01026484,745,254,107,147,491,372,119
2021,Breckland 006E,E01026485,568,208,79,129,360,272,88
2021,Breckland 009A,E01026486,822,220,74,146,602,499,103
2021,Breckland 009B,E01026487,1107,253,98,155,854,696,158
2021,Breckland 009C,E01026488,661,121,42,79,540,432,108
2021,Breckland 009D,E01026489,588,145,53,92,443,349,94
2021,Breckland 009E,E01026490,839,232,84,148,607,489,118
2021,Breckland 010E,E01026491,1122,401,156,245,721,525,196
2021,Breckland 012C,E01026492,604,184,78,106,420,349,71
2021,Breckland 012D,E01026493,625,188,60,128,437,366,71
2021,Breckland 014D,E01026494,1146,374,155,219,772,584,188
2021,Breckland 008D,E01026495,565,202,83,119,363,280,83
2021,Breckland 008E,E01026496,447,156,62,94,291,229,62
2021,Broadland 018A,E01026497,681,246,87,159,435,363,72
2021,Broadland 018B,E01026498,533,182,66,116,351,292,59
2021,Broadland 001A,E01026499,549,208,80,128,341,273,68
2021,Broadland 001B,E01026500,696,257,100,157,439,364,75
2021,Broadland 001C,E01026501,698,260,92,168,438,353,85
2021,Broadland 001D,E01026502,927,317,109,208,610,503,107
2021,Broadland 001E,E01026503,922,344,121,223,578,477,101
2021,Broadland 014A,E01026504,635,245,86,159,390,286,104
2021,Broadland 014B,E01026505,897,305,99,206,592,493,99
2021,Broadland 014C,E01026506,622,200,83,117,422,333,89
2021,Broadland 014D,E01026507,672,224,78,146,448,373,75
2021,Broadland 017A,E01026508,615,208,62,146,407,364,43
2021,Broadland 017B,E01026509,910,312,113,199,598,501,97
2021,Broadland 017C,E01026510,790,279,109,170,511,391,120
2021,Broadland 017D,E01026511,567,184,71,113,383,307,76
2021,Broadland 014E,E01026512,585,211,80,131,374,312,62
2021,Broadland 014F,E01026513,676,216,75,141,460,394,66
2021,Broadland 003A,E01026514,791,271,108,163,520,427,93
2021,Broadland 003B,E01026515,591,196,62,134,395,310,85
2021,Broadland 003C,E01026516,559,178,62,116,381,319,62
2021,Broadland 003D,E01026517,726,252,104,148,474,398,76
2021,Broadland 007A,E01026518,690,235,71,164,455,394,61
2021,Broadland 007B,E01026519,928,283,88,195,645,556,89
2021,Broadland 007C,E01026520,437,170,68,102,267,224,43
2021,Broadland 007D,E01026521,522,200,79,121,322,262,60
2021,Broadland 002A,E01026522,702,248,84,164,454,330,124
2021,Broadland 002B,E01026523,874,301,97,204,573,467,106
2021,Broadland 002C,E01026524,740,249,93,156,491,398,93
2021,Broadland 002D,E01026525,614,229,89,140,385,292,93
2021,Broadland 010A,E01026526,558,209,66,143,349,304,45
2021,Broadland 010B,E01026527,590,191,56,135,399,340,59
2021,Broadland 010C,E01026528,582,205,67,138,377,323,54
2021,Broadland 010D,E01026529,751,262,83,179,489,420,69
2021,Broadland 011A,E01026530,910,273,91,182,637,541,96
2021,Broadland 011B,E01026531,940,299,100,199,641,564,77
2021,Broadland 011C,E01026532,806,279,92,187,527,455,72
2021,Broadland 004A,E01026533,531,167,71,96,364,302,62
2021,Broadland 004B,E01026534,870,289,113,176,581,463,118
2021,Broadland 004C,E01026535,1199,380,114,266,819,681,138
2021,Broadland 004D,E01026536,934,293,98,195,641,539,102
2021,Broadland 004E,E01026537,825,252,77,175,573,484,89
2021,Broadland 018C,E01026538,668,238,86,152,430,343,87
2021,Broadland 018D,E01026539,778,277,99,178,501,407,94
2021,Broadland 009A,E01026540,598,209,69,140,389,334,55
2021,Broadland 009B,E01026541,1244,401,126,275,843,734,109
2021,Broadland 009C,E01026542,719,240,74,166,479,410,69
2021,Broadland 009D,E01026543,719,230,82,148,489,396,93
2021,Broadland 009E,E01026544,899,288,96,192,611,550,61
2021,Broadland 008A,E01026545,1114,319,104,215,795,666,129
2021,Broadland 008B,E01026546,679,219,85,134,460,376,84
2021,Broadland 002E,E01026547,643,233,95,138,410,310,100
2021,Broadland 002F,E01026548,584,199,65,134,385,326,59
2021,Broadland 005A,E01026549,801,290,114,176,511,419,92
2021,Broadland 005B,E01026550,594,191,68,123,403,336,67
2021,Broadland 005C,E01026551,573,165,44,121,408,358,50
2021,Broadland 005D,E01026552,588,222,71,151,366,308,58
2021,Broadland 012A,E01026553,612,200,67,133,412,361,51
2021,Broadland 012B,E01026554,553,188,52,136,365,318,47
2021,Broadland 012C,E01026555,689,230,82,148,459,393,66
2021,Broadland 012D,E01026556,684,237,60,177,447,382,65
2021,Broadland 013A,E01026557,618,200,68,132,418,351,67
2021,Broadland 013B,E01026558,1174,308,82,226,866,761,105
2021,Broadland 013C,E01026559,684,222,62,160,462,383,79
2021,Broadland 013D,E01026560,575,214,62,152,361,309,52
2021,Broadland 006A,E01026562,621,211,70,141,410,336,74
2021,Broadland 006B,E01026563,772,227,64,163,545,469,76
2021,Broadland 006C,E01026564,832,266,88,178,566,476,90
2021,Broadland 006D,E01026565,666,193,60,133,473,397,76
2021,Broadland 006E,E01026566,663,225,84,141,438,356,82
2021,Broadland 006F,E01026567,594,222,83,139,372,300,72
2021,Broadland 006G,E01026568,752,275,95,180,477,400,77
2021,Broadland 015A,E01026569,622,213,62,151,409,362,47
2021,Broadland 015B,E01026570,764,251,85,166,513,437,76
2021,Broadland 015C,E01026571,742,235,79,156,507,444,63
2021,Broadland 015D,E01026572,666,217,69,148,449,379,70
2021,Broadland 015E,E01026573,654,236,89,147,418,350,68
2021,Broadland 016A,E01026574,958,291,108,183,667,565,102
2021,Broadland 016B,E01026575,778,248,86,162,530,464,66
2021,Broadland 016C,E01026576,1121,313,90,223,808,695,113
2021,Broadland 016D,E01026577,787,256,105,151,531,430,101
2021,Broadland 008C,E01026578,1100,349,120,229,751,635,116
2021,Broadland 008D,E01026579,724,260,91,169,464,389,75
2021,Broadland 008E,E01026580,714,250,99,151,464,377,87
2021,Great Yarmouth 008A,E01026581,839,299,99,200,540,438,102
2021,Great Yarmouth 008B,E01026582,924,307,90,217,617,514,103
2021,Great Yarmouth 008C,E01026583,550,191,53,138,359,307,52
2021,Great Yarmouth 008D,E01026584,595,186,54,132,409,345,64
2021,Great Yarmouth 013C,E01026587,1517,459,148,311,1058,889,169
2021,Great Yarmouth 013D,E01026588,1100,388,142,246,712,557,155
2021,Great Yarmouth 003A,E01026589,542,181,61,120,361,294,67
2021,Great Yarmouth 003B,E01026590,569,205,57,148,364,304,60
2021,Great Yarmouth 003C,E01026591,662,251,95,156,411,342,69
2021,Great Yarmouth 003D,E01026592,420,154,52,102,266,217,49
2021,Great Yarmouth 003E,E01026593,519,186,76,110,333,279,54
2021,Great Yarmouth 003F,E01026594,767,270,73,197,497,432,65
2021,Great Yarmouth 005A,E01026595,650,239,78,161,411,356,55
2021,Great Yarmouth 005B,E01026596,666,231,71,160,435,378,57
2021,Great Yarmouth 005C,E01026597,751,234,76,158,517,454,63
2021,Great Yarmouth 005D,E01026598,830,239,81,158,591,507,84
2021,Great Yarmouth 004A,E01026599,605,223,77,146,382,337,45
2021,Great Yarmouth 007A,E01026600,600,234,75,159,366,298,68
2021,Great Yarmouth 009A,E01026601,655,228,80,148,427,372,55
2021,Great Yarmouth 009B,E01026602,623,210,60,150,413,341,72
2021,Great Yarmouth 009C,E01026603,620,263,88,175,357,313,44
2021,Great Yarmouth 009D,E01026604,569,225,73,152,344,305,39
2021,Great Yarmouth 001A,E01026605,707,239,104,135,468,382,86
2021,Great Yarmouth 001B,E01026606,529,226,85,141,303,238,65
2021,Great Yarmouth 001C,E01026607,746,271,99,172,475,391,84
2021,Great Yarmouth 002A,E01026608,692,230,87,143,462,353,109
2021,Great Yarmouth 002B,E01026609,589,217,98,119,372,291,81
2021,Great Yarmouth 010A,E01026610,746,236,77,159,510,437,73
2021,Great Yarmouth 010B,E01026611,484,162,72,90,322,249,73
2021,Great Yarmouth 010C,E01026612,1019,352,128,224,667,554,113
2021,Great Yarmouth 012A,E01026613,571,203,81,122,368,295,73
2021,Great Yarmouth 012B,E01026614,704,264,93,171,440,336,104
2021,Great Yarmouth 012C,E01026615,592,207,79,128,385,309,76
2021,Great Yarmouth 012D,E01026616,561,197,60,137,364,299,65
2021,Great Yarmouth 011A,E01026617,492,178,60,118,314,270,44
2021,Great Yarmouth 011B,E01026618,705,202,71,131,503,433,70
2021,Great Yarmouth 011C,E01026619,576,217,61,156,359,316,43
2021,Great Yarmouth 011D,E01026620,500,185,56,129,315,277,38
2021,Great Yarmouth 011E,E01026621,634,220,70,150,414,363,51
2021,Great Yarmouth 006A,E01026622,519,182,54,128,337,282,55
2021,Great Yarmouth 006B,E01026623,800,253,102,151,547,445,102
2021,Great Yarmouth 006C,E01026624,716,236,79,157,480,387,93
2021,Great Yarmouth 006D,E01026625,489,221,83,138,268,242,26
2021,Great Yarmouth 006E,E01026626,917,272,99,173,645,552,93
2021,Great Yarmouth 001D,E01026627,510,204,73,131,306,247,59
2021,Great Yarmouth 001E,E01026628,820,289,86,203,531,433,98
2021,Great Yarmouth 001F,E01026629,661,219,80,139,442,353,89
2021,Great Yarmouth 010D,E01026630,688,244,85,159,444,372,72
2021,Great Yarmouth 010E,E01026631,774,265,89,176,509,442,67
2021,Great Yarmouth 009E,E01026632,698,236,72,164,462,382,80
2021,Great Yarmouth 007B,E01026633,789,246,69,177,543,472,71
2021,Great Yarmouth 007C,E01026634,636,218,72,146,418,360,58
2021,Great Yarmouth 007D,E01026635,966,319,98,221,647,565,82
2021,Great Yarmouth 002C,E01026636,641,249,91,158,392,301,91
2021,Great Yarmouth 002D,E01026637,861,288,86,202,573,471,102
2021,Great Yarmouth 002E,E01026638,726,246,71,175,480,400,80
2021,Great Yarmouth 004B,E01026639,679,255,100,155,424,369,55
2021,Great Yarmouth 004C,E01026640,511,179,56,123,332,268,64
2021,Great Yarmouth 004D,E01026641,497,166,28,138,331,284,47
2021,King's Lynn and West Norfolk 014A,E01026642,591,187,67,120,404,312,92
2021,King's Lynn and West Norfolk 014B,E01026643,645,218,81,137,427,340,87
2021,King's Lynn and West Norfolk 014C,E01026644,1228,163,61,102,1065,855,210
2021,King's Lynn and West Norfolk 002A,E01026645,447,180,81,99,267,202,65
2021,King's Lynn and West Norfolk 002B,E01026646,578,216,76,140,362,286,76
2021,King's Lynn and West Norfolk 008A,E01026647,978,331,107,224,647,523,124
2021,King's Lynn and West Norfolk 019A,E01026648,760,208,70,138,552,422,130
2021,King's Lynn and West Norfolk 019B,E01026649,809,227,81,146,582,471,111
2021,King's Lynn and West Norfolk 019C,E01026650,544,122,46,76,422,303,119
2021,King's Lynn and West Norfolk 019D,E01026651,1167,352,129,223,815,621,194
2021,King's Lynn and West Norfolk 019E,E01026652,657,192,70,122,465,371,94
2021,King's Lynn and West Norfolk 004A,E01026653,653,257,91,166,396,319,77
2021,King's Lynn and West Norfolk 004B,E01026654,533,186,63,123,347,296,51
2021,King's Lynn and West Norfolk 004C,E01026655,573,202,76,126,371,305,66
2021,King's Lynn and West Norfolk 002C,E01026656,741,271,110,161,470,359,111
2021,King's Lynn and West Norfolk 016A,E01026659,733,205,93,112,528,407,121
2021,King's Lynn and West Norfolk 016B,E01026660,762,218,63,155,544,422,122
2021,King's Lynn and West Norfolk 016C,E01026661,770,240,91,149,530,410,120
2021,King's Lynn and West Norfolk 010A,E01026662,1370,400,118,282,970,841,129
2021,King's Lynn and West Norfolk 010B,E01026663,717,214,42,172,503,446,57
2021,King's Lynn and West Norfolk 010C,E01026664,1217,293,77,216,924,817,107
2021,King's Lynn and West Norfolk 012A,E01026665,1066,336,138,198,730,580,150
2021,King's Lynn and West Norfolk 009A,E01026666,823,242,70,172,581,492,89
2021,King's Lynn and West Norfolk 009B,E01026667,732,237,65,172,495,425,70
2021,King's Lynn and West Norfolk 009C,E01026668,887,213,68,145,674,572,102
2021,King's Lynn and West Norfolk 006A,E01026669,996,300,89,211,696,592,104
2021,King's Lynn and West Norfolk 006B,E01026670,778,227,56,171,551,494,57
2021,King's Lynn and West Norfolk 006C,E01026671,722,233,79,154,489,436,53
2021,King's Lynn and West Norfolk 006D,E01026672,694,216,52,164,478,400,78
2021,King's Lynn and West Norfolk 006E,E01026673,751,218,52,166,533,469,64
2021,King's Lynn and West Norfolk 012B,E01026674,500,185,64,121,315,248,67
2021,King's Lynn and West Norfolk 012C,E01026675,588,195,68,127,393,311,82
2021,King's Lynn and West Norfolk 003A,E01026676,536,192,88,104,344,265,79
2021,King's Lynn and West Norfolk 003B,E01026677,583,225,65,160,358,295,63
2021,King's Lynn and West Norfolk 003C,E01026678,551,192,78,114,359,287,72
2021,King's Lynn and West Norfolk 018A,E01026679,1142,393,142,251,749,576,173
2021,King's Lynn and West Norfolk 001A,E01026680,475,178,59,119,297,248,49
2021,King's Lynn and West Norfolk 001B,E01026681,403,160,74,86,243,187,56
2021,King's Lynn and West Norfolk 001C,E01026682,345,138,57,81,207,169,38
2021,King's Lynn and West Norfolk 001D,E01026683,504,189,77,112,315,240,75
2021,King's Lynn and West Norfolk 013A,E01026684,656,206,91,115,450,329,121
2021,King's Lynn and West Norfolk 013B,E01026685,540,158,39,119,382,300,82
2021,King's Lynn and West Norfolk 007A,E01026687,827,237,65,172,590,502,88
2021,King's Lynn and West Norfolk 007B,E01026688,690,237,69,168,453,405,48
2021,King's Lynn and West Norfolk 007C,E01026689,830,225,63,162,605,533,72
2021,King's Lynn and West Norfolk 007D,E01026690,775,250,76,174,525,469,56
2021,King's Lynn and West Norfolk 005A,E01026691,524,179,53,126,345,280,65
2021,King's Lynn and West Norfolk 005B,E01026692,573,189,60,129,384,319,65
2021,King's Lynn and West Norfolk 009D,E01026693,1055,346,94,252,709,617,92
2021,King's Lynn and West Norfolk 012D,E01026694,1178,403,119,284,775,629,146
2021,King's Lynn and West Norfolk 002D,E01026695,911,357,140,217,554,410,144
2021,King's Lynn and West Norfolk 015A,E01026696,572,184,67,117,388,308,80
2021,King's Lynn and West Norfolk 015B,E01026697,645,199,69,130,446,362,84
2021,King's Lynn and West Norfolk 011B,E01026699,787,194,76,118,593,528,65
2021,King's Lynn and West Norfolk 011C,E01026700,692,189,50,139,503,447,56
2021,King's Lynn and West Norfolk 003D,E01026701,571,230,78,152,341,271,70
2021,King's Lynn and West Norfolk 003E,E01026702,483,191,71,120,292,233,59
2021,King's Lynn and West Norfolk 003F,E01026703,456,182,79,103,274,197,77
2021,King's Lynn and West Norfolk 011D,E01026704,782,216,68,148,566,481,85
2021,King's Lynn and West Norfolk 011E,E01026705,869,261,85,176,608,510,98
2021,King's Lynn and West Norfolk 011F,E01026706,1115,301,95,206,814,712,102
2021,King's Lynn and West Norfolk 005C,E01026708,636,213,70,143,423,349,74
2021,King's Lynn and West Norfolk 005D,E01026709,860,246,80,166,614,516,98
2021,King's Lynn and West Norfolk 005E,E01026710,517,171,63,108,346,290,56
2021,King's Lynn and West Norfolk 008B,E01026711,697,242,69,173,455,371,84
2021,King's Lynn and West Norfolk 008C,E01026712,891,302,111,191,589,468,121
2021,King's Lynn and West Norfolk 008D,E01026713,738,247,96,151,491,383,108
2021,King's Lynn and West Norfolk 010D,E01026714,1197,327,100,227,870,760,110
2021,King's Lynn and West Norfolk 016D,E01026715,765,219,82,137,546,415,131
2021,King's Lynn and West Norfolk 016E,E01026716,865,258,102,156,607,469,138
2021,King's Lynn and West Norfolk 016F,E01026717,822,257,101,156,565,430,135
2021,King's Lynn and West Norfolk 004D,E01026718,1005,349,128,221,656,515,141
2021,King's Lynn and West Norfolk 013C,E01026719,1225,415,143,272,810,643,167
2021,King's Lynn and West Norfolk 013D,E01026720,681,213,71,142,468,356,112
2021,King's Lynn and West Norfolk 013E,E01026721,641,210,80,130,431,336,95
2021,King's Lynn and West Norfolk 015C,E01026722,1275,391,123,268,884,725,159
2021,King's Lynn and West Norfolk 014D,E01026723,762,241,77,164,521,433,88
2021,King's Lynn and West Norfolk 014E,E01026724,810,253,83,170,557,447,110
2021,King's Lynn and West Norfolk 014F,E01026725,650,213,67,146,437,330,107
2021,King's Lynn and West Norfolk 015D,E01026726,1023,310,120,190,713,577,136
2021,King's Lynn and West Norfolk 018B,E01026727,1155,388,125,263,767,571,196
2021,King's Lynn and West Norfolk 018C,E01026728,1139,367,138,229,772,619,153
2021,North Norfolk 008A,E01026729,981,340,146,194,641,482,159
2021,North Norfolk 008B,E01026730,1124,434,174,260,690,562,128
2021,North Norfolk 006C,E01026733,987,408,168,240,579,440,139
2021,North Norfolk 003A,E01026734,500,188,79,109,312,265,47
2021,North Norfolk 003B,E01026735,422,162,59,103,260,218,42
2021,North Norfolk 003C,E01026736,446,187,71,116,259,219,40
2021,North Norfolk 006D,E01026737,1106,451,186,265,655,509,146
2021,North Norfolk 007A,E01026738,962,347,136,211,615,492,123
2021,North Norfolk 002A,E01026739,734,298,128,170,436,316,120
2021,North Norfolk 012A,E01026740,951,356,148,208,595,455,140
2021,North Norfolk 004A,E01026741,606,255,114,141,351,286,65
2021,North Norfolk 004B,E01026742,491,166,65,101,325,230,95
2021,North Norfolk 004C,E01026743,765,328,133,195,437,366,71
2021,North Norfolk 014A,E01026744,843,327,128,199,516,424,92
2021,North Norfolk 011A,E01026745,826,276,88,188,550,465,85
2021,North Norfolk 011B,E01026746,811,285,96,189,526,434,92
2021,North Norfolk 011C,E01026747,601,181,69,112,420,347,73
2021,North Norfolk 011D,E01026748,586,209,82,127,377,313,64
2021,North Norfolk 011E,E01026749,655,218,53,165,437,364,73
2021,North Norfolk 007B,E01026750,436,164,68,96,272,214,58
2021,North Norfolk 007C,E01026751,448,179,77,102,269,218,51
2021,North Norfolk 007D,E01026752,554,219,72,147,335,252,83
2021,North Norfolk 015D,E01026753,575,216,71,145,359,307,52
2021,North Norfolk 015C,E01026754,677,252,95,157,425,373,52
2021,North Norfolk 015E,E01026755,366,128,42,86,238,188,50
2021,North Norfolk 015B,E01026756,476,166,56,110,310,258,52
2021,North Norfolk 015A,E01026757,685,255,72,183,430,360,70
2021,North Norfolk 016B,E01026758,614,218,70,148,396,356,40
2021,North Norfolk 016C,E01026759,541,201,72,129,340,267,73
2021,North Norfolk 016D,E01026760,945,291,107,184,654,552,102
2021,North Norfolk 016A,E01026761,608,205,58,147,403,332,71
2021,North Norfolk 002B,E01026763,553,209,70,139,344,288,56
2021,North Norfolk 002C,E01026764,452,193,92,101,259,192,67
2021,North Norfolk 002D,E01026765,560,232,94,138,328,249,79
2021,North Norfolk 005B,E01026766,1039,394,151,243,645,497,148
2021,North Norfolk 012B,E01026767,546,198,70,128,348,269,79
2021,North Norfolk 012C,E01026768,783,247,87,160,536,429,107
2021,North Norfolk 014B,E01026769,823,350,156,194,473,374,99
2021,North Norfolk 001A,E01026770,656,232,94,138,424,354,70
2021,North Norfolk 001B,E01026771,580,245,65,180,335,271,64
2021,North Norfolk 001C,E01026772,626,270,114,156,356,295,61
2021,North Norfolk 001D,E01026773,678,312,120,192,366,308,58
2021,North Norfolk 013A,E01026774,729,265,96,169,464,375,89
2021,North Norfolk 013B,E01026775,515,190,71,119,325,278,47
2021,North Norfolk 013C,E01026776,803,324,148,176,479,391,88
2021,North Norfolk 003D,E01026777,451,192,72,120,259,232,27
2021,North Norfolk 003E,E01026778,409,144,56,88,265,224,41
2021,North Norfolk 003F,E01026779,556,207,74,133,349,305,44
2021,North Norfolk 009A,E01026780,1336,442,173,269,894,710,184
2021,North Norfolk 005C,E01026781,782,324,135,189,458,359,99
2021,North Norfolk 009B,E01026782,940,341,118,223,599,468,131
2021,North Norfolk 014C,E01026783,664,233,93,140,431,340,91
2021,North Norfolk 014D,E01026784,439,163,46,117,276,220,56
2021,North Norfolk 014E,E01026785,533,215,81,134,318,245,73
2021,North Norfolk 013D,E01026786,885,337,125,212,548,419,129
2021,North Norfolk 009C,E01026787,497,172,78,94,325,266,59
2021,North Norfolk 008C,E01026788,537,216,90,126,321,242,79
2021,North Norfolk 012D,E01026789,575,215,89,126,360,280,80
2021,North Norfolk 012E,E01026790,549,203,94,109,346,276,70
2021,Norwich 005A,E01026791,645,236,87,149,409,362,47
2021,Norwich 005B,E01026792,625,203,60,143,422,371,51
2021,Norwich 005C,E01026793,688,270,94,176,418,358,60
2021,Norwich 005D,E01026794,938,305,98,207,633,546,87
2021,Norwich 005F,E01026796,661,332,182,150,329,287,42
2021,Norwich 001A,E01026797,1439,371,117,254,1068,927,141
2021,Norwich 001B,E01026798,676,216,68,148,460,407,53
2021,Norwich 001C,E01026799,754,228,60,168,526,466,60
2021,Norwich 001D,E01026800,947,322,98,224,625,541,84
2021,Norwich 001E,E01026801,753,247,74,173,506,454,52
2021,Norwich 001F,E01026802,814,275,92,183,539,457,82
2021,Norwich 004A,E01026803,670,210,58,152,460,413,47
2021,Norwich 004B,E01026804,652,244,75,169,408,350,58
2021,Norwich 004C,E01026805,663,229,63,166,434,394,40
2021,Norwich 004D,E01026806,603,209,85,124,394,340,54
2021,Norwich 004E,E01026807,631,213,55,158,418,383,35
2021,Norwich 004F,E01026808,492,171,38,133,321,283,38
2021,Norwich 004G,E01026809,601,219,74,145,382,339,43
2021,Norwich 012A,E01026810,610,242,84,158,368,295,73
2021,Norwich 012B,E01026811,618,197,66,131,421,325,96
2021,Norwich 012C,E01026812,766,213,75,138,553,459,94
2021,Norwich 012D,E01026813,565,205,82,123,360,284,76
2021,Norwich 012E,E01026814,640,282,116,166,358,320,38
2021,Norwich 012F,E01026815,691,221,99,122,470,387,83
2021,Norwich 013A,E01026816,988,273,89,184,715,632,83
2021,Norwich 013B,E01026817,628,218,73,145,410,360,50
2021,Norwich 013C,E01026818,699,252,78,174,447,394,53
2021,Norwich 013D,E01026819,643,233,73,160,410,365,45
2021,Norwich 013E,E01026820,797,308,90,218,489,433,56
2021,Norwich 013F,E01026821,712,275,67,208,437,374,63
2021,Norwich 017A,E01026823,1144,341,155,186,803,683,120
2021,Norwich 016D,E01026824,805,282,117,165,523,463,60
2021,Norwich 016A,E01026825,794,255,85,170,539,473,66
2021,Norwich 016B,E01026826,813,263,103,160,550,501,49
2021,Norwich 016C,E01026827,642,231,73,158,411,359,52
2021,Norwich 002A,E01026828,729,257,75,182,472,421,51
2021,Norwich 002B,E01026829,1082,344,97,247,738,660,78
2021,Norwich 002C,E01026830,568,196,68,128,372,323,49
2021,Norwich 002D,E01026831,848,230,78,152,618,539,79
2021,Norwich 002E,E01026832,621,220,54,166,401,359,42
2021,Norwich 002F,E01026833,624,210,58,152,414,366,48
2021,Norwich 002G,E01026834,691,231,73,158,460,404,56
2021,Norwich 009A,E01026835,785,270,120,150,515,429,86
2021,Norwich 009B,E01026836,787,293,107,186,494,416,78
2021,Norwich 009C,E01026837,752,244,94,150,508,431,77
2021,Norwich 009D,E01026838,804,299,111,188,505,436,69
2021,Norwich 009E,E01026839,839,292,114,178,547,463,84
2021,Norwich 009F,E01026840,962,312,115,197,650,557,93
2021,Norwich 003A,E01026841,871,250,76,174,621,550,71
2021,Norwich 003B,E01026842,1074,287,105,182,787,693,94
2021,Norwich 003C,E01026843,993,306,81,225,687,605,82
2021,Norwich 003D,E01026844,879,292,88,204,587,514,73
2021,Norwich 003E,E01026845,1022,252,67,185,770,669,101
2021,Norwich 003F,E01026846,1091,316,113,203,775,690,85
2021,Norwich 015A,E01026848,856,295,115,180,561,509,52
2021,Norwich 015B,E01026849,1059,269,96,173,790,680,110
2021,Norwich 015C,E01026850,1118,299,100,199,819,708,111
2021,Norwich 011A,E01026852,589,196,74,122,393,344,49
2021,Norwich 011B,E01026853,917,295,89,206,622,558,64
2021,Norwich 011D,E01026855,944,284,111,173,660,574,86
2021,Norwich 011E,E01026856,999,335,129,206,664,576,88
2021,Norwich 011F,E01026857,711,247,98,149,464,391,73
2021,Norwich 010A,E01026858,515,229,103,126,286,260,26
2021,Norwich 010B,E01026859,633,261,89,172,372,328,44
2021,Norwich 010C,E01026860,781,523,360,163,258,225,33
2021,Norwich 010D,E01026861,587,296,154,142,291,251,40
2021,Norwich 010E,E01026862,524,232,87,145,292,235,57
2021,Norwich 006A,E01026863,859,278,112,166,581,513,68
2021,Norwich 006B,E01026864,761,250,79,171,511,456,55
2021,Norwich 006C,E01026865,772,280,111,169,492,441,51
2021,Norwich 006D,E01026866,937,294,104,190,643,579,64
2021,Norwich 006E,E01026867,598,239,98,141,359,312,47
2021,Norwich 006F,E01026868,587,271,109,162,316,275,41
2021,Norwich 006G,E01026869,607,199,64,135,408,368,40
2021,South Norfolk 005A,E01026870,691,191,64,127,500,397,103
2021,South Norfolk 005B,E01026871,535,191,76,115,344,284,60
2021,South Norfolk 013A,E01026872,1031,356,144,212,675,517,158
2021,South Norfolk 014A,E01026873,579,203,85,118,376,282,94
2021,South Norfolk 014B,E01026874,740,259,109,150,481,356,125
2021,South Norfolk 006A,E01026875,530,163,59,104,367,288,79
2021,South Norfolk 006B,E01026876,672,235,82,153,437,341,96
2021,South Norfolk 011A,E01026877,746,251,89,162,495,369,126
2021,South Norfolk 011B,E01026878,606,220,70,150,386,298,88
2021,South Norfolk 008A,E01026879,500,168,50,118,332,264,68
2021,South Norfolk 008B,E01026880,586,211,80,131,375,300,75
2021,South Norfolk 002A,E01026881,914,284,93,191,630,512,118
2021,South Norfolk 002C,E01026883,1063,338,109,229,725,584,141
2021,South Norfolk 007A,E01026884,1327,379,124,255,948,811,137
2021,South Norfolk 007B,E01026885,845,272,105,167,573,453,120
2021,South Norfolk 014C,E01026886,631,220,81,139,411,317,94
2021,South Norfolk 014D,E01026887,738,239,80,159,499,392,107
2021,South Norfolk 015A,E01026888,643,214,84,130,429,360,69
2021,South Norfolk 015B,E01026889,683,211,88,123,472,387,85
2021,South Norfolk 015D,E01026891,793,250,92,158,543,439,104
2021,South Norfolk 012A,E01026892,574,211,79,132,363,293,70
2021,South Norfolk 012B,E01026893,591,198,77,121,393,329,64
2021,South Norfolk 012C,E01026894,1134,390,153,237,744,561,183
2021,South Norfolk 002D,E01026895,706,240,79,161,466,393,73
2021,South Norfolk 002E,E01026896,547,185,68,117,362,282,80
2021,South Norfolk 011C,E01026897,1338,470,166,304,868,699,169
2021,South Norfolk 010A,E01026898,674,238,93,145,436,348,88
2021,South Norfolk 010B,E01026899,790,257,84,173,533,410,123
2021,South Norfolk 013B,E01026900,592,177,64,113,415,351,64
2021,South Norfolk 013C,E01026901,624,194,79,115,430,330,100
2021,South Norfolk 013D,E01026902,1085,326,114,212,759,603,156
2021,South Norfolk 012D,E01026903,552,203,77,126,349,279,70
2021,South Norfolk 012E,E01026904,640,216,73,143,424,340,84
2021,South Norfolk 003A,E01026905,357,118,31,87,239,207,32
2021,South Norfolk 003B,E01026906,752,244,85,159,508,417,91
2021,South Norfolk 003C,E01026907,883,273,89,184,610,503,107
2021,South Norfolk 003D,E01026908,1403,373,104,269,1030,893,137
2021,South Norfolk 004A,E01026909,565,206,76,130,359,266,93
2021,South Norfolk 004B,E01026910,751,240,105,135,511,388,123
2021,South Norfolk 008C,E01026911,626,229,92,137,397,338,59
2021,South Norfolk 008D,E01026912,834,258,92,166,576,479,97
2021,South Norfolk 009A,E01026913,825,260,84,176,565,468,97
2021,South Norfolk 009B,E01026914,949,302,117,185,647,487,160
2021,South Norfolk 009C,E01026915,975,320,100,220,655,546,109
2021,South Norfolk 017A,E01026916,924,310,123,187,614,516,98
2021,South Norfolk 017C,E01026917,635,217,77,140,418,342,76
2021,South Norfolk 017B,E01026918,788,260,76,184,528,440,88
2021,South Norfolk 009D,E01026919,686,234,68,166,452,367,85
2021,South Norfolk 009E,E01026920,581,201,81,120,380,307,73
2021,South Norfolk 005C,E01026921,580,185,69,116,395,328,67
2021,South Norfolk 005D,E01026922,587,217,68,149,370,313,57
2021,South Norfolk 016D,E01026924,725,250,105,145,475,381,94
2021,South Norfolk 017D,E01026925,1259,378,120,258,881,772,109
2021,South Norfolk 006D,E01026927,856,275,96,179,581,479,102
2021,South Norfolk 006E,E01026928,943,297,91,206,646,538,108
2021,South Norfolk 008E,E01026929,660,217,82,135,443,338,105
2021,South Norfolk 008F,E01026930,750,253,87,166,497,388,109
2021,South Norfolk 015E,E01026931,525,187,71,116,338,259,79
2021,South Norfolk 015F,E01026932,694,206,62,144,488,400,88
2021,South Norfolk 014E,E01026934,502,188,66,122,314,243,71
2021,South Norfolk 014F,E01026935,637,200,67,133,437,337,100
2021,South Norfolk 006F,E01026936,818,300,100,200,518,422,96
2021,South Norfolk 006G,E01026937,797,270,113,157,527,429,98
2021,South Norfolk 011D,E01026938,1064,321,88,233,743,616,127
2021,South Norfolk 011E,E01026939,838,285,95,190,553,466,87
2021,South Norfolk 011F,E01026940,1054,317,114,203,737,605,132
2021,South Norfolk 009F,E01026941,567,209,89,120,358,287,71
2021,South Norfolk 009G,E01026942,551,181,71,110,370,303,67
2021,South Norfolk 010C,E01026943,785,267,88,179,518,397,121
2021,South Norfolk 010D,E01026944,608,202,85,117,406,332,74
2021,South Norfolk 004C,E01026947,685,218,81,137,467,353,114
2021,South Norfolk 004D,E01026948,697,270,112,158,427,321,106
2021,North Northamptonshire 005A,E01026949,687,166,55,111,521,454,67
2021,North Northamptonshire 005B,E01026950,794,190,55,135,604,530,74
2021,North Northamptonshire 005C,E01026951,657,173,42,131,484,418,66
2021,North Northamptonshire 005D,E01026952,764,195,51,144,569,511,58
2021,North Northamptonshire 009A,E01026953,638,154,37,117,484,413,71
2021,North Northamptonshire 009B,E01026954,736,186,48,138,550,474,76
2021,North Northamptonshire 009C,E01026955,717,194,68,126,523,441,82
2021,North Northamptonshire 009D,E01026956,1178,299,91,208,879,757,122
2021,North Northamptonshire 006A,E01026957,870,217,62,155,653,579,74
2021,North Northamptonshire 006B,E01026958,1053,232,63,169,821,733,88
2021,North Northamptonshire 007A,E01026959,780,171,45,126,609,551,58
2021,North Northamptonshire 007B,E01026960,776,182,52,130,594,534,60
2021,North Northamptonshire 007C,E01026961,671,173,44,129,498,460,38
2021,North Northamptonshire 004A,E01026962,724,189,52,137,535,488,47
2021,North Northamptonshire 008A,E01026963,656,181,62,119,475,422,53
2021,North Northamptonshire 007D,E01026965,752,181,54,127,571,493,78
2021,North Northamptonshire 007E,E01026966,644,181,53,128,463,404,59
2021,North Northamptonshire 007F,E01026967,910,202,56,146,708,630,78
2021,North Northamptonshire 007G,E01026968,761,185,53,132,576,500,76
2021,North Northamptonshire 003A,E01026969,835,204,64,140,631,560,71
2021,North Northamptonshire 003B,E01026970,901,234,68,166,667,588,79
2021,North Northamptonshire 002A,E01026971,885,175,53,122,710,617,93
2021,North Northamptonshire 003C,E01026972,971,228,61,167,743,657,86
2021,North Northamptonshire 004B,E01026973,734,185,43,142,549,491,58
2021,North Northamptonshire 004C,E01026974,550,149,48,101,401,347,54
2021,North Northamptonshire 004D,E01026975,662,156,55,101,506,446,60
2021,North Northamptonshire 003D,E01026976,860,199,51,148,661,587,74
2021,North Northamptonshire 002B,E01026979,837,273,103,170,564,454,110
2021,North Northamptonshire 002C,E01026980,780,235,89,146,545,438,107
2021,North Northamptonshire 003E,E01026981,604,166,44,122,438,386,52
2021,North Northamptonshire 002D,E01026982,1184,275,90,185,909,817,92
2021,North Northamptonshire 003F,E01026983,570,128,39,89,442,405,37
2021,North Northamptonshire 004E,E01026984,887,210,52,158,677,606,71
2021,North Northamptonshire 004F,E01026985,1006,223,68,155,783,690,93
2021,West Northamptonshire 016A,E01026986,1569,367,123,244,1202,1042,160
2021,West Northamptonshire 010A,E01026987,558,135,65,70,423,373,50
2021,West Northamptonshire 016B,E01026988,794,207,74,133,587,513,74
2021,West Northamptonshire 010B,E01026989,740,189,57,132,551,472,79
2021,West Northamptonshire 016C,E01026991,617,149,47,102,468,397,71
2021,West Northamptonshire 016D,E01026992,948,212,75,137,736,624,112
2021,West Northamptonshire 042A,E01026993,1011,288,126,162,723,530,193
2021,West Northamptonshire 004A,E01026994,554,136,63,73,418,318,100
2021,West Northamptonshire 005A,E01026998,1280,353,128,225,927,736,191
2021,West Northamptonshire 004B,E01026999,818,246,102,144,572,454,118
2021,West Northamptonshire 002A,E01027000,769,231,81,150,538,452,86
2021,West Northamptonshire 002B,E01027001,1129,285,101,184,844,697,147
2021,West Northamptonshire 002C,E01027002,867,249,106,143,618,455,163
2021,West Northamptonshire 002D,E01027003,740,187,71,116,553,459,94
2021,West Northamptonshire 042B,E01027004,929,271,110,161,658,511,147
2021,West Northamptonshire 001A,E01027005,1190,355,143,212,835,628,207
2021,West Northamptonshire 004C,E01027006,1257,346,125,221,911,710,201
2021,West Northamptonshire 022A,E01027007,898,204,76,128,694,610,84
2021,West Northamptonshire 022B,E01027008,1090,252,90,162,838,707,131
2021,West Northamptonshire 022C,E01027009,740,184,69,115,556,502,54
2021,West Northamptonshire 016E,E01027010,603,158,56,102,445,385,60
2021,West Northamptonshire 027A,E01027011,1063,309,115,194,754,588,166
2021,West Northamptonshire 010C,E01027012,1144,281,107,174,863,747,116
2021,West Northamptonshire 022D,E01027013,801,198,69,129,603,526,77
2021,West Northamptonshire 005B,E01027015,658,204,70,134,454,377,77
2021,West Northamptonshire 005C,E01027016,786,193,72,121,593,494,99
2021,West Northamptonshire 027B,E01027017,937,214,67,147,723,590,133
2021,West Northamptonshire 003A,E01027018,1344,348,128,220,996,822,174
2021,West Northamptonshire 003B,E01027019,1057,328,123,205,729,600,129
2021,West Northamptonshire 003C,E01027020,876,251,80,171,625,521,104
2021,West Northamptonshire 005D,E01027021,887,287,114,173,600,451,149
2021,West Northamptonshire 002E,E01027022,930,273,104,169,657,529,128
2021,West Northamptonshire 003D,E01027023,998,330,132,198,668,512,156
2021,West Northamptonshire 027C,E01027024,914,247,114,133,667,526,141
2021,West Northamptonshire 027D,E01027025,876,214,63,151,662,547,115
2021,West Northamptonshire 001B,E01027026,1119,346,141,205,773,580,193
2021,West Northamptonshire 005E,E01027027,1422,443,160,283,979,771,208
2021,West Northamptonshire 042C,E01027028,1151,311,118,193,840,684,156
2021,West Northamptonshire 042D,E01027029,1284,306,106,200,978,842,136
2021,West Northamptonshire 001C,E01027030,960,281,98,183,679,522,157
2021,North Northamptonshire 010A,E01027031,1104,302,131,171,802,609,193
2021,North Northamptonshire 011A,E01027032,891,243,114,129,648,475,173
2021,North Northamptonshire 001A,E01027033,936,268,121,147,668,512,156
2021,North Northamptonshire 035A,E01027034,739,198,65,133,541,462,79
2021,North Northamptonshire 035B,E01027035,715,208,75,133,507,420,87
2021,North Northamptonshire 035C,E01027037,1342,373,113,260,969,784,185
2021,North Northamptonshire 027A,E01027038,951,242,66,176,709,591,118
2021,North Northamptonshire 027B,E01027039,1045,276,97,179,769,642,127
2021,North Northamptonshire 027C,E01027040,937,225,77,148,712,607,105
2021,North Northamptonshire 027D,E01027041,751,204,51,153,547,460,87
2021,North Northamptonshire 027E,E01027042,1001,249,81,168,752,641,111
2021,North Northamptonshire 001B,E01027043,1124,298,88,210,826,656,170
2021,North Northamptonshire 010B,E01027044,1040,291,135,156,749,567,182
2021,North Northamptonshire 011B,E01027045,989,294,128,166,695,525,170
2021,North Northamptonshire 010C,E01027046,806,233,87,146,573,463,110
2021,North Northamptonshire 010D,E01027047,556,161,66,95,395,318,77
2021,North Northamptonshire 010E,E01027048,702,193,90,103,509,382,127
2021,North Northamptonshire 010F,E01027049,444,126,44,82,318,250,68
2021,North Northamptonshire 001C,E01027050,958,322,143,179,636,489,147
2021,North Northamptonshire 025A,E01027051,1089,254,87,167,835,701,134
2021,North Northamptonshire 025B,E01027052,797,189,65,124,608,507,101
2021,North Northamptonshire 025C,E01027053,1209,303,99,204,906,753,153
2021,North Northamptonshire 025D,E01027054,512,128,38,90,384,321,63
2021,North Northamptonshire 025E,E01027055,643,177,63,114,466,388,78
2021,North Northamptonshire 025F,E01027056,723,223,67,156,500,439,61
2021,North Northamptonshire 024A,E01027057,1165,295,116,179,870,704,166
2021,North Northamptonshire 037A,E01027058,802,239,67,172,563,481,82
2021,North Northamptonshire 037B,E01027059,896,230,87,143,666,571,95
2021,North Northamptonshire 037C,E01027060,1119,274,86,188,845,719,126
2021,North Northamptonshire 034A,E01027061,1454,342,98,244,1112,928,184
2021,North Northamptonshire 034B,E01027062,1173,287,84,203,886,756,130
2021,North Northamptonshire 034C,E01027063,934,279,112,167,655,541,114
2021,North Northamptonshire 034D,E01027064,770,231,77,154,539,438,101
2021,North Northamptonshire 037D,E01027065,997,253,74,179,744,640,104
2021,North Northamptonshire 039A,E01027066,1019,268,102,166,751,595,156
2021,North Northamptonshire 039B,E01027067,756,207,57,150,549,467,82
2021,North Northamptonshire 037E,E01027069,821,208,62,146,613,528,85
2021,North Northamptonshire 039C,E01027070,747,180,49,131,567,466,101
2021,North Northamptonshire 039D,E01027071,703,182,61,121,521,464,57
2021,North Northamptonshire 034E,E01027072,738,218,54,164,520,447,73
2021,North Northamptonshire 034F,E01027073,1017,295,94,201,722,614,108
2021,North Northamptonshire 024B,E01027074,994,312,115,197,682,547,135
2021,North Northamptonshire 011C,E01027075,1106,292,96,196,814,667,147
2021,North Northamptonshire 011D,E01027076,1109,300,103,197,809,665,144
2021,North Northamptonshire 024C,E01027078,975,289,94,195,686,541,145
2021,North Northamptonshire 015A,E01027079,1004,264,77,187,740,650,90
2021,North Northamptonshire 015B,E01027080,939,273,88,185,666,578,88
2021,North Northamptonshire 016A,E01027081,741,194,56,138,547,480,67
2021,North Northamptonshire 016B,E01027082,885,222,68,154,663,561,102
2021,North Northamptonshire 016C,E01027083,631,167,44,123,464,424,40
2021,North Northamptonshire 021A,E01027084,1155,284,89,195,871,740,131
2021,North Northamptonshire 021B,E01027085,740,199,52,147,541,462,79
2021,North Northamptonshire 021C,E01027086,1048,266,99,167,782,646,136
2021,North Northamptonshire 015C,E01027087,587,158,54,104,429,361,68
2021,North Northamptonshire 015D,E01027088,710,189,60,129,521,430,91
2021,North Northamptonshire 015E,E01027089,1087,308,94,214,779,646,133
2021,North Northamptonshire 012A,E01027090,859,248,90,158,611,467,144
2021,North Northamptonshire 023A,E01027091,863,253,98,155,610,512,98
2021,North Northamptonshire 023B,E01027092,921,269,95,174,652,551,101
2021,North Northamptonshire 013A,E01027094,688,197,69,128,491,434,57
2021,North Northamptonshire 013B,E01027095,821,229,66,163,592,509,83
2021,North Northamptonshire 019A,E01027096,577,173,61,112,404,332,72
2021,North Northamptonshire 019B,E01027097,707,183,57,126,524,449,75
2021,North Northamptonshire 019C,E01027098,587,183,56,127,404,342,62
2021,North Northamptonshire 019D,E01027099,669,200,61,139,469,402,67
2021,North Northamptonshire 022A,E01027100,828,237,81,156,591,518,73
2021,North Northamptonshire 023C,E01027102,949,256,75,181,693,583,110
2021,North Northamptonshire 012B,E01027103,799,218,87,131,581,446,135
2021,North Northamptonshire 018A,E01027104,1226,290,79,211,936,807,129
2021,North Northamptonshire 017A,E01027105,1430,292,95,197,1138,1001,137
2021,North Northamptonshire 017B,E01027106,1109,251,66,185,858,767,91
2021,North Northamptonshire 013C,E01027107,625,172,58,114,453,400,53
2021,North Northamptonshire 013D,E01027108,584,179,78,101,405,344,61
2021,North Northamptonshire 013E,E01027109,592,168,58,110,424,354,70
2021,North Northamptonshire 017C,E01027111,1213,272,82,190,941,839,102
2021,North Northamptonshire 017D,E01027112,1220,324,97,227,896,803,93
2021,North Northamptonshire 018B,E01027113,1152,320,120,200,832,708,124
2021,North Northamptonshire 022B,E01027114,821,250,75,175,571,487,84
2021,North Northamptonshire 018C,E01027115,982,261,100,161,721,599,122
2021,North Northamptonshire 018D,E01027116,1229,336,105,231,893,744,149
2021,North Northamptonshire 018E,E01027117,765,166,57,109,599,528,71
2021,North Northamptonshire 020A,E01027119,781,241,88,153,540,443,97
2021,North Northamptonshire 021D,E01027120,717,201,68,133,516,435,81
2021,North Northamptonshire 021E,E01027121,1272,338,115,223,934,777,157
2021,North Northamptonshire 019E,E01027122,539,167,45,122,372,319,53
2021,North Northamptonshire 014A,E01027123,729,245,80,165,484,415,69
2021,North Northamptonshire 014B,E01027125,914,289,90,199,625,525,100
2021,North Northamptonshire 014C,E01027126,1197,306,91,215,891,752,139
2021,North Northamptonshire 016D,E01027127,803,266,77,189,537,467,70
2021,North Northamptonshire 016E,E01027128,751,215,66,149,536,469,67
2021,North Northamptonshire 012C,E01027129,1090,384,150,234,706,524,182
2021,North Northamptonshire 022C,E01027130,883,225,70,155,658,552,106
2021,North Northamptonshire 022D,E01027131,1020,294,99,195,726,637,89
2021,West Northamptonshire 030A,E01027132,1297,290,101,189,1007,901,106
2021,West Northamptonshire 030B,E01027133,1139,271,88,183,868,781,87
2021,West Northamptonshire 030C,E01027134,1075,275,93,182,800,721,79
2021,West Northamptonshire 030D,E01027135,977,248,83,165,729,613,116
2021,West Northamptonshire 019A,E01027136,1013,252,92,160,761,644,117
2021,West Northamptonshire 024A,E01027137,821,228,74,154,593,515,78
2021,West Northamptonshire 024B,E01027138,799,226,69,157,573,485,88
2021,West Northamptonshire 024C,E01027139,875,222,63,159,653,571,82
2021,West Northamptonshire 026A,E01027140,806,209,58,151,597,507,90
2021,West Northamptonshire 024D,E01027141,1127,320,113,207,807,672,135
2021,West Northamptonshire 026B,E01027142,726,190,80,110,536,468,68
2021,West Northamptonshire 008A,E01027143,788,214,68,146,574,501,73
2021,West Northamptonshire 008B,E01027144,699,206,81,125,493,421,72
2021,West Northamptonshire 006A,E01027145,727,191,61,130,536,455,81
2021,West Northamptonshire 008C,E01027146,750,229,68,161,521,448,73
2021,West Northamptonshire 008D,E01027147,966,254,77,177,712,643,69
2021,West Northamptonshire 006B,E01027148,808,245,85,160,563,479,84
2021,West Northamptonshire 006C,E01027149,613,179,46,133,434,387,47
2021,West Northamptonshire 033A,E01027151,1045,230,76,154,815,708,107
2021,West Northamptonshire 032A,E01027152,1053,262,74,188,791,715,76
2021,West Northamptonshire 032B,E01027153,1169,289,93,196,880,764,116
2021,West Northamptonshire 032C,E01027154,1175,297,96,201,878,789,89
2021,West Northamptonshire 031A,E01027155,1362,311,116,195,1051,950,101
2021,West Northamptonshire 038A,E01027156,653,207,57,150,446,394,52
2021,West Northamptonshire 037A,E01027158,820,241,70,171,579,498,81
2021,West Northamptonshire 038B,E01027159,680,186,69,117,494,445,49
2021,West Northamptonshire 038C,E01027160,1130,303,86,217,827,709,118
2021,West Northamptonshire 038D,E01027161,716,189,51,138,527,473,54
2021,West Northamptonshire 041A,E01027162,953,242,71,171,711,608,103
2021,West Northamptonshire 041B,E01027163,723,200,85,115,523,454,69
2021,West Northamptonshire 041C,E01027164,969,238,71,167,731,629,102
2021,West Northamptonshire 041D,E01027165,749,181,63,118,568,473,95
2021,West Northamptonshire 041E,E01027166,1006,248,83,165,758,643,115
2021,West Northamptonshire 041F,E01027167,766,201,69,132,565,480,85
2021,West Northamptonshire 017A,E01027168,825,217,64,153,608,551,57
2021,West Northamptonshire 017B,E01027169,806,236,77,159,570,487,83
2021,West Northamptonshire 017C,E01027170,821,233,81,152,588,509,79
2021,West Northamptonshire 012A,E01027171,758,203,57,146,555,494,61
2021,West Northamptonshire 012B,E01027172,803,234,64,170,569,492,77
2021,West Northamptonshire 017D,E01027173,856,242,75,167,614,537,77
2021,West Northamptonshire 009A,E01027174,596,173,46,127,423,356,67
2021,West Northamptonshire 009B,E01027175,874,199,61,138,675,604,71
2021,West Northamptonshire 026C,E01027176,728,197,66,131,531,458,73
2021,West Northamptonshire 026D,E01027177,761,214,68,146,547,475,72
2021,West Northamptonshire 009C,E01027178,1015,267,85,182,748,653,95
2021,West Northamptonshire 018A,E01027179,1153,304,101,203,849,744,105
2021,West Northamptonshire 018B,E01027180,873,241,86,155,632,555,77
2021,West Northamptonshire 018C,E01027181,824,203,59,144,621,555,66
2021,West Northamptonshire 012C,E01027182,629,169,53,116,460,399,61
2021,West Northamptonshire 012D,E01027183,724,198,67,131,526,445,81
2021,West Northamptonshire 025A,E01027184,873,202,61,141,671,568,103
2021,West Northamptonshire 025B,E01027185,645,174,50,124,471,406,65
2021,West Northamptonshire 019B,E01027186,968,261,82,179,707,596,111
2021,West Northamptonshire 025C,E01027187,790,174,65,109,616,548,68
2021,West Northamptonshire 019C,E01027188,988,270,88,182,718,641,77
2021,West Northamptonshire 025D,E01027189,951,248,77,171,703,614,89
2021,West Northamptonshire 013A,E01027190,776,211,82,129,565,466,99
2021,West Northamptonshire 013B,E01027191,1131,286,103,183,845,736,109
2021,West Northamptonshire 015A,E01027192,847,179,58,121,668,594,74
2021,West Northamptonshire 013C,E01027193,745,217,56,161,528,457,71
2021,West Northamptonshire 013D,E01027194,657,198,63,135,459,401,58
2021,West Northamptonshire 011A,E01027195,865,250,66,184,615,549,66
2021,West Northamptonshire 014A,E01027196,748,199,68,131,549,490,59
2021,West Northamptonshire 014B,E01027197,728,192,62,130,536,465,71
2021,West Northamptonshire 014C,E01027198,869,262,84,178,607,538,69
2021,West Northamptonshire 014D,E01027199,566,185,66,119,381,337,44
2021,West Northamptonshire 009D,E01027200,734,189,52,137,545,488,57
2021,West Northamptonshire 037B,E01027201,1152,318,104,214,834,697,137
2021,West Northamptonshire 037C,E01027202,762,218,89,129,544,438,106
2021,West Northamptonshire 044A,E01027203,927,229,72,157,698,586,112
2021,West Northamptonshire 044B,E01027204,902,259,99,160,643,536,107
2021,West Northamptonshire 044C,E01027205,1274,338,125,213,936,786,150
2021,West Northamptonshire 028A,E01027207,645,185,77,108,460,394,66
2021,West Northamptonshire 023A,E01027208,786,209,76,133,577,499,78
2021,West Northamptonshire 023B,E01027209,704,175,42,133,529,467,62
2021,West Northamptonshire 028B,E01027210,568,155,54,101,413,360,53
2021,West Northamptonshire 023C,E01027211,629,171,52,119,458,389,69
2021,West Northamptonshire 023D,E01027212,818,192,53,139,626,538,88
2021,West Northamptonshire 020A,E01027213,797,196,71,125,601,516,85
2021,West Northamptonshire 020B,E01027214,725,182,52,130,543,468,75
2021,West Northamptonshire 028C,E01027215,719,212,73,139,507,451,56
2021,West Northamptonshire 020C,E01027216,998,253,64,189,745,631,114
2021,West Northamptonshire 028D,E01027217,1209,320,105,215,889,760,129
2021,West Northamptonshire 007A,E01027218,755,208,69,139,547,484,63
2021,West Northamptonshire 007B,E01027219,864,207,44,163,657,564,93
2021,West Northamptonshire 019D,E01027220,635,152,49,103,483,415,68
2021,West Northamptonshire 007C,E01027221,915,237,70,167,678,593,85
2021,West Northamptonshire 007D,E01027222,609,177,66,111,432,361,71
2021,West Northamptonshire 034A,E01027224,1131,232,63,169,899,797,102
2021,West Northamptonshire 031B,E01027225,1008,257,88,169,751,653,98
2021,West Northamptonshire 034B,E01027226,1180,264,111,153,916,818,98
2021,West Northamptonshire 031C,E01027227,1109,274,96,178,835,734,101
2021,West Northamptonshire 031D,E01027228,1434,306,113,193,1128,1005,123
2021,West Northamptonshire 015B,E01027229,778,214,77,137,564,490,74
2021,West Northamptonshire 015C,E01027230,886,257,64,193,629,550,79
2021,West Northamptonshire 015D,E01027231,869,246,72,174,623,560,63
2021,West Northamptonshire 006D,E01027232,1254,343,116,227,911,816,95
2021,West Northamptonshire 036A,E01027233,697,166,51,115,531,453,78
2021,West Northamptonshire 036B,E01027234,898,206,66,140,692,587,105
2021,West Northamptonshire 036C,E01027235,766,216,52,164,550,492,58
2021,West Northamptonshire 033B,E01027236,716,187,64,123,529,454,75
2021,West Northamptonshire 033C,E01027237,1148,257,79,178,891,773,118
2021,West Northamptonshire 033D,E01027238,1201,261,86,175,940,837,103
2021,West Northamptonshire 021A,E01027239,767,261,95,166,506,441,65
2021,West Northamptonshire 020D,E01027240,564,157,55,102,407,349,58
2021,West Northamptonshire 021B,E01027241,948,229,63,166,719,663,56
2021,West Northamptonshire 021C,E01027242,773,240,72,168,533,478,55
2021,West Northamptonshire 021D,E01027243,859,226,72,154,633,563,70
2021,West Northamptonshire 021E,E01027244,708,218,47,171,490,436,54
2021,West Northamptonshire 011B,E01027245,872,207,65,142,665,584,81
2021,West Northamptonshire 009E,E01027246,962,213,70,143,749,675,74
2021,West Northamptonshire 011C,E01027247,997,260,80,180,737,646,91
2021,West Northamptonshire 011D,E01027248,759,233,72,161,526,470,56
2021,West Northamptonshire 011E,E01027249,857,218,62,156,639,571,68
2021,West Northamptonshire 039A,E01027250,722,186,65,121,536,454,82
2021,West Northamptonshire 036D,E01027252,808,212,74,138,596,520,76
2021,West Northamptonshire 039B,E01027253,897,192,62,130,705,582,123
2021,West Northamptonshire 039C,E01027254,1177,295,85,210,882,737,145
2021,West Northamptonshire 029A,E01027255,764,213,84,129,551,449,102
2021,West Northamptonshire 029B,E01027256,718,208,79,129,510,406,104
2021,West Northamptonshire 034C,E01027257,562,185,77,108,377,315,62
2021,West Northamptonshire 029C,E01027258,733,211,76,135,522,432,90
2021,West Northamptonshire 024E,E01027259,838,202,75,127,636,550,86
2021,West Northamptonshire 029D,E01027260,733,229,89,140,504,392,112
2021,West Northamptonshire 049A,E01027261,1102,331,127,204,771,587,184
2021,West Northamptonshire 045A,E01027262,874,258,97,161,616,453,163
2021,West Northamptonshire 046A,E01027263,883,259,91,168,624,531,93
2021,West Northamptonshire 053A,E01027264,769,204,65,139,565,462,103
2021,West Northamptonshire 051A,E01027265,763,239,83,156,524,416,108
2021,West Northamptonshire 053B,E01027267,624,136,51,85,488,409,79
2021,West Northamptonshire 053C,E01027268,710,186,69,117,524,429,95
2021,West Northamptonshire 053D,E01027269,833,232,91,141,601,495,106
2021,West Northamptonshire 051B,E01027270,946,254,78,176,692,590,102
2021,West Northamptonshire 051C,E01027271,870,223,82,141,647,544,103
2021,West Northamptonshire 051D,E01027272,874,236,73,163,638,542,96
2021,West Northamptonshire 043A,E01027273,887,263,101,162,624,511,113
2021,West Northamptonshire 043B,E01027274,1393,368,137,231,1025,836,189
2021,West Northamptonshire 043C,E01027275,716,208,77,131,508,424,84
2021,West Northamptonshire 045B,E01027277,913,282,102,180,631,491,140
2021,West Northamptonshire 046B,E01027279,1051,250,87,163,801,696,105
2021,West Northamptonshire 050A,E01027280,1488,355,124,231,1133,924,209
2021,West Northamptonshire 050B,E01027281,862,248,71,177,614,528,86
2021,West Northamptonshire 040A,E01027282,925,271,87,184,654,536,118
2021,West Northamptonshire 040B,E01027283,820,242,98,144,578,455,123
2021,West Northamptonshire 046C,E01027284,995,303,116,187,692,556,136
2021,West Northamptonshire 040C,E01027285,882,269,99,170,613,499,114
2021,West Northamptonshire 040D,E01027286,725,227,77,150,498,407,91
2021,West Northamptonshire 040E,E01027287,780,233,76,157,547,435,112
2021,West Northamptonshire 052A,E01027288,1146,351,116,235,795,648,147
2021,West Northamptonshire 045C,E01027289,824,244,87,157,580,474,106
2021,West Northamptonshire 052B,E01027290,1305,325,116,209,980,785,195
2021,West Northamptonshire 048A,E01027291,924,277,93,184,647,501,146
2021,West Northamptonshire 048B,E01027292,622,198,64,134,424,378,46
2021,West Northamptonshire 048C,E01027293,703,223,69,154,480,391,89
2021,West Northamptonshire 046D,E01027294,1008,249,101,148,759,636,123
2021,West Northamptonshire 049B,E01027295,1521,416,154,262,1105,878,227
2021,West Northamptonshire 052C,E01027296,1032,306,110,196,726,575,151
2021,West Northamptonshire 047A,E01027297,919,273,115,158,646,485,161
2021,West Northamptonshire 047B,E01027298,1763,346,110,236,1417,1209,208
2021,West Northamptonshire 047C,E01027299,690,203,62,141,487,413,74
2021,West Northamptonshire 045D,E01027300,843,220,69,151,623,527,96
2021,West Northamptonshire 047D,E01027301,1264,317,104,213,947,809,138
2021,West Northamptonshire 047E,E01027302,795,191,51,140,604,530,74
2021,West Northamptonshire 045E,E01027303,937,264,106,158,673,540,133
2021,West Northamptonshire 048D,E01027304,871,261,109,152,610,440,170
2021,West Northamptonshire 048E,E01027305,945,298,122,176,647,490,157
2021,West Northamptonshire 049C,E01027306,958,270,114,156,688,502,186
2021,West Northamptonshire 050C,E01027307,1077,316,126,190,761,625,136
2021,West Northamptonshire 043D,E01027308,807,250,89,161,557,427,130
2021,North Northamptonshire 033A,E01027309,704,181,60,121,523,447,76
2021,North Northamptonshire 033B,E01027310,638,176,52,124,462,401,61
2021,North Northamptonshire 033C,E01027311,657,187,75,112,470,405,65
2021,North Northamptonshire 033D,E01027312,679,180,52,128,499,451,48
2021,North Northamptonshire 030A,E01027313,960,209,59,150,751,670,81
2021,North Northamptonshire 030B,E01027314,1260,279,92,187,981,865,116
2021,North Northamptonshire 030C,E01027316,1220,299,107,192,921,799,122
2021,North Northamptonshire 036A,E01027317,692,200,65,135,492,406,86
2021,North Northamptonshire 036B,E01027318,614,188,56,132,426,387,39
2021,North Northamptonshire 036C,E01027319,770,217,54,163,553,475,78
2021,North Northamptonshire 036D,E01027320,1074,242,76,166,832,723,109
2021,North Northamptonshire 036E,E01027321,993,239,72,167,754,637,117
2021,North Northamptonshire 038A,E01027322,627,184,78,106,443,379,64
2021,North Northamptonshire 038B,E01027323,1110,279,95,184,831,705,126
2021,North Northamptonshire 038C,E01027324,507,136,48,88,371,313,58
2021,North Northamptonshire 038D,E01027325,1025,308,104,204,717,607,110
2021,North Northamptonshire 026A,E01027326,735,233,80,153,502,414,88
2021,North Northamptonshire 026B,E01027327,789,205,70,135,584,481,103
2021,North Northamptonshire 026C,E01027328,694,169,62,107,525,448,77
2021,North Northamptonshire 038E,E01027329,803,253,103,150,550,451,99
2021,North Northamptonshire 028A,E01027330,871,244,96,148,627,537,90
2021,North Northamptonshire 028B,E01027331,671,166,43,123,505,436,69
2021,North Northamptonshire 028C,E01027332,760,217,62,155,543,468,75
2021,North Northamptonshire 028D,E01027333,1230,332,113,219,898,764,134
2021,North Northamptonshire 028E,E01027334,586,181,58,123,405,374,31
2021,North Northamptonshire 040A,E01027335,649,186,61,125,463,386,77
2021,North Northamptonshire 040B,E01027336,743,232,86,146,511,411,100
2021,North Northamptonshire 040C,E01027337,929,251,80,171,678,590,88
2021,North Northamptonshire 026D,E01027338,1198,391,151,240,807,635,172
2021,North Northamptonshire 031A,E01027339,623,199,53,146,424,374,50
2021,North Northamptonshire 031B,E01027340,731,179,58,121,552,489,63
2021,North Northamptonshire 031C,E01027341,771,175,45,130,596,530,66
2021,North Northamptonshire 031D,E01027342,769,198,66,132,571,495,76
2021,North Northamptonshire 029A,E01027343,696,196,68,128,500,429,71
2021,North Northamptonshire 029B,E01027344,752,195,60,135,557,460,97
2021,North Northamptonshire 029C,E01027345,659,193,68,125,466,404,62
2021,North Northamptonshire 029D,E01027346,864,190,52,138,674,568,106
2021,North Northamptonshire 029E,E01027347,951,243,81,162,708,590,118
2021,North Northamptonshire 040D,E01027348,1083,283,87,196,800,638,162
2021,North Northamptonshire 032A,E01027350,731,210,68,142,521,448,73
2021,North Northamptonshire 032B,E01027351,677,180,54,126,497,427,70
2021,North Northamptonshire 032C,E01027352,770,190,61,129,580,511,69
2021,North Northamptonshire 038F,E01027353,973,277,106,171,696,547,149
2021,North Northamptonshire 040E,E01027354,1292,340,120,220,952,784,168
2021,North Northamptonshire 040F,E01027355,800,205,68,137,595,515,80
2021,Northumberland 004A,E01027356,926,336,122,214,590,451,139
2021,Northumberland 004B,E01027357,493,175,50,125,318,251,67
2021,Northumberland 005A,E01027358,854,305,90,215,549,458,91
2021,Northumberland 005B,E01027359,927,349,96,253,578,496,82
2021,Northumberland 006A,E01027361,684,228,70,158,456,390,66
2021,Northumberland 006B,E01027362,851,295,112,183,556,486,70
2021,Northumberland 006C,E01027363,452,168,47,121,284,239,45
2021,Northumberland 006D,E01027364,801,279,79,200,522,445,77
2021,Northumberland 007A,E01027365,1092,367,141,226,725,539,186
2021,Northumberland 004C,E01027366,667,225,92,133,442,338,104
2021,Northumberland 004D,E01027367,875,274,93,181,601,487,114
2021,Northumberland 007B,E01027368,732,248,107,141,484,374,110
2021,Northumberland 007C,E01027369,544,195,72,123,349,272,77
2021,Northumberland 006E,E01027370,875,323,125,198,552,415,137
2021,Northumberland 006F,E01027371,879,336,112,224,543,448,95
2021,Northumberland 006G,E01027372,926,347,141,206,579,475,104
2021,Northumberland 007D,E01027373,905,306,115,191,599,421,178
2021,Northumberland 003A,E01027374,831,298,129,169,533,402,131
2021,Northumberland 003B,E01027375,862,294,109,185,568,386,182
2021,Northumberland 001A,E01027376,742,295,82,213,447,388,59
2021,Northumberland 001B,E01027377,637,264,103,161,373,308,65
2021,Northumberland 002A,E01027378,463,148,61,87,315,250,65
2021,Northumberland 002B,E01027379,710,242,66,176,468,379,89
2021,Northumberland 002C,E01027380,610,230,92,138,380,290,90
2021,Northumberland 003C,E01027381,822,279,111,168,543,387,156
2021,Northumberland 002D,E01027382,671,243,96,147,428,306,122
2021,Northumberland 003D,E01027383,487,178,71,107,309,240,69
2021,Northumberland 003E,E01027384,505,193,78,115,312,221,91
2021,Northumberland 001C,E01027385,517,180,41,139,337,293,44
2021,Northumberland 002E,E01027386,602,222,75,147,380,322,58
2021,Northumberland 001D,E01027387,713,257,74,183,456,380,76
2021,Northumberland 001E,E01027388,659,269,82,187,390,345,45
2021,Northumberland 001F,E01027389,654,234,70,164,420,359,61
2021,Northumberland 003F,E01027390,766,306,138,168,460,359,101
2021,Northumberland 024A,E01027391,646,203,48,155,443,385,58
2021,Northumberland 022A,E01027392,761,242,63,179,519,461,58
2021,Northumberland 022B,E01027393,548,194,46,148,354,322,32
2021,Northumberland 031A,E01027394,449,143,42,101,306,280,26
2021,Northumberland 042J,E01027395,916,211,60,151,705,627,78
2021,Northumberland 042H,E01027396,582,199,63,136,383,353,30
2021,Northumberland 042I,E01027397,555,179,48,131,376,337,39
2021,Northumberland 029A,E01027398,901,284,65,219,617,548,69
2021,Northumberland 042E,E01027399,752,201,60,141,551,493,58
2021,Northumberland 042A,E01027400,749,185,58,127,564,492,72
2021,Northumberland 042C,E01027401,698,200,60,140,498,432,66
2021,Northumberland 042B,E01027402,645,183,61,122,462,395,67
2021,Northumberland 042D,E01027403,518,127,30,97,391,327,64
2021,Northumberland 042F,E01027404,1223,315,85,230,908,800,108
2021,Northumberland 042G,E01027405,595,185,60,125,410,373,37
2021,Northumberland 031B,E01027406,448,119,38,81,329,292,37
2021,Northumberland 031C,E01027407,531,143,44,99,388,347,41
2021,Northumberland 031D,E01027408,584,158,34,124,426,383,43
2021,Northumberland 029B,E01027409,618,178,57,121,440,381,59
2021,Northumberland 031E,E01027410,671,208,86,122,463,393,70
2021,Northumberland 029C,E01027411,490,156,49,107,334,306,28
2021,Northumberland 029D,E01027412,943,258,82,176,685,599,86
2021,Northumberland 029E,E01027413,1000,284,95,189,716,633,83
2021,Northumberland 023A,E01027414,600,172,58,114,428,370,58
2021,Northumberland 023B,E01027415,567,170,47,123,397,355,42
2021,Northumberland 022C,E01027416,469,164,42,122,305,275,30
2021,Northumberland 030A,E01027417,600,176,56,120,424,357,67
2021,Northumberland 030B,E01027418,843,249,78,171,594,516,78
2021,Northumberland 030C,E01027419,637,224,62,162,413,347,66
2021,Northumberland 030D,E01027420,551,173,51,122,378,321,57
2021,Northumberland 030E,E01027421,581,177,49,128,404,364,40
2021,Northumberland 024B,E01027422,674,223,61,162,451,399,52
2021,Northumberland 024C,E01027423,527,174,55,119,353,317,36
2021,Northumberland 022D,E01027424,672,219,73,146,453,409,44
2021,Northumberland 025B,E01027426,899,259,71,188,640,557,83
2021,Northumberland 025C,E01027427,771,225,58,167,546,484,62
2021,Northumberland 025D,E01027428,658,182,56,126,476,419,57
2021,Northumberland 024D,E01027429,667,214,53,161,453,409,44
2021,Northumberland 024E,E01027430,548,169,47,122,379,341,38
2021,Northumberland 023C,E01027431,638,189,63,126,449,402,47
2021,Northumberland 032A,E01027432,674,176,55,121,498,446,52
2021,Northumberland 032B,E01027433,1358,335,92,243,1023,895,128
2021,Northumberland 032C,E01027434,573,168,46,122,405,360,45
2021,Northumberland 032D,E01027435,539,159,49,110,380,344,36
2021,Northumberland 032E,E01027436,656,183,50,133,473,403,70
2021,Northumberland 026A,E01027437,719,221,54,167,498,433,65
2021,Northumberland 026B,E01027438,664,189,45,144,475,419,56
2021,Northumberland 026C,E01027439,932,250,68,182,682,594,88
2021,Northumberland 026D,E01027440,695,182,47,135,513,462,51
2021,Northumberland 023E,E01027442,674,170,54,116,504,443,61
2021,Northumberland 008A,E01027443,713,220,51,169,493,420,73
2021,Northumberland 008B,E01027444,759,303,132,171,456,368,88
2021,Northumberland 008C,E01027445,752,228,73,155,524,441,83
2021,Northumberland 008D,E01027446,589,171,48,123,418,364,54
2021,Northumberland 015A,E01027447,915,297,112,185,618,410,208
2021,Northumberland 034A,E01027449,645,206,72,134,439,355,84
2021,Northumberland 015C,E01027450,805,282,124,158,523,375,148
2021,Northumberland 008E,E01027451,629,217,53,164,412,368,44
2021,Northumberland 016A,E01027452,575,187,66,121,388,336,52
2021,Northumberland 016B,E01027453,555,163,69,94,392,322,70
2021,Northumberland 018A,E01027455,574,164,49,115,410,357,53
2021,Northumberland 018B,E01027456,456,146,47,99,310,272,38
2021,Northumberland 011A,E01027457,722,211,83,128,511,410,101
2021,Northumberland 018C,E01027458,1068,275,99,176,793,642,151
2021,Northumberland 018D,E01027460,667,182,56,126,485,414,71
2021,Northumberland 016E,E01027461,487,189,65,124,298,265,33
2021,Northumberland 011B,E01027462,834,290,77,213,544,463,81
2021,Northumberland 011C,E01027463,913,294,96,198,619,530,89
2021,Northumberland 033A,E01027464,510,182,80,102,328,245,83
2021,Northumberland 033B,E01027465,668,226,94,132,442,350,92
2021,Northumberland 033C,E01027466,510,178,39,139,332,279,53
2021,Northumberland 034B,E01027468,514,171,67,104,343,266,77
2021,Northumberland 034C,E01027469,564,191,60,131,373,275,98
2021,Northumberland 034D,E01027471,900,291,115,176,609,453,156
2021,Northumberland 034E,E01027472,916,239,72,167,677,506,171
2021,Northumberland 015D,E01027473,1401,408,133,275,993,757,236
2021,Northumberland 008F,E01027474,855,214,60,154,641,526,115
2021,Northumberland 008G,E01027475,583,202,75,127,381,307,74
2021,Northumberland 035A,E01027476,1001,361,117,244,640,525,115
2021,Northumberland 040A,E01027477,575,211,85,126,364,247,117
2021,Northumberland 040B,E01027478,457,177,56,121,280,233,47
2021,Northumberland 019A,E01027479,1070,370,135,235,700,479,221
2021,Northumberland 019B,E01027480,628,203,77,126,425,288,137
2021,Northumberland 043A,E01027481,611,211,83,128,400,330,70
2021,Northumberland 043B,E01027482,649,231,89,142,418,321,97
2021,Northumberland 036A,E01027483,602,176,77,99,426,305,121
2021,Northumberland 037A,E01027484,934,313,113,200,621,429,192
2021,Northumberland 037B,E01027485,585,204,68,136,381,288,93
2021,Northumberland 037C,E01027486,511,165,49,116,346,268,78
2021,Northumberland 037D,E01027487,506,178,62,116,328,262,66
2021,Northumberland 040C,E01027488,1164,354,115,239,810,610,200
2021,Northumberland 035B,E01027489,664,234,69,165,430,349,81
2021,Northumberland 035C,E01027490,748,271,72,199,477,373,104
2021,Northumberland 035D,E01027491,583,211,95,116,372,267,105
2021,Northumberland 035E,E01027492,775,289,110,179,486,400,86
2021,Northumberland 035F,E01027493,606,249,69,180,357,315,42
2021,Northumberland 035G,E01027494,1056,328,116,212,728,582,146
2021,Northumberland 040D,E01027495,480,178,65,113,302,203,99
2021,Northumberland 036B,E01027496,520,160,58,102,360,292,68
2021,Northumberland 038A,E01027497,1220,375,123,252,845,723,122
2021,Northumberland 038B,E01027498,1178,387,113,274,791,678,113
2021,Northumberland 038C,E01027499,869,239,72,167,630,539,91
2021,Northumberland 038D,E01027500,711,206,55,151,505,444,61
2021,Northumberland 019C,E01027503,703,243,92,151,460,306,154
2021,Northumberland 043C,E01027504,754,270,98,172,484,363,121
2021,Northumberland 040E,E01027505,642,213,83,130,429,268,161
2021,Northumberland 043E,E01027507,621,229,91,138,392,281,111
2021,Northumberland 036C,E01027508,566,166,61,105,400,338,62
2021,Northumberland 043D,E01027509,536,180,61,119,356,285,71
2021,Northumberland 040F,E01027510,564,206,77,129,358,278,80
2021,Northumberland 019D,E01027511,539,183,65,118,356,248,108
2021,Northumberland 037E,E01027512,448,137,53,84,311,200,111
2021,Northumberland 036D,E01027513,869,277,98,179,592,495,97
2021,Northumberland 021A,E01027514,688,201,63,138,487,419,68
2021,Northumberland 020A,E01027515,699,204,53,151,495,438,57
2021,Northumberland 021B,E01027516,419,116,31,85,303,256,47
2021,Northumberland 020B,E01027517,841,241,65,176,600,513,87
2021,Northumberland 020C,E01027518,517,172,53,119,345,303,42
2021,Northumberland 020D,E01027519,522,161,45,116,361,325,36
2021,Northumberland 021C,E01027520,715,216,56,160,499,437,62
2021,Northumberland 021D,E01027521,1056,261,76,185,795,689,106
2021,Northumberland 021E,E01027522,570,173,47,126,397,362,35
2021,Northumberland 021F,E01027523,495,150,37,113,345,299,46
2021,Northumberland 041B,E01027524,1041,290,81,209,751,662,89
2021,Northumberland 041A,E01027525,739,203,60,143,536,476,60
2021,Northumberland 041D,E01027526,498,165,42,123,333,299,34
2021,Northumberland 041C,E01027527,478,188,50,138,290,260,30
2021,Northumberland 010A,E01027528,492,175,47,128,317,277,40
2021,Northumberland 010B,E01027529,498,139,38,101,359,309,50
2021,Northumberland 017A,E01027530,588,187,52,135,401,355,46
2021,Northumberland 017B,E01027531,734,226,72,154,508,435,73
2021,Northumberland 041H,E01027532,1037,294,89,205,743,656,87
2021,Northumberland 013A,E01027533,636,206,63,143,430,391,39
2021,Northumberland 017C,E01027534,709,227,71,156,482,421,61
2021,Northumberland 017D,E01027535,588,165,52,113,423,372,51
2021,Northumberland 041E,E01027536,583,182,46,136,401,357,44
2021,Northumberland 041F,E01027537,530,163,45,118,367,337,30
2021,Northumberland 041G,E01027538,794,231,60,171,563,486,77
2021,Northumberland 010C,E01027539,540,191,47,144,349,316,33
2021,Northumberland 013B,E01027540,669,231,65,166,438,386,52
2021,Northumberland 009A,E01027541,645,207,60,147,438,382,56
2021,Northumberland 009B,E01027542,557,174,49,125,383,317,66
2021,Northumberland 009C,E01027543,510,169,40,129,341,304,37
2021,Northumberland 009D,E01027544,498,167,46,121,331,289,42
2021,Northumberland 010D,E01027545,627,224,53,171,403,367,36
2021,Northumberland 010E,E01027546,578,193,53,140,385,353,32
2021,Northumberland 013E,E01027549,1544,362,89,273,1182,1038,144
2021,Northumberland 020E,E01027550,570,158,50,108,412,367,45
2021,Northumberland 020F,E01027551,612,192,48,144,420,367,53
2021,Northumberland 020G,E01027552,535,163,57,106,372,318,54
2021,Northumberland 017E,E01027553,719,230,73,157,489,416,73
2021,Northumberland 017F,E01027554,550,167,34,133,383,339,44
2021,Craven 008A,E01027555,895,286,110,176,609,457,152
2021,Craven 007A,E01027556,1017,306,107,199,711,548,163
2021,Craven 009D,E01027557,824,256,117,139,568,338,230
2021,Craven 001A,E01027558,923,337,142,195,586,439,147
2021,Craven 001B,E01027559,821,299,116,183,522,414,108
2021,Craven 007B,E01027560,1260,372,114,258,888,725,163
2021,Craven 009E,E01027561,880,295,106,189,585,464,121
2021,Craven 009C,E01027562,803,264,124,140,539,351,188
2021,Craven 007C,E01027563,623,206,75,131,417,328,89
2021,Craven 008B,E01027564,537,161,55,106,376,311,65
2021,Craven 008C,E01027565,771,241,95,146,530,443,87
2021,Craven 008D,E01027566,671,210,74,136,461,386,75
2021,Craven 009B,E01027567,673,241,94,147,432,312,120
2021,Craven 003A,E01027568,1071,339,126,213,732,541,191
2021,Craven 001C,E01027569,640,249,127,122,391,238,153
2021,Craven 001D,E01027570,1205,417,174,243,788,571,217
2021,Craven 003B,E01027571,831,272,113,159,559,376,183
2021,Craven 003C,E01027572,1004,337,128,209,667,530,137
2021,Craven 003D,E01027573,701,238,92,146,463,319,144
2021,Craven 005A,E01027574,778,224,68,156,554,461,93
2021,Craven 005B,E01027575,915,277,87,190,638,528,110
2021,Craven 009F,E01027576,761,267,118,149,494,405,89
2021,Craven 005C,E01027577,1006,346,127,219,660,563,97
2021,Craven 006A,E01027578,831,213,64,149,618,547,71
2021,Craven 005D,E01027579,540,169,54,115,371,325,46
2021,Craven 006B,E01027580,468,177,63,114,291,257,34
2021,Craven 006D,E01027582,817,249,86,163,568,488,80
2021,Craven 008E,E01027583,932,298,98,200,634,537,97
2021,Craven 008F,E01027584,929,294,106,188,635,530,105
2021,Craven 009A,E01027585,769,262,105,157,507,355,152
2021,Craven 007D,E01027586,963,306,120,186,657,490,167
2021,Hambleton 006A,E01027587,570,203,56,147,367,282,85
2021,Hambleton 006B,E01027588,891,274,83,191,617,522,95
2021,Hambleton 006C,E01027589,997,281,84,197,716,587,129
2021,Hambleton 003A,E01027590,1301,368,110,258,933,788,145
2021,Hambleton 001A,E01027591,758,231,85,146,527,377,150
2021,Hambleton 003B,E01027592,864,290,114,176,574,394,180
2021,Hambleton 006D,E01027593,804,250,98,152,554,404,150
2021,Hambleton 010A,E01027594,836,257,61,196,579,472,107
2021,Hambleton 010B,E01027595,863,288,104,184,575,437,138
2021,Hambleton 010C,E01027596,634,219,90,129,415,337,78
2021,Hambleton 001B,E01027597,670,208,79,129,462,345,117
2021,Hambleton 002A,E01027598,624,194,73,121,430,329,101
2021,Hambleton 001C,E01027599,702,263,92,171,439,383,56
2021,Hambleton 011A,E01027600,999,315,116,199,684,500,184
2021,Hambleton 010D,E01027601,1051,335,139,196,716,505,211
2021,Hambleton 005A,E01027603,1027,291,91,200,736,580,156
2021,Hambleton 005B,E01027604,949,304,112,192,645,462,183
2021,Hambleton 013D,E01027605,774,201,64,137,573,485,88
2021,Hambleton 012E,E01027606,652,212,85,127,440,371,69
2021,Hambleton 005C,E01027607,450,147,60,87,303,254,49
2021,Hambleton 013B,E01027608,826,275,90,185,551,480,71
2021,Hambleton 012D,E01027609,639,215,57,158,424,363,61
2021,Hambleton 012C,E01027610,732,235,68,167,497,429,68
2021,Hambleton 013A,E01027612,712,236,61,175,476,409,67
2021,Hambleton 003C,E01027613,907,289,111,178,618,418,200
2021,Hambleton 005D,E01027614,530,150,46,104,380,312,68
2021,Hambleton 005E,E01027615,535,175,59,116,360,310,50
2021,Hambleton 013C,E01027616,700,236,84,152,464,394,70
2021,Hambleton 003D,E01027617,539,164,59,105,375,247,128
2021,Hambleton 002B,E01027618,1033,356,142,214,677,505,172
2021,Hambleton 011B,E01027619,1164,368,138,230,796,629,167
2021,Hambleton 008A,E01027620,989,277,85,192,712,605,107
2021,Hambleton 010E,E01027622,892,303,116,187,589,417,172
2021,Hambleton 001D,E01027623,476,146,56,90,330,263,67
2021,Hambleton 002C,E01027624,518,186,61,125,332,257,75
2021,Hambleton 001E,E01027625,685,252,100,152,433,349,84
2021,Hambleton 002D,E01027626,694,235,88,147,459,364,95
2021,Hambleton 002E,E01027627,832,255,94,161,577,394,183
2021,Hambleton 007B,E01027628,950,324,122,202,626,418,208
2021,Hambleton 009B,E01027629,659,204,62,142,455,361,94
2021,Hambleton 008B,E01027630,957,265,89,176,692,578,114
2021,Hambleton 008C,E01027631,636,197,56,141,439,357,82
2021,Hambleton 008D,E01027632,850,269,97,172,581,465,116
2021,Hambleton 007C,E01027633,863,263,101,162,600,457,143
2021,Hambleton 011C,E01027634,1067,342,131,211,725,529,196
2021,Hambleton 009C,E01027635,1427,421,144,277,1006,782,224
2021,Hambleton 009D,E01027636,985,331,130,201,654,446,208
2021,Hambleton 008E,E01027637,867,294,113,181,573,415,158
2021,Harrogate 010A,E01027638,677,225,70,155,452,386,66
2021,Harrogate 010B,E01027639,613,190,78,112,423,360,63
2021,Harrogate 010C,E01027640,773,242,72,170,531,477,54
2021,Harrogate 008A,E01027641,645,220,87,133,425,363,62
2021,Harrogate 007A,E01027642,606,203,85,118,403,302,101
2021,Harrogate 003A,E01027643,704,247,105,142,457,340,117
2021,Harrogate 005A,E01027644,696,212,69,143,484,383,101
2021,Harrogate 005B,E01027645,976,284,91,193,692,553,139
2021,Harrogate 007B,E01027646,772,257,98,159,515,390,125
2021,Harrogate 005C,E01027647,914,318,111,207,596,438,158
2021,Harrogate 014A,E01027648,792,238,63,175,554,487,67
2021,Harrogate 013A,E01027649,1125,312,108,204,813,699,114
2021,Harrogate 014B,E01027650,821,251,73,178,570,488,82
2021,Harrogate 013B,E01027651,653,207,60,147,446,397,49
2021,Harrogate 015A,E01027652,797,259,103,156,538,418,120
2021,Harrogate 020A,E01027653,738,250,116,134,488,399,89
2021,Harrogate 020B,E01027654,512,175,75,100,337,264,73
2021,Harrogate 015B,E01027655,552,178,80,98,374,285,89
2021,Harrogate 019A,E01027656,808,218,86,132,590,477,113
2021,Harrogate 013C,E01027657,775,193,67,126,582,515,67
2021,Harrogate 013D,E01027658,885,227,76,151,658,577,81
2021,Harrogate 015C,E01027659,1096,245,70,175,851,724,127
2021,Harrogate 017A,E01027660,629,177,59,118,452,366,86
2021,Harrogate 017B,E01027661,697,245,79,166,452,389,63
2021,Harrogate 017C,E01027662,623,216,77,139,407,329,78
2021,Harrogate 017D,E01027663,684,186,59,127,498,439,59
2021,Harrogate 008C,E01027665,655,196,78,118,459,368,91
2021,Harrogate 001A,E01027666,876,283,114,169,593,413,180
2021,Harrogate 001B,E01027667,719,248,106,142,471,328,143
2021,Harrogate 009A,E01027668,738,245,74,171,493,429,64
2021,Harrogate 009B,E01027669,861,264,100,164,597,515,82
2021,Harrogate 012A,E01027670,760,243,83,160,517,442,75
2021,Harrogate 012B,E01027671,696,244,97,147,452,386,66
2021,Harrogate 012C,E01027672,712,240,93,147,472,379,93
2021,Harrogate 009C,E01027673,844,282,118,164,562,472,90
2021,Harrogate 007C,E01027674,590,187,71,116,403,324,79
2021,Harrogate 007D,E01027675,1433,459,153,306,974,797,177
2021,Harrogate 009D,E01027676,883,295,95,200,588,528,60
2021,Harrogate 015D,E01027677,780,206,85,121,574,464,110
2021,Harrogate 015E,E01027678,1138,272,77,195,866,752,114
2021,Harrogate 019B,E01027679,738,223,103,120,515,406,109
2021,Harrogate 015F,E01027680,717,184,79,105,533,448,85
2021,Harrogate 006A,E01027681,829,265,108,157,564,391,173
2021,Harrogate 018A,E01027682,783,268,125,143,515,357,158
2021,Harrogate 016A,E01027683,930,274,100,174,656,552,104
2021,Harrogate 016B,E01027684,699,208,78,130,491,358,133
2021,Harrogate 001C,E01027685,504,197,68,129,307,239,68
2021,Harrogate 001D,E01027686,589,204,97,107,385,259,126
2021,Harrogate 005D,E01027687,1043,290,98,192,753,583,170
2021,Harrogate 003B,E01027688,690,221,85,136,469,336,133
2021,Harrogate 011A,E01027689,743,223,69,154,520,462,58
2021,Harrogate 010D,E01027690,704,207,57,150,497,436,61
2021,Harrogate 011B,E01027691,817,248,82,166,569,494,75
2021,Harrogate 013E,E01027692,657,193,50,143,464,400,64
2021,Harrogate 006B,E01027693,872,298,143,155,574,401,173
2021,Harrogate 018B,E01027694,588,196,80,116,392,313,79
2021,Harrogate 016C,E01027695,867,252,105,147,615,444,171
2021,Harrogate 016D,E01027696,930,273,102,171,657,457,200
2021,Harrogate 017E,E01027697,712,225,85,140,487,402,85
2021,Harrogate 020C,E01027698,693,226,99,127,467,361,106
2021,Harrogate 021A,E01027699,573,202,74,128,371,276,95
2021,Harrogate 021B,E01027700,654,197,70,127,457,355,102
2021,Harrogate 006C,E01027701,755,239,103,136,516,368,148
2021,Harrogate 006D,E01027702,452,147,49,98,305,244,61
2021,Harrogate 016E,E01027703,1001,299,128,171,702,524,178
2021,Harrogate 012D,E01027704,547,193,76,117,354,251,103
2021,Harrogate 004A,E01027705,900,275,87,188,625,537,88
2021,Harrogate 004B,E01027706,832,239,59,180,593,492,101
2021,Harrogate 004C,E01027707,879,275,75,200,604,516,88
2021,Harrogate 004D,E01027708,580,179,65,114,401,329,72
2021,Harrogate 004E,E01027709,563,188,52,136,375,308,67
2021,Harrogate 004F,E01027710,462,148,53,95,314,259,55
2021,Harrogate 004G,E01027711,690,225,60,165,465,398,67
2021,Harrogate 002A,E01027712,1042,283,95,188,759,604,155
2021,Harrogate 002B,E01027713,775,249,108,141,526,429,97
2021,Harrogate 002C,E01027714,699,209,72,137,490,390,100
2021,Harrogate 002D,E01027715,563,170,52,118,393,321,72
2021,Harrogate 020D,E01027716,631,202,87,115,429,319,110
2021,Harrogate 020E,E01027717,810,238,88,150,572,467,105
2021,Harrogate 020F,E01027718,899,302,117,185,597,494,103
2021,Harrogate 020G,E01027719,675,193,62,131,482,404,78
2021,Harrogate 011C,E01027720,966,286,90,196,680,594,86
2021,Harrogate 011D,E01027721,754,229,81,148,525,449,76
2021,Harrogate 008D,E01027722,840,228,72,156,612,521,91
2021,Harrogate 011E,E01027723,702,221,79,142,481,422,59
2021,Harrogate 021C,E01027724,851,294,113,181,557,406,151
2021,Harrogate 021D,E01027725,757,237,92,145,520,396,124
2021,Harrogate 014C,E01027726,897,257,88,169,640,554,86
2021,Harrogate 014D,E01027727,936,259,81,178,677,594,83
2021,Harrogate 014E,E01027728,644,177,55,122,467,407,60
2021,Harrogate 014F,E01027729,808,248,73,175,560,500,60
2021,Harrogate 019C,E01027730,753,228,86,142,525,394,131
2021,Harrogate 019D,E01027731,767,215,83,132,552,453,99
2021,Harrogate 019E,E01027732,549,168,75,93,381,276,105
2021,Harrogate 017F,E01027733,617,193,76,117,424,341,83
2021,Harrogate 018C,E01027734,882,268,117,151,614,412,202
2021,Harrogate 018D,E01027735,832,259,116,143,573,394,179
2021,Harrogate 003C,E01027736,856,239,73,166,617,445,172
2021,Harrogate 003D,E01027737,929,245,73,172,684,527,157
2021,Harrogate 010E,E01027738,699,220,65,155,479,423,56
2021,Harrogate 010F,E01027739,604,145,54,91,459,397,62
2021,Harrogate 013F,E01027740,553,172,69,103,381,325,56
2021,Harrogate 010G,E01027741,597,184,56,128,413,367,46
2021,Richmondshire 005A,E01027742,644,203,86,117,441,280,161
2021,Richmondshire 001A,E01027743,524,163,62,101,361,276,85
2021,Richmondshire 006A,E01027744,584,211,92,119,373,257,116
2021,Richmondshire 003A,E01027745,791,235,83,152,556,418,138
2021,Richmondshire 003B,E01027746,680,185,60,125,495,403,92
2021,Richmondshire 003C,E01027747,921,234,56,178,687,554,133
2021,Richmondshire 003D,E01027748,529,157,50,107,372,313,59
2021,Richmondshire 004A,E01027749,929,300,82,218,629,525,104
2021,Richmondshire 001B,E01027751,656,201,71,130,455,351,104
2021,Richmondshire 001C,E01027752,555,152,64,88,403,288,115
2021,Richmondshire 005B,E01027753,632,222,93,129,410,292,118
2021,Richmondshire 006B,E01027756,883,260,105,155,623,483,140
2021,Richmondshire 006D,E01027758,680,202,70,132,478,326,152
2021,Richmondshire 001D,E01027759,712,193,83,110,519,388,131
2021,Richmondshire 006E,E01027760,596,179,83,96,417,294,123
2021,Richmondshire 001E,E01027761,498,175,74,101,323,238,85
2021,Richmondshire 001F,E01027762,682,194,84,110,488,315,173
2021,Richmondshire 005C,E01027763,511,193,96,97,318,204,114
2021,Richmondshire 005D,E01027764,545,204,95,109,341,215,126
2021,Richmondshire 002A,E01027765,748,239,79,160,509,399,110
2021,Richmondshire 002B,E01027766,519,167,56,111,352,297,55
2021,Richmondshire 002C,E01027767,653,202,67,135,451,372,79
2021,Richmondshire 002D,E01027768,482,160,65,95,322,263,59
2021,Richmondshire 002E,E01027769,549,205,68,137,344,282,62
2021,Richmondshire 002F,E01027770,705,243,100,143,462,361,101
2021,Richmondshire 004E,E01027771,1501,262,114,148,1239,805,434
2021,Richmondshire 004F,E01027772,670,194,48,146,476,397,79
2021,Richmondshire 005E,E01027773,508,175,78,97,333,213,120
2021,Ryedale 007A,E01027774,995,323,119,204,672,508,164
2021,Ryedale 003A,E01027775,799,249,113,136,550,398,152
2021,Ryedale 001A,E01027776,709,250,98,152,459,318,141
2021,Ryedale 001B,E01027777,676,222,95,127,454,276,178
2021,Ryedale 007B,E01027778,1187,370,156,214,817,591,226
2021,Ryedale 004A,E01027779,564,190,76,114,374,261,113
2021,Ryedale 003B,E01027780,1027,349,150,199,678,467,211
2021,Ryedale 003C,E01027781,477,177,73,104,300,234,66
2021,Ryedale 007C,E01027782,818,286,123,163,532,383,149
2021,Ryedale 001C,E01027783,838,303,114,189,535,417,118
2021,Ryedale 001D,E01027784,737,269,95,174,468,410,58
2021,Ryedale 010A,E01027786,663,237,93,144,426,335,91
2021,Ryedale 009A,E01027787,856,271,91,180,585,493,92
2021,Ryedale 010B,E01027788,731,246,70,176,485,415,70
2021,Ryedale 010D,E01027790,1069,309,90,219,760,635,125
2021,Ryedale 010C,E01027791,832,247,84,163,585,471,114
2021,Ryedale 002A,E01027792,905,314,111,203,591,486,105
2021,Ryedale 002B,E01027793,641,243,78,165,398,304,94
2021,Ryedale 002C,E01027794,854,304,104,200,550,430,120
2021,Ryedale 002D,E01027795,725,265,78,187,460,406,54
2021,Ryedale 004B,E01027796,863,289,107,182,574,443,131
2021,Ryedale 007D,E01027797,833,256,112,144,577,453,124
2021,Ryedale 004C,E01027798,995,303,96,207,692,537,155
2021,Ryedale 007E,E01027799,821,278,104,174,543,406,137
2021,Ryedale 003D,E01027800,833,272,107,165,561,382,179
2021,Ryedale 002E,E01027801,675,257,113,144,418,322,96
2021,Ryedale 002F,E01027802,795,250,107,143,545,370,175
2021,Ryedale 004D,E01027803,950,298,93,205,652,463,189
2021,Scarborough 010A,E01027804,728,258,88,170,470,396,74
2021,Scarborough 006A,E01027805,506,205,73,132,301,259,42
2021,Scarborough 006B,E01027806,640,249,97,152,391,321,70
2021,Scarborough 011A,E01027807,678,223,78,145,455,352,103
2021,Scarborough 011B,E01027808,709,240,73,167,469,397,72
2021,Scarborough 011C,E01027809,508,182,54,128,326,272,54
2021,Scarborough 008A,E01027810,754,267,76,191,487,432,55
2021,Scarborough 008B,E01027811,759,271,78,193,488,447,41
2021,Scarborough 008C,E01027812,791,281,94,187,510,460,50
2021,Scarborough 002A,E01027813,832,293,104,189,539,356,183
2021,Scarborough 013A,E01027814,740,277,94,183,463,375,88
2021,Scarborough 013B,E01027815,609,200,71,129,409,297,112
2021,Scarborough 013C,E01027816,705,253,76,177,452,382,70
2021,Scarborough 012A,E01027817,575,221,69,152,354,310,44
2021,Scarborough 011D,E01027818,939,290,90,200,649,582,67
2021,Scarborough 012B,E01027819,961,313,90,223,648,573,75
2021,Scarborough 012C,E01027820,544,194,49,145,350,311,39
2021,Scarborough 004A,E01027821,633,249,112,137,384,255,129
2021,Scarborough 002B,E01027822,678,251,99,152,427,312,115
2021,Scarborough 004B,E01027823,536,222,92,130,314,240,74
2021,Scarborough 009A,E01027824,523,203,68,135,320,268,52
2021,Scarborough 009B,E01027825,1039,358,101,257,681,608,73
2021,Scarborough 009C,E01027826,703,226,77,149,477,439,38
2021,Scarborough 014A,E01027827,523,224,100,124,299,234,65
2021,Scarborough 014B,E01027828,655,253,84,169,402,340,62
2021,Scarborough 014C,E01027829,426,156,52,104,270,229,41
2021,Scarborough 014D,E01027830,721,270,82,188,451,394,57
2021,Scarborough 014E,E01027833,605,228,80,148,377,272,105
2021,Scarborough 014F,E01027834,597,218,72,146,379,313,66
2021,Scarborough 014G,E01027835,761,229,85,144,532,404,128
2021,Scarborough 004E,E01027836,1015,381,149,232,634,510,124
2021,Scarborough 001A,E01027837,470,176,49,127,294,242,52
2021,Scarborough 003A,E01027838,699,264,100,164,435,311,124
2021,Scarborough 001B,E01027839,949,375,123,252,574,475,99
2021,Scarborough 002C,E01027840,791,299,96,203,492,371,121
2021,Scarborough 002D,E01027841,603,203,74,129,400,263,137
2021,Scarborough 005A,E01027842,671,244,74,170,427,372,55
2021,Scarborough 005B,E01027843,643,219,59,160,424,383,41
2021,Scarborough 005C,E01027844,700,240,74,166,460,405,55
2021,Scarborough 005D,E01027845,756,272,84,188,484,416,68
2021,Scarborough 006D,E01027847,712,237,91,146,475,392,83
2021,Scarborough 007A,E01027849,462,157,50,107,305,242,63
2021,Scarborough 007B,E01027850,551,204,57,147,347,311,36
2021,Scarborough 008D,E01027851,716,261,87,174,455,402,53
2021,Scarborough 010B,E01027852,749,227,83,144,522,469,53
2021,Scarborough 010C,E01027853,451,165,53,112,286,256,30
2021,Scarborough 010D,E01027854,590,173,51,122,417,360,57
2021,Scarborough 005E,E01027855,734,271,95,176,463,369,94
2021,Scarborough 005F,E01027856,390,147,57,90,243,196,47
2021,Scarborough 004F,E01027857,563,222,94,128,341,229,112
2021,Scarborough 012D,E01027858,612,187,53,134,425,354,71
2021,Scarborough 013D,E01027859,859,282,89,193,577,490,87
2021,Scarborough 012E,E01027860,735,242,62,180,493,404,89
2021,Scarborough 009D,E01027861,653,248,78,170,405,358,47
2021,Scarborough 008E,E01027862,740,271,85,186,469,415,54
2021,Scarborough 009E,E01027863,542,190,72,118,352,297,55
2021,Scarborough 003B,E01027864,615,270,85,185,345,267,78
2021,Scarborough 003C,E01027865,527,224,68,156,303,240,63
2021,Scarborough 003D,E01027866,910,353,95,258,557,452,105
2021,Scarborough 011E,E01027867,589,210,66,144,379,320,59
2021,Scarborough 010E,E01027868,785,279,102,177,506,392,114
2021,Scarborough 001E,E01027871,617,220,80,140,397,308,89
2021,Scarborough 007C,E01027872,548,219,79,140,329,289,40
2021,Scarborough 009F,E01027873,562,181,52,129,381,336,45
2021,Scarborough 007D,E01027874,565,238,59,179,327,291,36
2021,Selby 002A,E01027875,985,298,110,188,687,487,200
2021,Selby 003A,E01027876,865,263,74,189,602,530,72
2021,Selby 003B,E01027877,993,263,71,192,730,622,108
2021,Selby 005A,E01027878,700,187,58,129,513,437,76
2021,Selby 007A,E01027879,624,189,52,137,435,381,54
2021,Selby 007B,E01027880,642,202,73,129,440,375,65
2021,Selby 006A,E01027881,806,211,72,139,595,493,102
2021,Selby 007C,E01027882,917,284,84,200,633,508,125
2021,Selby 008A,E01027883,483,120,40,80,363,283,80
2021,Selby 008B,E01027884,894,223,73,150,671,534,137
2021,Selby 008C,E01027885,892,219,65,154,673,561,112
2021,Selby 002B,E01027886,734,218,80,138,516,422,94
2021,Selby 002C,E01027887,771,238,97,141,533,440,93
2021,Selby 002D,E01027888,978,273,84,189,705,561,144
2021,Selby 010A,E01027889,850,229,69,160,621,524,97
2021,Selby 010B,E01027890,1223,292,99,193,931,735,196
2021,Selby 009A,E01027891,778,226,74,152,552,444,108
2021,Selby 009B,E01027892,831,252,99,153,579,486,93
2021,Selby 009C,E01027893,1052,293,109,184,759,646,113
2021,Selby 007D,E01027894,1388,388,126,262,1000,836,164
2021,Selby 007E,E01027895,648,197,59,138,451,359,92
2021,Selby 008D,E01027896,1020,291,103,188,729,591,138
2021,Selby 008E,E01027897,1167,307,120,187,860,691,169
2021,Selby 009D,E01027899,858,253,93,160,605,477,128
2021,Selby 003C,E01027900,1011,258,76,182,753,620,133
2021,Selby 003D,E01027901,861,273,104,169,588,488,100
2021,Selby 003E,E01027902,709,227,90,137,482,413,69
2021,Selby 003F,E01027903,532,157,57,100,375,293,82
2021,Selby 002E,E01027904,1345,356,123,233,989,802,187
2021,Selby 006B,E01027906,727,196,68,128,531,445,86
2021,Selby 005C,E01027907,574,171,53,118,403,344,59
2021,Selby 005D,E01027908,806,194,63,131,612,515,97
2021,Selby 005E,E01027909,1141,274,87,187,867,727,140
2021,Selby 006E,E01027913,559,184,52,132,375,298,77
2021,Selby 004B,E01027914,745,218,68,150,527,459,68
2021,Selby 004C,E01027915,1045,254,71,183,791,666,125
2021,Selby 004D,E01027916,805,209,62,147,596,514,82
2021,Selby 001A,E01027918,730,209,68,141,521,464,57
2021,Selby 001B,E01027919,614,176,59,117,438,367,71
2021,Selby 001C,E01027920,544,175,58,117,369,319,50
2021,Selby 001D,E01027921,733,228,66,162,505,421,84
2021,Selby 001E,E01027922,1030,299,104,195,731,580,151
2021,Selby 010C,E01027923,1187,329,111,218,858,653,205
2021,Selby 010D,E01027924,1182,325,109,216,857,670,187
2021,Ashfield 015A,E01027925,1094,308,103,205,786,703,83
2021,Ashfield 016A,E01027926,690,183,54,129,507,456,51
2021,Ashfield 014A,E01027927,966,251,61,190,715,640,75
2021,Ashfield 014B,E01027928,1051,289,91,198,762,672,90
2021,Ashfield 016B,E01027930,775,191,48,143,584,517,67
2021,Ashfield 014C,E01027932,1127,319,85,234,808,708,100
2021,Ashfield 014D,E01027933,791,232,67,165,559,499,60
2021,Ashfield 013C,E01027934,689,184,55,129,505,452,53
2021,Ashfield 013D,E01027935,629,188,59,129,441,391,50
2021,Ashfield 013E,E01027936,615,167,44,123,448,402,46
2021,Ashfield 014E,E01027937,577,165,39,126,412,367,45
2021,Ashfield 015B,E01027938,647,193,51,142,454,396,58
2021,Ashfield 016C,E01027939,544,193,56,137,351,312,39
2021,Ashfield 015C,E01027940,590,182,58,124,408,363,45
2021,Ashfield 016D,E01027941,561,167,47,120,394,340,54
2021,Ashfield 016E,E01027942,1417,361,117,244,1056,925,131
2021,Ashfield 015D,E01027943,653,193,61,132,460,406,54
2021,Ashfield 015E,E01027944,675,202,55,147,473,409,64
2021,Ashfield 012A,E01027945,775,226,63,163,549,475,74
2021,Ashfield 012B,E01027946,662,210,66,144,452,391,61
2021,Ashfield 009A,E01027947,821,224,72,152,597,513,84
2021,Ashfield 009B,E01027948,1139,317,96,221,822,710,112
2021,Ashfield 007A,E01027949,685,213,72,141,472,417,55
2021,Ashfield 009C,E01027950,1120,321,96,225,799,693,106
2021,Ashfield 007B,E01027951,499,157,46,111,342,297,45
2021,Ashfield 008A,E01027952,764,194,56,138,570,497,73
2021,Ashfield 007C,E01027953,641,178,63,115,463,402,61
2021,Ashfield 007D,E01027954,751,206,61,145,545,484,61
2021,Ashfield 008B,E01027955,580,152,42,110,428,390,38
2021,Ashfield 008C,E01027956,564,164,47,117,400,361,39
2021,Ashfield 009D,E01027957,591,157,40,117,434,369,65
2021,Ashfield 008D,E01027958,633,198,60,138,435,387,48
2021,Ashfield 009E,E01027959,1139,281,92,189,858,734,124
2021,Ashfield 011A,E01027960,657,172,43,129,485,413,72
2021,Ashfield 011B,E01027961,865,261,84,177,604,511,93
2021,Ashfield 011C,E01027962,766,205,70,135,561,476,85
2021,Ashfield 011D,E01027963,688,202,59,143,486,402,84
2021,Ashfield 005A,E01027964,650,174,52,122,476,416,60
2021,Ashfield 005B,E01027965,551,161,39,122,390,345,45
2021,Ashfield 003A,E01027966,488,111,33,78,377,347,30
2021,Ashfield 004A,E01027967,816,221,67,154,595,531,64
2021,Ashfield 005C,E01027968,424,119,38,81,305,268,37
2021,Ashfield 006A,E01027969,633,190,52,138,443,380,63
2021,Ashfield 002A,E01027970,652,180,41,139,472,411,61
2021,Ashfield 002B,E01027971,611,183,56,127,428,367,61
2021,Ashfield 004B,E01027972,1175,325,94,231,850,740,110
2021,Ashfield 007E,E01027973,765,225,66,159,540,446,94
2021,Ashfield 005D,E01027974,583,168,44,124,415,364,51
2021,Ashfield 006B,E01027975,778,209,44,165,569,493,76
2021,Ashfield 005E,E01027976,773,212,65,147,561,498,63
2021,Ashfield 004C,E01027977,958,278,68,210,680,601,79
2021,Ashfield 004D,E01027978,836,222,59,163,614,552,62
2021,Ashfield 001A,E01027979,650,215,73,142,435,376,59
2021,Ashfield 001B,E01027980,660,172,49,123,488,431,57
2021,Ashfield 001C,E01027981,709,187,48,139,522,439,83
2021,Ashfield 002C,E01027982,627,189,50,139,438,382,56
2021,Ashfield 001D,E01027983,646,177,60,117,469,392,77
2021,Ashfield 002D,E01027984,708,182,58,124,526,468,58
2021,Ashfield 004E,E01027985,1092,304,73,231,788,688,100
2021,Ashfield 003B,E01027986,539,152,55,97,387,335,52
2021,Ashfield 003C,E01027987,1032,252,73,179,780,674,106
2021,Ashfield 006C,E01027988,674,159,53,106,515,439,76
2021,Ashfield 006D,E01027989,611,162,42,120,449,395,54
2021,Ashfield 003D,E01027990,941,249,86,163,692,593,99
2021,Ashfield 006E,E01027991,571,157,42,115,414,361,53
2021,Ashfield 006F,E01027992,1528,410,126,284,1118,940,178
2021,Ashfield 012C,E01027993,720,224,87,137,496,411,85
2021,Ashfield 012D,E01027994,600,184,51,133,416,358,58
2021,Ashfield 010A,E01027995,695,199,70,129,496,426,70
2021,Ashfield 010B,E01027996,920,273,81,192,647,550,97
2021,Ashfield 010C,E01027997,1203,309,99,210,894,773,121
2021,Ashfield 010D,E01027998,798,203,63,140,595,514,81
2021,Bassetlaw 002A,E01027999,1097,353,121,232,744,588,156
2021,Bassetlaw 001A,E01028000,1119,346,127,219,773,613,160
2021,Bassetlaw 004A,E01028001,480,166,34,132,314,288,26
2021,Bassetlaw 004B,E01028002,563,183,69,114,380,326,54
2021,Bassetlaw 004C,E01028003,682,201,51,150,481,393,88
2021,Bassetlaw 004D,E01028004,690,219,78,141,471,371,100
2021,Bassetlaw 002B,E01028005,817,270,110,160,547,429,118
2021,Bassetlaw 015A,E01028006,596,204,72,132,392,287,105
2021,Bassetlaw 015B,E01028007,643,207,97,110,436,331,105
2021,Bassetlaw 008A,E01028008,496,181,55,126,315,274,41
2021,Bassetlaw 008B,E01028009,512,163,55,108,349,290,59
2021,Bassetlaw 008C,E01028010,765,207,61,146,558,449,109
2021,Bassetlaw 008D,E01028011,612,185,72,113,427,353,74
2021,Bassetlaw 008E,E01028012,635,184,46,138,451,386,65
2021,Bassetlaw 005A,E01028013,821,265,86,179,556,460,96
2021,Bassetlaw 005B,E01028014,608,183,42,141,425,349,76
2021,Bassetlaw 005C,E01028015,820,259,76,183,561,484,77
2021,Bassetlaw 005D,E01028016,571,186,54,132,385,330,55
2021,Bassetlaw 010A,E01028017,1197,300,86,214,897,788,109
2021,Bassetlaw 010B,E01028018,660,201,85,116,459,388,71
2021,Bassetlaw 010C,E01028019,632,191,47,144,441,369,72
2021,Bassetlaw 010D,E01028020,923,263,67,196,660,551,109
2021,Bassetlaw 010E,E01028021,831,242,83,159,589,489,100
2021,Bassetlaw 008F,E01028022,811,251,71,180,560,473,87
2021,Bassetlaw 003A,E01028023,1204,360,131,229,844,645,199
2021,Bassetlaw 001B,E01028024,964,260,89,171,704,569,135
2021,Bassetlaw 001C,E01028025,703,194,62,132,509,443,66
2021,Bassetlaw 001D,E01028026,629,175,41,134,454,392,62
2021,Bassetlaw 001E,E01028027,718,201,55,146,517,427,90
2021,Bassetlaw 001F,E01028028,1016,252,68,184,764,658,106
2021,Bassetlaw 004E,E01028029,626,186,53,133,440,365,75
2021,Bassetlaw 004F,E01028030,565,195,58,137,370,323,47
2021,Bassetlaw 002C,E01028031,541,168,58,110,373,313,60
2021,Bassetlaw 002D,E01028032,707,214,94,120,493,392,101
2021,Bassetlaw 015C,E01028033,1036,322,126,196,714,532,182
2021,Bassetlaw 003B,E01028034,1039,325,122,203,714,557,157
2021,Bassetlaw 002E,E01028035,1139,348,114,234,791,609,182
2021,Bassetlaw 003C,E01028036,1039,308,112,196,731,531,200
2021,Bassetlaw 015D,E01028037,855,267,119,148,588,440,148
2021,Bassetlaw 015E,E01028038,696,215,59,156,481,375,106
2021,Bassetlaw 015F,E01028039,575,182,64,118,393,280,113
2021,Bassetlaw 016E,E01028042,730,235,69,166,495,426,69
2021,Bassetlaw 014C,E01028043,682,215,50,165,467,404,63
2021,Bassetlaw 016F,E01028044,701,208,58,150,493,435,58
2021,Bassetlaw 016G,E01028045,837,256,63,193,581,515,66
2021,Bassetlaw 006A,E01028046,773,239,71,168,534,471,63
2021,Bassetlaw 006B,E01028047,1748,437,136,301,1311,1078,233
2021,Bassetlaw 006C,E01028048,870,247,66,181,623,542,81
2021,Bassetlaw 006D,E01028049,840,273,84,189,567,476,91
2021,Bassetlaw 006E,E01028050,1000,299,96,203,701,602,99
2021,Bassetlaw 016A,E01028051,634,202,53,149,432,371,61
2021,Bassetlaw 016B,E01028052,813,275,75,200,538,459,79
2021,Bassetlaw 016C,E01028053,685,210,56,154,475,433,42
2021,Bassetlaw 016D,E01028054,709,232,72,160,477,405,72
2021,Bassetlaw 009A,E01028055,735,201,65,136,534,481,53
2021,Bassetlaw 009B,E01028056,670,211,57,154,459,395,64
2021,Bassetlaw 012A,E01028057,679,192,43,149,487,452,35
2021,Bassetlaw 009C,E01028058,1176,304,67,237,872,731,141
2021,Bassetlaw 009D,E01028059,1016,277,91,186,739,642,97
2021,Bassetlaw 013A,E01028060,867,276,102,174,591,490,101
2021,Bassetlaw 013B,E01028061,759,208,53,155,551,468,83
2021,Bassetlaw 013C,E01028062,1007,269,73,196,738,667,71
2021,Bassetlaw 014D,E01028063,804,223,75,148,581,500,81
2021,Bassetlaw 014E,E01028064,560,168,47,121,392,339,53
2021,Bassetlaw 012B,E01028065,657,215,53,162,442,392,50
2021,Bassetlaw 012C,E01028066,774,240,56,184,534,467,67
2021,Bassetlaw 013D,E01028067,732,234,70,164,498,434,64
2021,Bassetlaw 012D,E01028068,896,245,75,170,651,575,76
2021,Broxtowe 014A,E01028069,589,167,43,124,422,385,37
2021,Broxtowe 014B,E01028070,472,144,50,94,328,271,57
2021,Broxtowe 011A,E01028073,697,198,90,108,499,430,69
2021,Broxtowe 011B,E01028074,812,261,104,157,551,492,59
2021,Broxtowe 011C,E01028075,795,231,90,141,564,505,59
2021,Broxtowe 009A,E01028076,573,151,50,101,422,359,63
2021,Broxtowe 009B,E01028077,610,181,67,114,429,370,59
2021,Broxtowe 009C,E01028078,780,233,81,152,547,488,59
2021,Broxtowe 009D,E01028079,624,225,114,111,399,348,51
2021,Broxtowe 012A,E01028080,995,267,81,186,728,649,79
2021,Broxtowe 012B,E01028081,482,134,52,82,348,314,34
2021,Broxtowe 012C,E01028082,674,193,47,146,481,427,54
2021,Broxtowe 012D,E01028083,705,167,52,115,538,484,54
2021,Broxtowe 009E,E01028084,903,280,89,191,623,519,104
2021,Broxtowe 011D,E01028085,989,256,88,168,733,625,108
2021,Broxtowe 011E,E01028086,842,215,78,137,627,544,83
2021,Broxtowe 007A,E01028087,734,220,75,145,514,410,104
2021,Broxtowe 007B,E01028088,668,199,75,124,469,416,53
2021,Broxtowe 007C,E01028089,542,167,61,106,375,302,73
2021,Broxtowe 007D,E01028090,633,185,69,116,448,390,58
2021,Broxtowe 007E,E01028091,650,181,57,124,469,394,75
2021,Broxtowe 001A,E01028092,608,194,61,133,414,331,83
2021,Broxtowe 001B,E01028093,435,137,43,94,298,256,42
2021,Broxtowe 014C,E01028094,795,270,88,182,525,451,74
2021,Broxtowe 014D,E01028095,680,234,73,161,446,390,56
2021,Broxtowe 014E,E01028096,922,269,82,187,653,579,74
2021,Broxtowe 013A,E01028097,611,179,71,108,432,383,49
2021,Broxtowe 013B,E01028098,711,211,58,153,500,428,72
2021,Broxtowe 013C,E01028099,659,184,55,129,475,417,58
2021,Broxtowe 013D,E01028100,793,231,80,151,562,494,68
2021,Broxtowe 013E,E01028101,604,196,60,136,408,371,37
2021,Broxtowe 004A,E01028102,673,205,68,137,468,414,54
2021,Broxtowe 004B,E01028103,478,157,48,109,321,279,42
2021,Broxtowe 004C,E01028104,831,244,69,175,587,514,73
2021,Broxtowe 016A,E01028105,550,160,52,108,390,322,68
2021,Broxtowe 016B,E01028106,698,209,68,141,489,424,65
2021,Broxtowe 001C,E01028107,727,225,80,145,502,430,72
2021,Broxtowe 001D,E01028108,642,192,45,147,450,385,65
2021,Broxtowe 003A,E01028109,746,221,67,154,525,464,61
2021,Broxtowe 002A,E01028110,657,211,64,147,446,397,49
2021,Broxtowe 002B,E01028111,634,199,72,127,435,369,66
2021,Broxtowe 002C,E01028112,696,198,58,140,498,434,64
2021,Broxtowe 002D,E01028113,594,163,53,110,431,392,39
2021,Broxtowe 001E,E01028114,669,217,85,132,452,402,50
2021,Broxtowe 003B,E01028115,710,215,68,147,495,425,70
2021,Broxtowe 003C,E01028116,893,230,74,156,663,571,92
2021,Broxtowe 003D,E01028117,882,255,73,182,627,559,68
2021,Broxtowe 003E,E01028118,645,209,71,138,436,361,75
2021,Broxtowe 016C,E01028119,1114,291,94,197,823,725,98
2021,Broxtowe 016D,E01028120,767,257,82,175,510,443,67
2021,Broxtowe 016E,E01028121,713,216,87,129,497,420,77
2021,Broxtowe 004D,E01028122,697,218,65,153,479,413,66
2021,Broxtowe 004E,E01028123,924,275,69,206,649,551,98
2021,Broxtowe 004F,E01028124,749,239,73,166,510,447,63
2021,Broxtowe 008A,E01028125,912,253,86,167,659,582,77
2021,Broxtowe 008B,E01028126,625,160,43,117,465,415,50
2021,Broxtowe 008C,E01028127,610,192,64,128,418,363,55
2021,Broxtowe 010A,E01028128,841,241,76,165,600,533,67
2021,Broxtowe 010B,E01028129,692,226,74,152,466,407,59
2021,Broxtowe 010C,E01028130,918,277,78,199,641,565,76
2021,Broxtowe 010D,E01028131,745,244,79,165,501,442,59
2021,Broxtowe 010E,E01028132,490,169,39,130,321,287,34
2021,Broxtowe 010F,E01028133,770,217,62,155,553,483,70
2021,Broxtowe 008D,E01028134,731,211,67,144,520,447,73
2021,Broxtowe 015A,E01028135,633,197,65,132,436,381,55
2021,Broxtowe 015B,E01028136,828,260,75,185,568,498,70
2021,Broxtowe 015C,E01028137,1448,337,113,224,1111,961,150
2021,Broxtowe 015D,E01028138,536,149,39,110,387,332,55
2021,Broxtowe 015E,E01028139,712,193,56,137,519,450,69
2021,Gedling 016A,E01028142,1035,284,76,208,751,637,114
2021,Gedling 004A,E01028143,577,188,54,134,389,340,49
2021,Gedling 006A,E01028144,742,253,76,177,489,435,54
2021,Gedling 016B,E01028146,760,234,70,164,526,457,69
2021,Gedling 016C,E01028147,481,158,57,101,323,278,45
2021,Gedling 008A,E01028148,1151,335,123,212,816,683,133
2021,Gedling 008B,E01028149,764,273,93,180,491,417,74
2021,Gedling 002A,E01028150,576,207,62,145,369,320,49
2021,Gedling 002B,E01028151,519,169,49,120,350,293,57
2021,Gedling 002C,E01028152,901,253,75,178,648,558,90
2021,Gedling 002D,E01028153,584,201,61,140,383,337,46
2021,Gedling 002E,E01028154,865,266,87,179,599,513,86
2021,Gedling 014A,E01028155,672,201,53,148,471,403,68
2021,Gedling 014B,E01028156,679,199,67,132,480,416,64
2021,Gedling 014C,E01028157,584,196,62,134,388,339,49
2021,Gedling 014D,E01028158,797,204,52,152,593,517,76
2021,Gedling 014E,E01028159,572,180,32,148,392,333,59
2021,Gedling 013A,E01028160,774,209,80,129,565,493,72
2021,Gedling 013B,E01028161,698,232,83,149,466,417,49
2021,Gedling 013C,E01028162,824,243,68,175,581,529,52
2021,Gedling 013D,E01028163,760,236,78,158,524,454,70
2021,Gedling 014F,E01028164,608,216,58,158,392,354,38
2021,Gedling 006B,E01028165,682,200,46,154,482,423,59
2021,Gedling 006C,E01028166,759,238,71,167,521,464,57
2021,Gedling 006D,E01028167,990,277,81,196,713,613,100
2021,Gedling 012A,E01028168,638,192,67,125,446,379,67
2021,Gedling 012B,E01028169,634,195,57,138,439,368,71
2021,Gedling 012C,E01028170,736,206,59,147,530,447,83
2021,Gedling 012D,E01028171,657,181,51,130,476,405,71
2021,Gedling 011A,E01028172,1225,290,71,219,935,794,141
2021,Gedling 005A,E01028173,369,105,26,79,264,228,36
2021,Gedling 005B,E01028174,708,231,73,158,477,404,73
2021,Gedling 005C,E01028175,846,272,70,202,574,520,54
2021,Gedling 009A,E01028176,706,219,63,156,487,413,74
2021,Gedling 009B,E01028177,762,221,75,146,541,480,61
2021,Gedling 008C,E01028178,1183,376,132,244,807,630,177
2021,Gedling 007A,E01028179,640,199,70,129,441,375,66
2021,Gedling 007B,E01028180,641,192,59,133,449,378,71
2021,Gedling 007C,E01028181,757,236,68,168,521,463,58
2021,Gedling 007D,E01028182,751,211,60,151,540,474,66
2021,Gedling 007E,E01028183,526,176,38,138,350,311,39
2021,Gedling 015A,E01028184,600,171,59,112,429,379,50
2021,Gedling 015B,E01028185,873,233,59,174,640,559,81
2021,Gedling 015C,E01028186,756,228,61,167,528,471,57
2021,Gedling 015D,E01028187,709,243,71,172,466,405,61
2021,Gedling 015E,E01028188,809,190,63,127,619,549,70
2021,Gedling 001A,E01028189,1347,340,119,221,1007,838,169
2021,Gedling 011B,E01028190,846,242,63,179,604,532,72
2021,Gedling 012E,E01028191,892,262,66,196,630,557,73
2021,Gedling 012F,E01028192,724,198,53,145,526,450,76
2021,Gedling 010A,E01028193,726,196,69,127,530,446,84
2021,Gedling 010B,E01028194,801,242,82,160,559,478,81
2021,Gedling 010C,E01028195,743,212,59,153,531,452,79
2021,Gedling 010D,E01028196,690,210,63,147,480,413,67
2021,Gedling 010E,E01028197,648,191,53,138,457,402,55
2021,Gedling 001B,E01028198,615,210,70,140,405,334,71
2021,Gedling 001C,E01028199,598,194,72,122,404,344,60
2021,Gedling 001D,E01028200,880,273,103,170,607,459,148
2021,Gedling 001E,E01028201,520,165,60,105,355,302,53
2021,Gedling 011C,E01028202,661,191,56,135,470,412,58
2021,Gedling 011D,E01028203,646,200,52,148,446,396,50
2021,Gedling 010F,E01028204,664,186,50,136,478,423,55
2021,Gedling 004B,E01028205,849,265,84,181,584,510,74
2021,Gedling 004C,E01028206,669,189,60,129,480,416,64
2021,Gedling 004D,E01028207,833,229,68,161,604,523,81
2021,Gedling 004E,E01028208,526,156,38,118,370,331,39
2021,Gedling 005D,E01028209,666,223,64,159,443,405,38
2021,Gedling 014G,E01028210,670,192,75,117,478,406,72
2021,Gedling 013E,E01028211,584,173,54,119,411,360,51
2021,Gedling 011E,E01028212,753,219,62,157,534,466,68
2021,Gedling 002F,E01028213,826,249,96,153,577,462,115
2021,Gedling 009C,E01028214,634,198,68,130,436,372,64
2021,Gedling 009D,E01028215,671,204,70,134,467,390,77
2021,Gedling 009E,E01028216,620,207,66,141,413,355,58
2021,Gedling 009F,E01028217,633,178,56,122,455,389,66
2021,Gedling 009G,E01028218,712,218,78,140,494,436,58
2021,Mansfield 013A,E01028219,686,201,66,135,485,388,97
2021,Mansfield 013B,E01028220,924,228,56,172,696,599,97
2021,Mansfield 013D,E01028222,1325,298,94,204,1027,853,174
2021,Mansfield 002A,E01028223,674,200,53,147,474,397,77
2021,Mansfield 001A,E01028224,529,166,42,124,363,290,73
2021,Mansfield 002B,E01028225,711,217,63,154,494,421,73
2021,Mansfield 002C,E01028226,615,195,71,124,420,369,51
2021,Mansfield 008A,E01028227,616,163,33,130,453,390,63
2021,Mansfield 008B,E01028228,582,151,44,107,431,375,56
2021,Mansfield 006A,E01028229,580,185,45,140,395,334,61
2021,Mansfield 010A,E01028230,650,201,49,152,449,385,64
2021,Mansfield 010B,E01028231,620,187,48,139,433,379,54
2021,Mansfield 006B,E01028232,602,178,59,119,424,377,47
2021,Mansfield 009A,E01028233,977,255,63,192,722,635,87
2021,Mansfield 009B,E01028234,797,223,59,164,574,495,79
2021,Mansfield 011A,E01028235,804,235,71,164,569,493,76
2021,Mansfield 011B,E01028236,912,247,59,188,665,583,82
2021,Mansfield 007A,E01028237,732,220,64,156,512,448,64
2021,Mansfield 007B,E01028238,661,218,66,152,443,388,55
2021,Mansfield 007C,E01028239,799,229,59,170,570,501,69
2021,Mansfield 007D,E01028240,702,206,71,135,496,427,69
2021,Mansfield 005A,E01028242,744,244,63,181,500,439,61
2021,Mansfield 007F,E01028243,827,238,64,174,589,504,85
2021,Mansfield 010C,E01028244,709,189,60,129,520,458,62
2021,Mansfield 010D,E01028245,562,165,50,115,397,339,58
2021,Mansfield 010E,E01028246,844,227,68,159,617,531,86
2021,Mansfield 008C,E01028247,844,200,58,142,644,558,86
2021,Mansfield 010F,E01028248,778,239,81,158,539,468,71
2021,Mansfield 010G,E01028249,640,208,62,146,432,374,58
2021,Mansfield 005B,E01028250,637,185,52,133,452,389,63
2021,Mansfield 003A,E01028251,785,257,92,165,528,423,105
2021,Mansfield 003B,E01028252,832,259,80,179,573,477,96
2021,Mansfield 003C,E01028253,748,222,72,150,526,438,88
2021,Mansfield 012A,E01028254,568,183,51,132,385,326,59
2021,Mansfield 013E,E01028255,522,156,67,89,366,289,77
2021,Mansfield 012B,E01028256,732,202,61,141,530,457,73
2021,Mansfield 001B,E01028257,690,220,66,154,470,389,81
2021,Mansfield 001C,E01028258,640,187,52,135,453,391,62
2021,Mansfield 001D,E01028259,790,235,75,160,555,466,89
2021,Mansfield 002D,E01028260,790,264,94,170,526,433,93
2021,Mansfield 012C,E01028261,663,225,72,153,438,384,54
2021,Mansfield 011C,E01028262,688,209,63,146,479,418,61
2021,Mansfield 012D,E01028263,512,159,37,122,353,303,50
2021,Mansfield 011D,E01028264,917,277,89,188,640,545,95
2021,Mansfield 006E,E01028267,996,305,102,203,691,605,86
2021,Mansfield 008D,E01028268,1170,232,72,160,938,841,97
2021,Mansfield 008E,E01028269,955,249,76,173,706,634,72
2021,Mansfield 013F,E01028270,810,256,74,182,554,468,86
2021,Mansfield 004A,E01028271,814,225,77,148,589,529,60
2021,Mansfield 005C,E01028272,834,245,77,168,589,507,82
2021,Mansfield 005D,E01028273,718,220,71,149,498,433,65
2021,Mansfield 009C,E01028274,792,188,61,127,604,502,102
2021,Mansfield 009D,E01028275,684,217,58,159,467,421,46
2021,Mansfield 009E,E01028276,551,172,46,126,379,333,46
2021,Mansfield 003D,E01028277,615,208,83,125,407,346,61
2021,Mansfield 003E,E01028278,619,202,71,131,417,353,64
2021,Mansfield 004B,E01028279,668,170,34,136,498,416,82
2021,Mansfield 004C,E01028280,570,187,39,148,383,332,51
2021,Mansfield 004D,E01028281,605,181,45,136,424,369,55
2021,Mansfield 006F,E01028282,542,156,40,116,386,338,48
2021,Mansfield 004E,E01028283,1113,315,86,229,798,671,127
2021,Mansfield 008F,E01028284,822,205,51,154,617,532,85
2021,Newark and Sherwood 011A,E01028285,638,178,59,119,460,391,69
2021,Newark and Sherwood 011B,E01028286,556,164,47,117,392,329,63
2021,Newark and Sherwood 011C,E01028287,693,222,83,139,471,388,83
2021,Newark and Sherwood 011D,E01028288,696,192,62,130,504,418,86
2021,Newark and Sherwood 011E,E01028289,626,182,58,124,444,383,61
2021,Newark and Sherwood 011F,E01028290,631,169,56,113,462,382,80
2021,Newark and Sherwood 011G,E01028291,1119,277,88,189,842,742,100
2021,Newark and Sherwood 009A,E01028292,1426,392,149,243,1034,857,177
2021,Newark and Sherwood 009B,E01028293,997,292,103,189,705,622,83
2021,Newark and Sherwood 007A,E01028294,986,266,71,195,720,627,93
2021,Newark and Sherwood 005A,E01028295,959,294,87,207,665,530,135
2021,Newark and Sherwood 006A,E01028296,860,236,69,167,624,543,81
2021,Newark and Sherwood 005B,E01028297,904,300,90,210,604,500,104
2021,Newark and Sherwood 006B,E01028298,753,237,80,157,516,424,92
2021,Newark and Sherwood 006C,E01028299,593,175,60,115,418,349,69
2021,Newark and Sherwood 006D,E01028300,636,174,45,129,462,399,63
2021,Newark and Sherwood 001A,E01028301,775,217,63,154,558,479,79
2021,Newark and Sherwood 001B,E01028302,694,208,64,144,486,412,74
2021,Newark and Sherwood 003A,E01028303,618,200,79,121,418,341,77
2021,Newark and Sherwood 007B,E01028304,647,136,35,101,511,448,63
2021,Newark and Sherwood 007C,E01028305,826,221,76,145,605,519,86
2021,Newark and Sherwood 007D,E01028306,821,222,69,153,599,497,102
2021,Newark and Sherwood 007E,E01028307,680,172,58,114,508,441,67
2021,Newark and Sherwood 010A,E01028308,677,222,80,142,455,383,72
2021,Newark and Sherwood 010B,E01028309,638,165,61,104,473,393,80
2021,Newark and Sherwood 007F,E01028310,1156,262,78,184,894,777,117
2021,Newark and Sherwood 007G,E01028311,795,184,66,118,611,510,101
2021,Newark and Sherwood 003B,E01028312,1073,315,131,184,758,541,217
2021,Newark and Sherwood 002A,E01028313,771,224,69,155,547,447,100
2021,Newark and Sherwood 004A,E01028315,629,188,64,124,441,353,88
2021,Newark and Sherwood 004B,E01028316,745,207,84,123,538,420,118
2021,Newark and Sherwood 004C,E01028317,765,241,94,147,524,381,143
2021,Newark and Sherwood 010C,E01028318,645,206,70,136,439,359,80
2021,Newark and Sherwood 010D,E01028319,825,241,60,181,584,506,78
2021,Newark and Sherwood 010E,E01028320,621,193,57,136,428,362,66
2021,Newark and Sherwood 002C,E01028321,624,178,70,108,446,374,72
2021,Newark and Sherwood 002D,E01028322,898,271,83,188,627,504,123
2021,Newark and Sherwood 002E,E01028323,859,261,94,167,598,507,91
2021,Newark and Sherwood 012B,E01028325,599,193,78,115,406,317,89
2021,Newark and Sherwood 012C,E01028326,549,181,60,121,368,310,58
2021,Newark and Sherwood 005C,E01028327,954,312,120,192,642,491,151
2021,Newark and Sherwood 005D,E01028328,748,233,94,139,515,414,101
2021,Newark and Sherwood 005E,E01028329,772,264,102,162,508,375,133
2021,Newark and Sherwood 013A,E01028330,689,225,97,128,464,368,96
2021,Newark and Sherwood 013B,E01028331,803,317,139,178,486,362,124
2021,Newark and Sherwood 013C,E01028332,806,260,107,153,546,437,109
2021,Newark and Sherwood 009C,E01028333,696,197,56,141,499,426,73
2021,Newark and Sherwood 009D,E01028334,645,185,46,139,460,395,65
2021,Newark and Sherwood 009E,E01028335,970,255,76,179,715,614,101
2021,Newark and Sherwood 012D,E01028336,530,166,60,106,364,284,80
2021,Newark and Sherwood 003C,E01028337,692,217,66,151,475,369,106
2021,Newark and Sherwood 001C,E01028338,894,240,83,157,654,569,85
2021,Newark and Sherwood 001D,E01028339,970,253,82,171,717,604,113
2021,Newark and Sherwood 001E,E01028340,707,210,78,132,497,412,85
2021,Newark and Sherwood 006E,E01028342,744,210,66,144,534,464,70
2021,Newark and Sherwood 006F,E01028343,1130,302,83,219,828,714,114
2021,Newark and Sherwood 006G,E01028344,654,182,59,123,472,390,82
2021,Newark and Sherwood 008A,E01028345,850,289,115,174,561,450,111
2021,Newark and Sherwood 008B,E01028346,927,329,127,202,598,490,108
2021,Newark and Sherwood 008C,E01028347,641,209,71,138,432,326,106
2021,Newark and Sherwood 008D,E01028348,607,260,114,146,347,272,75
2021,Newark and Sherwood 003D,E01028349,720,207,83,124,513,385,128
2021,Newark and Sherwood 003E,E01028350,616,185,73,112,431,339,92
2021,Newark and Sherwood 013D,E01028351,576,184,75,109,392,295,97
2021,Newark and Sherwood 012E,E01028352,521,147,52,95,374,280,94
2021,Newark and Sherwood 004D,E01028353,1215,359,130,229,856,696,160
2021,Rushcliffe 004A,E01028354,793,232,87,145,561,449,112
2021,Rushcliffe 004B,E01028355,781,242,72,170,539,449,90
2021,Rushcliffe 006A,E01028356,696,211,68,143,485,407,78
2021,Rushcliffe 002A,E01028357,576,174,61,113,402,355,47
2021,Rushcliffe 002B,E01028358,559,173,71,102,386,334,52
2021,Rushcliffe 002C,E01028359,928,292,92,200,636,524,112
2021,Rushcliffe 002D,E01028360,1547,388,126,262,1159,989,170
2021,Rushcliffe 002E,E01028361,630,179,62,117,451,384,67
2021,Rushcliffe 002F,E01028362,583,190,57,133,393,349,44
2021,Rushcliffe 007A,E01028363,686,203,62,141,483,411,72
2021,Rushcliffe 007B,E01028364,851,220,73,147,631,562,69
2021,Rushcliffe 007C,E01028365,1054,242,77,165,812,699,113
2021,Rushcliffe 009A,E01028366,654,199,58,141,455,402,53
2021,Rushcliffe 009B,E01028367,1346,350,112,238,996,848,148
2021,Rushcliffe 009C,E01028368,758,221,70,151,537,451,86
2021,Rushcliffe 009D,E01028369,722,218,63,155,504,448,56
2021,Rushcliffe 009E,E01028370,669,202,54,148,467,404,63
2021,Rushcliffe 001A,E01028371,1140,367,119,248,773,615,158
2021,Rushcliffe 008A,E01028372,524,164,49,115,360,309,51
2021,Rushcliffe 008C,E01028374,551,174,61,113,377,312,65
2021,Rushcliffe 006B,E01028375,998,272,82,190,726,621,105
2021,Rushcliffe 006C,E01028376,760,223,87,136,537,414,123
2021,Rushcliffe 006D,E01028377,1000,313,100,213,687,559,128
2021,Rushcliffe 014A,E01028378,987,294,114,180,693,571,122
2021,Rushcliffe 012A,E01028379,684,231,88,143,453,374,79
2021,Rushcliffe 013A,E01028380,567,188,56,132,379,322,57
2021,Rushcliffe 013B,E01028381,579,175,66,109,404,341,63
2021,Rushcliffe 013C,E01028382,658,195,59,136,463,375,88
2021,Rushcliffe 013D,E01028383,438,121,45,76,317,270,47
2021,Rushcliffe 004C,E01028384,982,261,107,154,721,595,126
2021,Rushcliffe 004D,E01028385,871,230,71,159,641,535,106
2021,Rushcliffe 004E,E01028386,879,262,87,175,617,532,85
2021,Rushcliffe 014B,E01028387,1249,367,127,240,882,759,123
2021,Rushcliffe 015A,E01028388,835,231,88,143,604,498,106
2021,Rushcliffe 015B,E01028389,817,229,64,165,588,499,89
2021,Rushcliffe 015C,E01028390,1293,325,95,230,968,801,167
2021,Rushcliffe 007D,E01028391,928,274,96,178,654,547,107
2021,Rushcliffe 007E,E01028392,929,242,77,165,687,597,90
2021,Rushcliffe 003A,E01028393,477,148,60,88,329,285,44
2021,Rushcliffe 003B,E01028394,667,206,81,125,461,398,63
2021,Rushcliffe 003C,E01028395,660,180,67,113,480,379,101
2021,Rushcliffe 005A,E01028396,807,209,66,143,598,489,109
2021,Rushcliffe 006E,E01028397,862,259,114,145,603,476,127
2021,Rushcliffe 005B,E01028398,759,187,73,114,572,485,87
2021,Rushcliffe 005C,E01028399,671,195,73,122,476,378,98
2021,Rushcliffe 008D,E01028400,745,230,83,147,515,422,93
2021,Rushcliffe 008E,E01028401,617,184,67,117,433,354,79
2021,Rushcliffe 010A,E01028402,960,303,115,188,657,499,158
2021,Rushcliffe 001B,E01028403,950,327,121,206,623,494,129
2021,Rushcliffe 011A,E01028404,774,243,87,156,531,426,105
2021,Rushcliffe 011B,E01028405,1097,295,95,200,802,692,110
2021,Rushcliffe 011C,E01028406,852,238,72,166,614,526,88
2021,Rushcliffe 011D,E01028407,1117,298,89,209,819,676,143
2021,Rushcliffe 014C,E01028408,1059,332,139,193,727,586,141
2021,Rushcliffe 015D,E01028409,607,213,96,117,394,280,114
2021,Rushcliffe 015E,E01028410,671,194,83,111,477,365,112
2021,Rushcliffe 001C,E01028411,1096,335,134,201,761,573,188
2021,Rushcliffe 012B,E01028412,849,254,100,154,595,466,129
2021,Rushcliffe 003D,E01028413,723,215,53,162,508,427,81
2021,Rushcliffe 003E,E01028414,649,199,76,123,450,368,82
2021,Rushcliffe 003F,E01028415,1066,287,105,182,779,635,144
2021,Rushcliffe 005D,E01028416,809,207,93,114,602,527,75
2021,Rushcliffe 005E,E01028417,812,205,98,107,607,520,87
2021,Rushcliffe 005F,E01028418,736,221,94,127,515,438,77
2021,Rushcliffe 010B,E01028419,1109,330,111,219,779,642,137
2021,Rushcliffe 010C,E01028420,644,216,85,131,428,339,89
2021,Rushcliffe 012C,E01028421,1042,346,146,200,696,493,203
2021,Cherwell 008A,E01028422,901,293,96,197,608,475,133
2021,Cherwell 008B,E01028423,764,220,88,132,544,416,128
2021,Cherwell 007A,E01028426,964,234,86,148,730,640,90
2021,Cherwell 007B,E01028427,911,182,60,122,729,633,96
2021,Cherwell 007C,E01028428,648,188,73,115,460,391,69
2021,Cherwell 007D,E01028429,560,154,51,103,406,358,48
2021,Cherwell 006A,E01028430,997,234,96,138,763,632,131
2021,Cherwell 006B,E01028431,792,224,86,138,568,490,78
2021,Cherwell 006C,E01028432,913,273,69,204,640,544,96
2021,Cherwell 006D,E01028433,739,241,89,152,498,423,75
2021,Cherwell 006E,E01028434,904,240,89,151,664,536,128
2021,Cherwell 004A,E01028435,1195,252,90,162,943,808,135
2021,Cherwell 004C,E01028437,929,206,64,142,723,648,75
2021,Cherwell 004E,E01028439,856,209,71,138,647,581,66
2021,Cherwell 004F,E01028440,1018,211,63,148,807,707,100
2021,Cherwell 002A,E01028441,1321,343,117,226,978,863,115
2021,Cherwell 002C,E01028443,794,198,59,139,596,522,74
2021,Cherwell 002D,E01028444,781,214,58,156,567,501,66
2021,Cherwell 003A,E01028445,723,222,70,152,501,445,56
2021,Cherwell 003B,E01028446,781,213,71,142,568,513,55
2021,Cherwell 003C,E01028447,713,194,74,120,519,470,49
2021,Cherwell 003D,E01028448,796,227,88,139,569,482,87
2021,Cherwell 005A,E01028449,667,178,54,124,489,442,47
2021,Cherwell 005B,E01028450,640,206,73,133,434,379,55
2021,Cherwell 005C,E01028451,647,193,64,129,454,393,61
2021,Cherwell 005D,E01028452,694,201,55,146,493,433,60
2021,Cherwell 005E,E01028453,656,186,51,135,470,413,57
2021,Cherwell 005F,E01028454,733,243,83,160,490,429,61
2021,Cherwell 013A,E01028455,860,233,74,159,627,559,68
2021,Cherwell 013B,E01028456,733,189,53,136,544,472,72
2021,Cherwell 013C,E01028457,772,195,72,123,577,508,69
2021,Cherwell 013D,E01028458,878,214,62,152,664,592,72
2021,Cherwell 012A,E01028459,940,214,65,149,726,648,78
2021,Cherwell 012B,E01028460,1163,295,108,187,868,712,156
2021,Cherwell 012C,E01028461,1068,243,76,167,825,726,99
2021,Cherwell 012D,E01028462,856,225,85,140,631,555,76
2021,Cherwell 015A,E01028463,1634,334,118,216,1300,1139,161
2021,Cherwell 015B,E01028464,1002,238,68,170,764,665,99
2021,Cherwell 015C,E01028465,814,216,70,146,598,521,77
2021,Cherwell 014A,E01028466,863,240,77,163,623,553,70
2021,Cherwell 013E,E01028467,1036,267,77,190,769,669,100
2021,Cherwell 014B,E01028469,647,197,73,124,450,395,55
2021,Cherwell 014C,E01028470,839,206,54,152,633,534,99
2021,Cherwell 014D,E01028471,667,181,50,131,486,427,59
2021,Cherwell 014E,E01028472,651,175,55,120,476,416,60
2021,Cherwell 014F,E01028473,874,239,72,167,635,563,72
2021,Cherwell 009A,E01028474,923,264,90,174,659,527,132
2021,Cherwell 008D,E01028476,1346,435,162,273,911,722,189
2021,Cherwell 011B,E01028477,1459,351,108,243,1108,898,210
2021,Cherwell 011C,E01028478,755,194,57,137,561,497,64
2021,Cherwell 001A,E01028479,688,213,87,126,475,378,97
2021,Cherwell 001B,E01028480,774,228,81,147,546,421,125
2021,Cherwell 010A,E01028481,667,183,66,117,484,361,123
2021,Cherwell 010B,E01028482,680,212,70,142,468,378,90
2021,Cherwell 011D,E01028483,719,223,102,121,496,370,126
2021,Cherwell 011E,E01028484,574,164,74,90,410,310,100
2021,Cherwell 009B,E01028485,779,267,100,167,512,395,117
2021,Cherwell 009C,E01028486,598,174,73,101,424,314,110
2021,Cherwell 017A,E01028487,739,205,77,128,534,475,59
2021,Cherwell 019A,E01028488,822,215,69,146,607,550,57
2021,Cherwell 017B,E01028489,570,171,69,102,399,329,70
2021,Cherwell 017C,E01028490,565,172,61,111,393,331,62
2021,Cherwell 017D,E01028491,793,217,64,153,576,495,81
2021,Cherwell 018A,E01028492,781,229,83,146,552,485,67
2021,Cherwell 018B,E01028493,692,195,82,113,497,433,64
2021,Cherwell 017E,E01028494,557,181,70,111,376,330,46
2021,Cherwell 018C,E01028495,727,204,59,145,523,472,51
2021,Cherwell 018D,E01028496,772,224,63,161,548,483,65
2021,Cherwell 016B,E01028497,727,211,80,131,516,363,153
2021,Cherwell 016C,E01028498,883,258,87,171,625,515,110
2021,Cherwell 011F,E01028499,1048,292,116,176,756,613,143
2021,Cherwell 016D,E01028500,863,236,89,147,627,516,111
2021,Cherwell 016E,E01028501,635,186,78,108,449,322,127
2021,Cherwell 016F,E01028502,632,184,78,106,448,348,100
2021,Cherwell 009D,E01028503,555,187,71,116,368,287,81
2021,Cherwell 009E,E01028504,676,217,110,107,459,320,139
2021,Cherwell 010D,E01028506,1047,284,99,185,763,589,174
2021,Cherwell 010E,E01028507,705,230,91,139,475,359,116
2021,Cherwell 001C,E01028508,564,203,79,124,361,261,100
2021,Cherwell 019B,E01028510,848,259,105,154,589,498,91
2021,Cherwell 019C,E01028511,900,266,115,151,634,558,76
2021,Cherwell 019D,E01028512,960,271,88,183,689,609,80
2021,Oxford 005A,E01028513,1386,323,78,245,1063,962,101
2021,Oxford 005B,E01028514,743,219,65,154,524,481,43
2021,Oxford 007A,E01028515,952,214,70,144,738,641,97
2021,Oxford 005C,E01028516,1140,298,94,204,842,729,113
2021,Oxford 017A,E01028517,656,191,39,152,465,427,38
2021,Oxford 017B,E01028518,657,250,89,161,407,379,28
2021,Oxford 017C,E01028519,877,269,78,191,608,564,44
2021,Oxford 018A,E01028520,698,217,71,146,481,452,29
2021,Oxford 008A,E01028521,1620,823,657,166,797,569,228
2021,Oxford 008B,E01028522,943,402,286,116,541,406,135
2021,Oxford 010A,E01028523,940,182,72,110,758,692,66
2021,Oxford 010B,E01028524,817,244,71,173,573,533,40
2021,Oxford 010C,E01028525,827,231,77,154,596,540,56
2021,Oxford 010D,E01028526,736,307,176,131,429,381,48
2021,Oxford 015A,E01028527,975,276,88,188,699,629,70
2021,Oxford 015B,E01028528,922,284,106,178,638,565,73
2021,Oxford 015C,E01028529,781,252,85,167,529,481,48
2021,Oxford 015D,E01028530,1262,330,104,226,932,842,90
2021,Oxford 019B,E01028531,1142,286,123,163,856,761,95
2021,Oxford 019A,E01028532,1483,414,170,244,1069,952,117
2021,Oxford 006A,E01028534,613,163,63,100,450,343,107
2021,Oxford 006B,E01028535,943,277,137,140,666,546,120
2021,Oxford 006C,E01028536,702,181,71,110,521,428,93
2021,Oxford 006D,E01028537,1047,186,88,98,861,732,129
2021,Oxford 005D,E01028538,859,273,85,188,586,524,62
2021,Oxford 006E,E01028539,1088,288,94,194,800,703,97
2021,Oxford 006F,E01028540,761,239,125,114,522,375,147
2021,Oxford 012A,E01028541,782,239,89,150,543,458,85
2021,Oxford 012B,E01028542,1018,279,101,178,739,644,95
2021,Oxford 012C,E01028543,574,169,72,97,405,353,52
2021,Oxford 012D,E01028544,605,157,80,77,448,348,100
2021,Oxford 014A,E01028545,1071,286,106,180,785,665,120
2021,Oxford 014B,E01028546,911,282,106,176,629,546,83
2021,Oxford 014C,E01028547,1250,358,153,205,892,738,154
2021,Oxford 009A,E01028548,957,242,98,144,715,592,123
2021,Oxford 009B,E01028549,827,206,99,107,621,487,134
2021,Oxford 009C,E01028550,758,194,88,106,564,427,137
2021,Oxford 009D,E01028551,671,227,119,108,444,343,101
2021,Oxford 016A,E01028552,919,311,101,210,608,544,64
2021,Oxford 016B,E01028553,982,246,81,165,736,650,86
2021,Oxford 016C,E01028554,866,241,49,192,625,521,104
2021,Oxford 016D,E01028555,906,237,66,171,669,607,62
2021,Oxford 020B,E01028556,1034,298,135,163,736,661,75
2021,Oxford 020D,E01028557,1005,309,93,216,696,614,82
2021,Oxford 020C,E01028558,939,259,87,172,680,610,70
2021,Oxford 020A,E01028559,1075,259,99,160,816,715,101
2021,Oxford 004A,E01028560,854,246,84,162,608,504,104
2021,Oxford 004B,E01028561,1016,262,98,164,754,660,94
2021,Oxford 004C,E01028562,862,244,82,162,618,539,79
2021,Oxford 004D,E01028563,847,256,107,149,591,485,106
2021,Oxford 003A,E01028565,631,187,82,105,444,312,132
2021,Oxford 017D,E01028567,928,263,70,193,665,606,59
2021,Oxford 018B,E01028568,660,216,65,151,444,412,32
2021,Oxford 018C,E01028569,712,208,60,148,504,456,48
2021,Oxford 018D,E01028570,1256,296,83,213,960,873,87
2021,Oxford 007B,E01028571,919,219,78,141,700,586,114
2021,Oxford 007C,E01028572,1097,274,89,185,823,712,111
2021,Oxford 007D,E01028573,922,256,83,173,666,577,89
2021,Oxford 007E,E01028574,693,191,60,131,502,438,64
2021,Oxford 015E,E01028575,677,213,85,128,464,396,68
2021,Oxford 016E,E01028576,846,265,100,165,581,518,63
2021,Oxford 016F,E01028577,982,354,101,253,628,580,48
2021,Oxford 015F,E01028578,878,270,97,173,608,534,74
2021,Oxford 011A,E01028579,792,262,125,137,530,464,66
2021,Oxford 011B,E01028580,631,177,95,82,454,383,71
2021,Oxford 011C,E01028581,575,218,100,118,357,281,76
2021,Oxford 011D,E01028582,497,158,89,69,339,283,56
2021,Oxford 003C,E01028584,1174,326,136,190,848,622,226
2021,Oxford 011E,E01028586,873,239,114,125,634,536,98
2021,Oxford 011F,E01028587,823,243,130,113,580,491,89
2021,Oxford 011G,E01028588,603,229,151,78,374,304,70
2021,Oxford 002C,E01028591,570,165,70,95,405,268,137
2021,Oxford 002D,E01028592,572,159,76,83,413,282,131
2021,Oxford 001A,E01028594,736,227,98,129,509,389,120
2021,Oxford 001B,E01028595,768,258,108,150,510,412,98
2021,Oxford 001C,E01028596,692,217,91,126,475,358,117
2021,Oxford 001D,E01028597,718,219,80,139,499,400,99
2021,South Oxfordshire 005A,E01028598,1363,403,163,240,960,745,215
2021,South Oxfordshire 011A,E01028599,979,282,98,184,697,567,130
2021,South Oxfordshire 007A,E01028600,695,218,82,136,477,373,104
2021,South Oxfordshire 011B,E01028601,1015,213,70,143,802,665,137
2021,South Oxfordshire 011C,E01028602,730,151,46,105,579,498,81
2021,South Oxfordshire 007B,E01028603,752,187,81,106,565,437,128
2021,South Oxfordshire 006A,E01028604,753,186,57,129,567,492,75
2021,South Oxfordshire 006B,E01028605,729,224,57,167,505,423,82
2021,South Oxfordshire 007C,E01028606,753,255,109,146,498,396,102
2021,South Oxfordshire 006C,E01028607,694,226,89,137,468,367,101
2021,South Oxfordshire 012A,E01028608,574,192,75,117,382,291,91
2021,South Oxfordshire 007D,E01028609,719,209,65,144,510,433,77
2021,South Oxfordshire 007E,E01028610,769,224,80,144,545,455,90
2021,South Oxfordshire 018A,E01028611,609,212,95,117,397,274,123
2021,South Oxfordshire 019A,E01028612,589,200,86,114,389,291,98
2021,South Oxfordshire 005B,E01028613,746,234,86,148,512,411,101
2021,South Oxfordshire 005C,E01028614,1354,360,114,246,994,823,171
2021,South Oxfordshire 005D,E01028615,808,242,105,137,566,452,114
2021,South Oxfordshire 005E,E01028616,970,264,102,162,706,607,99
2021,South Oxfordshire 012B,E01028617,1056,321,111,210,735,591,144
2021,South Oxfordshire 015B,E01028619,847,267,107,160,580,484,96
2021,South Oxfordshire 010B,E01028622,1170,247,87,160,923,798,125
2021,South Oxfordshire 010C,E01028623,914,217,70,147,697,595,102
2021,South Oxfordshire 010D,E01028624,1194,265,85,180,929,820,109
2021,South Oxfordshire 009A,E01028625,1272,254,81,173,1018,904,114
2021,South Oxfordshire 009B,E01028626,948,225,72,153,723,629,94
2021,South Oxfordshire 009C,E01028627,873,204,70,134,669,597,72
2021,South Oxfordshire 009D,E01028628,1079,254,92,162,825,718,107
2021,South Oxfordshire 009E,E01028629,887,181,62,119,706,630,76
2021,South Oxfordshire 013A,E01028630,928,181,73,108,747,673,74
2021,South Oxfordshire 013B,E01028631,628,155,49,106,473,431,42
2021,South Oxfordshire 013C,E01028632,816,233,90,143,583,510,73
2021,South Oxfordshire 013D,E01028633,778,174,52,122,604,549,55
2021,South Oxfordshire 014A,E01028634,710,191,55,136,519,449,70
2021,South Oxfordshire 014B,E01028635,795,191,57,134,604,551,53
2021,South Oxfordshire 014C,E01028636,642,177,65,112,465,417,48
2021,South Oxfordshire 014D,E01028637,1204,307,93,214,897,796,101
2021,South Oxfordshire 002A,E01028638,818,236,88,148,582,459,123
2021,South Oxfordshire 002B,E01028639,749,238,88,150,511,398,113
2021,South Oxfordshire 002C,E01028640,685,206,79,127,479,395,84
2021,South Oxfordshire 006D,E01028641,549,171,53,118,378,291,87
2021,South Oxfordshire 018B,E01028642,712,216,88,128,496,376,120
2021,South Oxfordshire 018C,E01028643,646,185,86,99,461,330,131
2021,South Oxfordshire 015C,E01028644,734,233,99,134,501,386,115
2021,South Oxfordshire 018D,E01028645,593,184,87,97,409,316,93
2021,South Oxfordshire 004A,E01028646,615,185,72,113,430,324,106
2021,South Oxfordshire 004B,E01028647,843,255,106,149,588,450,138
2021,South Oxfordshire 015E,E01028649,720,237,111,126,483,347,136
2021,South Oxfordshire 016A,E01028650,1045,344,142,202,701,549,152
2021,South Oxfordshire 016B,E01028651,718,234,82,152,484,388,96
2021,South Oxfordshire 016C,E01028652,1055,306,142,164,749,594,155
2021,South Oxfordshire 017A,E01028653,848,251,105,146,597,474,123
2021,South Oxfordshire 017B,E01028654,754,244,117,127,510,376,134
2021,South Oxfordshire 017C,E01028655,944,249,94,155,695,543,152
2021,South Oxfordshire 017D,E01028656,550,175,83,92,375,265,110
2021,South Oxfordshire 006E,E01028657,650,186,66,120,464,418,46
2021,South Oxfordshire 006F,E01028658,677,213,87,126,464,371,93
2021,South Oxfordshire 020A,E01028659,822,273,118,155,549,402,147
2021,South Oxfordshire 019B,E01028660,991,328,152,176,663,470,193
2021,South Oxfordshire 019C,E01028661,692,229,131,98,463,323,140
2021,South Oxfordshire 019D,E01028662,630,210,109,101,420,289,131
2021,South Oxfordshire 020B,E01028663,754,258,96,162,496,392,104
2021,South Oxfordshire 020C,E01028664,610,178,81,97,432,366,66
2021,South Oxfordshire 020D,E01028665,626,177,68,109,449,366,83
2021,South Oxfordshire 001A,E01028666,816,227,95,132,589,493,96
2021,South Oxfordshire 001B,E01028667,771,215,73,142,556,481,75
2021,South Oxfordshire 001C,E01028668,607,197,66,131,410,339,71
2021,South Oxfordshire 001D,E01028669,670,192,58,134,478,418,60
2021,South Oxfordshire 003A,E01028670,709,237,106,131,472,370,102
2021,South Oxfordshire 003B,E01028671,761,209,89,120,552,453,99
2021,South Oxfordshire 003C,E01028672,1258,369,136,233,889,715,174
2021,South Oxfordshire 003D,E01028673,1056,275,86,189,781,646,135
2021,South Oxfordshire 012C,E01028674,637,202,64,138,435,369,66
2021,South Oxfordshire 012D,E01028675,689,201,56,145,488,426,62
2021,South Oxfordshire 012E,E01028676,1197,373,110,263,824,705,119
2021,South Oxfordshire 012F,E01028677,733,213,80,133,520,438,82
2021,South Oxfordshire 008A,E01028678,818,250,111,139,568,401,167
2021,South Oxfordshire 008B,E01028679,1155,365,154,211,790,583,207
2021,South Oxfordshire 008C,E01028680,828,264,110,154,564,443,121
2021,South Oxfordshire 004C,E01028681,646,203,79,124,443,355,88
2021,South Oxfordshire 004D,E01028682,586,173,58,115,413,354,59
2021,South Oxfordshire 002D,E01028683,726,204,69,135,522,451,71
2021,South Oxfordshire 004E,E01028684,752,205,63,142,547,462,85
2021,South Oxfordshire 018E,E01028685,610,207,101,106,403,328,75
2021,South Oxfordshire 018F,E01028686,642,183,78,105,459,355,104
2021,Vale of White Horse 005A,E01028688,610,169,46,123,441,403,38
2021,Vale of White Horse 005B,E01028689,803,218,66,152,585,530,55
2021,Vale of White Horse 008A,E01028690,805,217,67,150,588,526,62
2021,Vale of White Horse 008B,E01028691,848,233,61,172,615,540,75
2021,Vale of White Horse 008C,E01028692,653,181,49,132,472,431,41
2021,Vale of White Horse 004A,E01028693,806,253,84,169,553,476,77
2021,Vale of White Horse 004B,E01028694,859,205,58,147,654,582,72
2021,Vale of White Horse 005C,E01028695,797,236,79,157,561,488,73
2021,Vale of White Horse 006B,E01028696,628,205,86,119,423,353,70
2021,Vale of White Horse 006C,E01028697,811,220,68,152,591,529,62
2021,Vale of White Horse 006D,E01028698,868,188,67,121,680,586,94
2021,Vale of White Horse 005D,E01028699,746,224,67,157,522,441,81
2021,Vale of White Horse 006E,E01028700,864,238,72,166,626,547,79
2021,Vale of White Horse 004C,E01028701,824,215,82,133,609,533,76
2021,Vale of White Horse 008D,E01028702,578,145,43,102,433,375,58
2021,Vale of White Horse 006F,E01028703,931,217,59,158,714,646,68
2021,Vale of White Horse 008E,E01028704,907,232,72,160,675,595,80
2021,Vale of White Horse 004D,E01028705,607,161,58,103,446,385,61
2021,Vale of White Horse 004E,E01028706,767,176,49,127,591,533,58
2021,Vale of White Horse 004F,E01028707,813,213,76,137,600,555,45
2021,Vale of White Horse 001A,E01028708,935,273,102,171,662,561,101
2021,Vale of White Horse 001B,E01028709,948,274,104,170,674,550,124
2021,Vale of White Horse 001C,E01028710,1055,310,127,183,745,595,150
2021,Vale of White Horse 001D,E01028711,824,233,74,159,591,474,117
2021,Vale of White Horse 015A,E01028712,1032,317,120,197,715,552,163
2021,Vale of White Horse 016E,E01028713,1286,397,152,245,889,690,199
2021,Vale of White Horse 016F,E01028715,1244,265,93,172,979,824,155
2021,Vale of White Horse 009A,E01028716,1290,330,104,226,960,828,132
2021,Vale of White Horse 009B,E01028717,844,213,75,138,631,546,85
2021,Vale of White Horse 009C,E01028718,746,202,72,130,544,467,77
2021,Vale of White Horse 009D,E01028719,717,204,73,131,513,449,64
2021,Vale of White Horse 016G,E01028720,1277,361,149,212,916,719,197
2021,Vale of White Horse 011A,E01028721,733,176,54,122,557,496,61
2021,Vale of White Horse 011B,E01028722,742,189,61,128,553,474,79
2021,Vale of White Horse 011C,E01028723,1074,245,78,167,829,725,104
2021,Vale of White Horse 011D,E01028724,612,181,58,123,431,382,49
2021,Vale of White Horse 011E,E01028725,1598,379,127,252,1219,1075,144
2021,Vale of White Horse 007A,E01028726,1438,371,148,223,1067,825,242
2021,Vale of White Horse 015C,E01028728,601,161,49,112,440,356,84
2021,Vale of White Horse 015D,E01028729,997,228,84,144,769,624,145
2021,Vale of White Horse 015E,E01028730,811,227,97,130,584,460,124
2021,Vale of White Horse 010B,E01028731,1058,307,100,207,751,626,125
2021,Vale of White Horse 010C,E01028732,948,235,88,147,713,598,115
2021,Vale of White Horse 002A,E01028733,643,194,73,121,449,344,105
2021,Vale of White Horse 002B,E01028734,797,219,69,150,578,505,73
2021,Vale of White Horse 002C,E01028735,822,253,78,175,569,478,91
2021,Vale of White Horse 007C,E01028737,1200,392,160,232,808,614,194
2021,Vale of White Horse 003A,E01028738,1018,239,86,153,779,634,145
2021,Vale of White Horse 003B,E01028739,1150,305,118,187,845,717,128
2021,Vale of White Horse 002D,E01028740,953,268,106,162,685,598,87
2021,Vale of White Horse 002E,E01028741,967,301,121,180,666,532,134
2021,Vale of White Horse 002F,E01028742,1128,292,98,194,836,719,117
2021,Vale of White Horse 003C,E01028743,486,115,39,76,371,235,136
2021,Vale of White Horse 003D,E01028744,651,176,62,114,475,400,75
2021,Vale of White Horse 016A,E01028745,967,227,90,137,740,566,174
2021,Vale of White Horse 016B,E01028746,754,226,76,150,528,427,101
2021,Vale of White Horse 016C,E01028747,802,205,76,129,597,442,155
2021,Vale of White Horse 016D,E01028748,713,155,56,99,558,465,93
2021,Vale of White Horse 009E,E01028749,1304,370,144,226,934,760,174
2021,Vale of White Horse 003E,E01028750,658,186,72,114,472,406,66
2021,Vale of White Horse 003F,E01028751,633,191,82,109,442,335,107
2021,Vale of White Horse 003G,E01028752,840,229,93,136,611,511,100
2021,Vale of White Horse 010D,E01028753,877,250,83,167,627,541,86
2021,Vale of White Horse 010E,E01028754,822,215,81,134,607,492,115
2021,Vale of White Horse 014A,E01028755,957,265,93,172,692,577,115
2021,Vale of White Horse 015F,E01028757,1084,283,106,177,801,685,116
2021,Vale of White Horse 014C,E01028758,844,224,79,145,620,556,64
2021,Vale of White Horse 014D,E01028759,941,244,91,153,697,597,100
2021,Vale of White Horse 014E,E01028760,591,157,54,103,434,382,52
2021,Vale of White Horse 014F,E01028761,644,218,87,131,426,374,52
2021,West Oxfordshire 012A,E01028762,959,317,139,178,642,457,185
2021,West Oxfordshire 003A,E01028763,1027,311,125,186,716,527,189
2021,West Oxfordshire 015A,E01028764,914,300,126,174,614,476,138
2021,West Oxfordshire 015B,E01028765,1187,341,137,204,846,687,159
2021,West Oxfordshire 012C,E01028767,834,286,119,167,548,408,140
2021,West Oxfordshire 014A,E01028771,772,204,74,130,568,496,72
2021,West Oxfordshire 013D,E01028772,1365,320,99,221,1045,916,129
2021,West Oxfordshire 014B,E01028773,703,197,70,127,506,429,77
2021,West Oxfordshire 014C,E01028774,777,173,41,132,604,509,95
2021,West Oxfordshire 014D,E01028775,708,187,79,108,521,442,79
2021,West Oxfordshire 003B,E01028776,961,337,146,191,624,469,155
2021,West Oxfordshire 005A,E01028777,586,181,79,102,405,327,78
2021,West Oxfordshire 005B,E01028778,651,225,93,132,426,372,54
2021,West Oxfordshire 005C,E01028779,539,165,62,103,374,305,69
2021,West Oxfordshire 001A,E01028780,1106,327,138,189,779,633,146
2021,West Oxfordshire 001B,E01028781,912,276,89,187,636,564,72
2021,West Oxfordshire 001C,E01028782,771,243,94,149,528,446,82
2021,West Oxfordshire 001D,E01028783,784,260,105,155,524,454,70
2021,West Oxfordshire 007A,E01028784,1250,372,129,243,878,720,158
2021,West Oxfordshire 011A,E01028785,835,245,94,151,590,516,74
2021,West Oxfordshire 011B,E01028786,698,223,72,151,475,410,65
2021,West Oxfordshire 011C,E01028787,675,217,87,130,458,394,64
2021,West Oxfordshire 006A,E01028788,972,301,117,184,671,540,131
2021,West Oxfordshire 006B,E01028789,997,282,94,188,715,608,107
2021,West Oxfordshire 006C,E01028790,790,214,78,136,576,480,96
2021,West Oxfordshire 006D,E01028791,722,216,84,132,506,412,94
2021,West Oxfordshire 007B,E01028792,567,179,68,111,388,292,96
2021,West Oxfordshire 007C,E01028793,832,260,91,169,572,466,106
2021,West Oxfordshire 007D,E01028794,726,245,96,149,481,393,88
2021,West Oxfordshire 002A,E01028795,864,269,128,141,595,429,166
2021,West Oxfordshire 002B,E01028796,600,189,70,119,411,315,96
2021,West Oxfordshire 002C,E01028797,622,219,86,133,403,303,100
2021,West Oxfordshire 003C,E01028798,1082,352,147,205,730,590,140
2021,West Oxfordshire 005D,E01028799,1060,335,141,194,725,584,141
2021,West Oxfordshire 011D,E01028800,738,211,67,144,527,412,115
2021,West Oxfordshire 015C,E01028801,737,216,85,131,521,403,118
2021,West Oxfordshire 015D,E01028802,774,242,108,134,532,408,124
2021,West Oxfordshire 004B,E01028804,705,238,84,154,467,360,107
2021,West Oxfordshire 002D,E01028806,1047,331,119,212,716,561,155
2021,West Oxfordshire 010A,E01028807,1143,260,85,175,883,767,116
2021,West Oxfordshire 010B,E01028808,1145,316,114,202,829,725,104
2021,West Oxfordshire 009A,E01028809,550,187,66,121,363,326,37
2021,West Oxfordshire 008A,E01028810,782,222,76,146,560,485,75
2021,West Oxfordshire 008B,E01028811,620,196,78,118,424,376,48
2021,West Oxfordshire 008D,E01028813,670,198,68,130,472,408,64
2021,West Oxfordshire 008E,E01028814,784,231,96,135,553,478,75
2021,West Oxfordshire 008F,E01028815,543,175,62,113,368,308,60
2021,West Oxfordshire 010C,E01028816,695,206,73,133,489,435,54
2021,West Oxfordshire 010D,E01028817,805,217,73,144,588,522,66
2021,West Oxfordshire 010E,E01028818,858,214,71,143,644,525,119
2021,West Oxfordshire 010F,E01028819,841,240,90,150,601,530,71
2021,West Oxfordshire 009B,E01028820,1590,380,112,268,1210,1056,154
2021,West Oxfordshire 009C,E01028821,812,189,64,125,623,548,75
2021,West Oxfordshire 009D,E01028822,878,205,59,146,673,588,85
2021,West Oxfordshire 004D,E01028823,690,182,74,108,508,394,114
2021,West Oxfordshire 004E,E01028824,978,300,103,197,678,561,117
2021,West Oxfordshire 004F,E01028825,671,208,69,139,463,346,117
2021,Shropshire 027A,E01028826,811,237,86,151,574,486,88
2021,Shropshire 027B,E01028827,689,228,82,146,461,393,68
2021,Shropshire 034A,E01028828,801,257,95,162,544,406,138
2021,Shropshire 034B,E01028829,510,165,49,116,345,275,70
2021,Shropshire 031A,E01028830,556,181,65,116,375,301,74
2021,Shropshire 031B,E01028831,676,225,78,147,451,372,79
2021,Shropshire 033A,E01028832,760,252,96,156,508,409,99
2021,Shropshire 033B,E01028833,589,190,66,124,399,325,74
2021,Shropshire 033C,E01028834,687,232,91,141,455,380,75
2021,Shropshire 033D,E01028835,784,258,85,173,526,447,79
2021,Shropshire 031C,E01028836,616,173,56,117,443,371,72
2021,Shropshire 031D,E01028837,602,193,72,121,409,351,58
2021,Shropshire 029A,E01028838,689,233,69,164,456,377,79
2021,Shropshire 029B,E01028839,618,174,54,120,444,375,69
2021,Shropshire 029C,E01028840,661,196,70,126,465,380,85
2021,Shropshire 029D,E01028841,724,224,73,151,500,393,107
2021,Shropshire 034C,E01028842,875,289,111,178,586,428,158
2021,Shropshire 035A,E01028843,844,301,125,176,543,382,161
2021,Shropshire 027C,E01028844,1890,240,74,166,1650,1435,215
2021,Shropshire 027D,E01028845,823,262,83,179,561,458,103
2021,Shropshire 035B,E01028846,1189,375,151,224,814,623,191
2021,Shropshire 034D,E01028847,716,206,73,133,510,384,126
2021,Shropshire 035C,E01028848,739,236,76,160,503,425,78
2021,Shropshire 035D,E01028849,832,235,75,160,597,490,107
2021,Shropshire 029E,E01028850,1308,397,136,261,911,736,175
2021,Shropshire 029F,E01028851,717,234,90,144,483,334,149
2021,Shropshire 029G,E01028852,687,229,88,141,458,378,80
2021,Shropshire 025A,E01028853,563,173,59,114,390,350,40
2021,Shropshire 025B,E01028854,666,173,74,99,493,420,73
2021,Shropshire 025C,E01028855,1499,375,115,260,1124,935,189
2021,Shropshire 025D,E01028856,832,183,62,121,649,522,127
2021,Shropshire 035E,E01028858,905,281,108,173,624,429,195
2021,Shropshire 034E,E01028859,811,250,113,137,561,420,141
2021,Shropshire 010A,E01028860,1141,327,106,221,814,640,174
2021,Shropshire 013A,E01028861,675,205,67,138,470,366,104
2021,Shropshire 010B,E01028862,866,284,113,171,582,454,128
2021,Shropshire 010C,E01028863,666,216,85,131,450,346,104
2021,Shropshire 004A,E01028864,697,204,72,132,493,359,134
2021,Shropshire 004B,E01028865,740,231,84,147,509,405,104
2021,Shropshire 004C,E01028866,669,201,82,119,468,354,114
2021,Shropshire 004D,E01028867,787,215,61,154,572,480,92
2021,Shropshire 009A,E01028868,664,200,75,125,464,345,119
2021,Shropshire 009B,E01028869,910,242,75,167,668,510,158
2021,Shropshire 013B,E01028870,767,250,100,150,517,365,152
2021,Shropshire 009C,E01028871,653,204,94,110,449,351,98
2021,Shropshire 004E,E01028872,729,230,88,142,499,335,164
2021,Shropshire 005A,E01028873,955,302,92,210,653,537,116
2021,Shropshire 005B,E01028874,585,171,46,125,414,361,53
2021,Shropshire 005C,E01028875,1356,368,102,266,988,800,188
2021,Shropshire 005D,E01028876,819,243,60,183,576,468,108
2021,Shropshire 005E,E01028877,589,172,46,126,417,324,93
2021,Shropshire 005F,E01028878,690,214,88,126,476,377,99
2021,Shropshire 005G,E01028879,693,211,68,143,482,404,78
2021,Shropshire 002A,E01028880,778,237,72,165,541,423,118
2021,Shropshire 002B,E01028881,635,198,70,128,437,317,120
2021,Shropshire 002C,E01028882,796,257,94,163,539,360,179
2021,Shropshire 013C,E01028883,881,218,69,149,663,541,122
2021,Shropshire 013D,E01028884,727,209,60,149,518,420,98
2021,Shropshire 008A,E01028886,759,232,70,162,527,441,86
2021,Shropshire 008B,E01028887,719,223,61,162,496,388,108
2021,Shropshire 010D,E01028888,906,299,112,187,607,423,184
2021,Shropshire 008C,E01028889,745,247,90,157,498,406,92
2021,Shropshire 008D,E01028890,598,188,77,111,410,340,70
2021,Shropshire 001A,E01028891,786,237,73,164,549,460,89
2021,Shropshire 001B,E01028892,848,271,103,168,577,434,143
2021,Shropshire 002D,E01028893,758,230,101,129,528,392,136
2021,Shropshire 001C,E01028894,622,202,65,137,420,337,83
2021,Shropshire 001D,E01028895,798,247,85,162,551,460,91
2021,Shropshire 001E,E01028896,1032,322,90,232,710,575,135
2021,Shropshire 001F,E01028897,691,233,72,161,458,380,78
2021,Shropshire 010E,E01028898,782,258,102,156,524,375,149
2021,Shropshire 002E,E01028899,896,276,114,162,620,469,151
2021,Shropshire 006C,E01028902,500,178,51,127,322,272,50
2021,Shropshire 006D,E01028903,481,149,42,107,332,279,53
2021,Shropshire 006E,E01028904,739,205,52,153,534,444,90
2021,Shropshire 006F,E01028905,992,302,89,213,690,593,97
2021,Shropshire 007A,E01028906,736,204,63,141,532,456,76
2021,Shropshire 007B,E01028907,839,238,85,153,601,504,97
2021,Shropshire 007C,E01028908,800,208,62,146,592,539,53
2021,Shropshire 006G,E01028909,734,224,53,171,510,437,73
2021,Shropshire 003A,E01028910,614,209,81,128,405,312,93
2021,Shropshire 003B,E01028911,620,198,61,137,422,355,67
2021,Shropshire 003C,E01028912,643,211,70,141,432,370,62
2021,Shropshire 011A,E01028913,799,248,89,159,551,392,159
2021,Shropshire 012A,E01028914,475,159,60,99,316,225,91
2021,Shropshire 012B,E01028915,726,227,78,149,499,405,94
2021,Shropshire 007D,E01028916,552,199,63,136,353,288,65
2021,Shropshire 007E,E01028917,721,226,72,154,495,420,75
2021,Shropshire 011B,E01028918,753,222,63,159,531,402,129
2021,Shropshire 011C,E01028919,586,182,72,110,404,286,118
2021,Shropshire 003D,E01028920,570,173,45,128,397,326,71
2021,Shropshire 003E,E01028921,880,284,91,193,596,487,109
2021,Shropshire 012C,E01028922,647,204,75,129,443,326,117
2021,Shropshire 012D,E01028923,746,293,105,188,453,336,117
2021,Shropshire 007F,E01028924,937,296,86,210,641,529,112
2021,Shropshire 003F,E01028925,614,196,79,117,418,336,82
2021,Shropshire 003G,E01028926,645,209,59,150,436,364,72
2021,Shropshire 011D,E01028927,574,174,59,115,400,325,75
2021,Shropshire 011E,E01028928,745,211,57,154,534,437,97
2021,Shropshire 014A,E01028929,714,221,68,153,493,418,75
2021,Shropshire 017A,E01028930,1002,300,85,215,702,601,101
2021,Shropshire 017B,E01028931,1142,331,103,228,811,685,126
2021,Shropshire 015A,E01028933,809,263,72,191,546,477,69
2021,Shropshire 015B,E01028934,738,260,83,177,478,420,58
2021,Shropshire 024A,E01028935,715,246,85,161,469,407,62
2021,Shropshire 024B,E01028936,974,330,103,227,644,533,111
2021,Shropshire 024C,E01028937,708,247,80,167,461,387,74
2021,Shropshire 022A,E01028938,739,253,83,170,486,409,77
2021,Shropshire 022B,E01028939,873,261,92,169,612,508,104
2021,Shropshire 023A,E01028940,720,250,74,176,470,373,97
2021,Shropshire 020B,E01028942,884,258,87,171,626,511,115
2021,Shropshire 020C,E01028943,1132,338,98,240,794,684,110
2021,Shropshire 017C,E01028944,959,338,106,232,621,532,89
2021,Shropshire 017D,E01028945,1107,346,115,231,761,676,85
2021,Shropshire 021A,E01028947,666,191,56,135,475,408,67
2021,Shropshire 021B,E01028948,536,208,80,128,328,265,63
2021,Shropshire 021C,E01028949,666,226,82,144,440,348,92
2021,Shropshire 028A,E01028950,1313,420,176,244,893,655,238
2021,Shropshire 020D,E01028951,905,303,109,194,602,470,132
2021,Shropshire 023B,E01028952,770,241,86,155,529,458,71
2021,Shropshire 020E,E01028953,706,251,73,178,455,377,78
2021,Shropshire 026A,E01028954,604,185,84,101,419,313,106
2021,Shropshire 026B,E01028955,550,190,56,134,360,288,72
2021,Shropshire 015C,E01028956,739,227,55,172,512,436,76
2021,Shropshire 015D,E01028957,629,191,45,146,438,383,55
2021,Shropshire 015E,E01028958,787,267,77,190,520,453,67
2021,Shropshire 028B,E01028960,771,250,119,131,521,339,182
2021,Shropshire 028C,E01028961,711,220,91,129,491,337,154
2021,Shropshire 023C,E01028962,728,230,56,174,498,425,73
2021,Shropshire 023D,E01028963,752,266,98,168,486,402,84
2021,Shropshire 023E,E01028964,931,324,101,223,607,509,98
2021,Shropshire 018A,E01028965,572,198,50,148,374,328,46
2021,Shropshire 018B,E01028966,615,193,64,129,422,363,59
2021,Shropshire 018C,E01028967,620,214,67,147,406,339,67
2021,Shropshire 018D,E01028968,636,228,66,162,408,351,57
2021,Shropshire 014B,E01028969,780,248,84,164,532,391,141
2021,Shropshire 014C,E01028970,617,192,63,129,425,331,94
2021,Shropshire 014D,E01028971,1113,354,132,222,759,586,173
2021,Shropshire 019B,E01028972,913,320,122,198,593,490,103
2021,Shropshire 019C,E01028973,984,330,103,227,654,544,110
2021,Shropshire 023F,E01028974,588,174,66,108,414,286,128
2021,Shropshire 026C,E01028975,937,296,89,207,641,521,120
2021,Shropshire 026D,E01028976,774,257,101,156,517,373,144
2021,Shropshire 026E,E01028977,889,283,67,216,606,495,111
2021,Shropshire 014E,E01028978,954,297,103,194,657,490,167
2021,Shropshire 014F,E01028979,620,213,90,123,407,295,112
2021,Shropshire 028D,E01028980,1035,344,126,218,691,513,178
2021,Shropshire 016B,E01028981,882,285,81,204,597,517,80
2021,Shropshire 016C,E01028982,794,257,63,194,537,484,53
2021,Shropshire 016D,E01028983,921,328,81,247,593,512,81
2021,Shropshire 022C,E01028984,594,185,54,131,409,347,62
2021,Shropshire 021D,E01028985,564,170,39,131,394,352,42
2021,Shropshire 022D,E01028986,1132,341,97,244,791,681,110
2021,Shropshire 018E,E01028988,846,307,89,218,539,465,74
2021,Shropshire 018F,E01028989,743,238,61,177,505,404,101
2021,Shropshire 032A,E01028990,588,199,73,126,389,272,117
2021,Shropshire 030B,E01028992,629,235,76,159,394,318,76
2021,Shropshire 036A,E01028993,745,251,89,162,494,338,156
2021,Shropshire 037A,E01028994,531,166,45,121,365,266,99
2021,Shropshire 039A,E01028995,671,225,80,145,446,364,82
2021,Shropshire 039B,E01028996,611,221,104,117,390,279,111
2021,Shropshire 032B,E01028997,794,320,124,196,474,378,96
2021,Shropshire 032C,E01028998,860,312,118,194,548,437,111
2021,Shropshire 039C,E01028999,650,196,65,131,454,327,127
2021,Shropshire 039D,E01029000,529,191,80,111,338,265,73
2021,Shropshire 039E,E01029001,1008,321,120,201,687,546,141
2021,Shropshire 039F,E01029002,638,243,81,162,395,329,66
2021,Shropshire 037B,E01029003,1063,403,156,247,660,437,223
2021,Shropshire 037C,E01029005,545,199,87,112,346,251,95
2021,Shropshire 038A,E01029006,594,215,73,142,379,332,47
2021,Shropshire 038B,E01029007,456,166,51,115,290,258,32
2021,Shropshire 038D,E01029009,498,181,55,126,317,260,57
2021,Shropshire 038E,E01029010,642,236,76,160,406,355,51
2021,Shropshire 038F,E01029011,613,223,83,140,390,339,51
2021,Shropshire 038G,E01029012,909,328,117,211,581,471,110
2021,Shropshire 036C,E01029013,784,250,61,189,534,406,128
2021,Shropshire 036D,E01029014,530,172,46,126,358,300,58
2021,Shropshire 037D,E01029016,643,248,84,164,395,288,107
2021,Mendip 006A,E01029018,1256,432,165,267,824,603,221
2021,Mendip 013A,E01029019,1245,463,205,258,782,593,189
2021,Mendip 010A,E01029020,782,271,102,169,511,382,129
2021,Mendip 010B,E01029021,642,234,91,143,408,300,108
2021,Mendip 001A,E01029022,699,261,107,154,438,327,111
2021,Mendip 001B,E01029023,598,202,83,119,396,286,110
2021,Mendip 002A,E01029024,1115,389,157,232,726,563,163
2021,Mendip 002B,E01029025,617,217,85,132,400,320,80
2021,Mendip 010C,E01029027,762,242,100,142,520,402,118
2021,Mendip 010D,E01029028,552,179,50,129,373,300,73
2021,Mendip 007A,E01029029,722,267,100,167,455,370,85
2021,Mendip 003A,E01029030,986,323,100,223,663,570,93
2021,Mendip 003B,E01029031,746,246,92,154,500,422,78
2021,Mendip 003C,E01029032,386,160,71,89,226,180,46
2021,Mendip 003D,E01029033,726,230,78,152,496,415,81
2021,Mendip 003E,E01029034,666,220,77,143,446,375,71
2021,Mendip 004A,E01029036,926,361,117,244,565,476,89
2021,Mendip 007C,E01029037,713,245,91,154,468,382,86
2021,Mendip 007D,E01029038,798,274,102,172,524,443,81
2021,Mendip 007E,E01029039,678,244,74,170,434,359,75
2021,Mendip 007F,E01029040,835,277,88,189,558,460,98
2021,Mendip 004B,E01029041,970,360,113,247,610,508,102
2021,Mendip 004C,E01029042,681,240,92,148,441,370,71
2021,Mendip 004D,E01029043,870,284,114,170,586,486,100
2021,Mendip 001C,E01029044,727,267,94,173,460,401,59
2021,Mendip 004E,E01029045,800,289,117,172,511,428,83
2021,Mendip 011A,E01029046,641,264,109,155,377,313,64
2021,Mendip 012A,E01029047,690,266,89,177,424,355,69
2021,Mendip 011D,E01029050,1321,492,196,296,829,680,149
2021,Mendip 011E,E01029051,612,277,112,165,335,264,71
2021,Mendip 005A,E01029052,874,314,123,191,560,432,128
2021,Mendip 001D,E01029053,1147,436,187,249,711,515,196
2021,Mendip 012B,E01029054,850,304,104,200,546,396,150
2021,Mendip 012C,E01029055,576,216,78,138,360,285,75
2021,Mendip 006B,E01029056,1162,378,163,215,784,571,213
2021,Mendip 001E,E01029057,1066,358,129,229,708,506,202
2021,Mendip 010E,E01029058,1100,426,181,245,674,469,205
2021,Mendip 013B,E01029059,1068,390,169,221,678,508,170
2021,Mendip 005B,E01029060,982,344,155,189,638,456,182
2021,Mendip 009A,E01029062,828,234,81,153,594,539,55
2021,Mendip 009B,E01029063,1438,455,170,285,983,797,186
2021,Mendip 006C,E01029064,793,245,93,152,548,461,87
2021,Mendip 009C,E01029065,883,294,92,202,589,483,106
2021,Mendip 009D,E01029066,867,279,93,186,588,500,88
2021,Mendip 009E,E01029067,823,261,72,189,562,453,109
2021,Mendip 002D,E01029068,646,207,77,130,439,353,86
2021,Mendip 014A,E01029070,1347,435,161,274,912,785,127
2021,Mendip 014B,E01029071,751,258,83,175,493,416,77
2021,Mendip 014C,E01029072,721,224,70,154,497,430,67
2021,Mendip 014D,E01029073,565,218,92,126,347,291,56
2021,Mendip 012D,E01029074,681,234,103,131,447,343,104
2021,Mendip 014E,E01029075,538,181,54,127,357,303,54
2021,Mendip 012E,E01029076,1107,384,143,241,723,626,97
2021,Mendip 013C,E01029077,1037,339,121,218,698,476,222
2021,Mendip 008A,E01029078,751,256,93,163,495,409,86
2021,Mendip 008B,E01029079,654,265,90,175,389,334,55
2021,Mendip 008C,E01029080,838,318,121,197,520,431,89
2021,Mendip 008D,E01029081,876,282,106,176,594,490,104
2021,Mendip 008E,E01029082,538,193,87,106,345,287,58
2021,Mendip 005D,E01029083,451,184,85,99,267,200,67
2021,Mendip 006D,E01029084,618,227,71,156,391,319,72
2021,Sedgemoor 001A,E01029085,950,330,120,210,620,503,117
2021,Sedgemoor 003A,E01029086,1076,378,164,214,698,531,167
2021,Sedgemoor 002C,E01029089,1152,395,150,245,757,585,172
2021,Sedgemoor 010B,E01029091,884,231,77,154,653,576,77
2021,Sedgemoor 010C,E01029092,816,229,71,158,587,493,94
2021,Sedgemoor 008A,E01029093,744,209,58,151,535,448,87
2021,Sedgemoor 009A,E01029094,1097,276,84,192,821,689,132
2021,Sedgemoor 009B,E01029095,942,229,73,156,713,608,105
2021,Sedgemoor 008B,E01029096,890,219,71,148,671,589,82
2021,Sedgemoor 013A,E01029097,707,212,64,148,495,442,53
2021,Sedgemoor 013B,E01029098,853,202,58,144,651,512,139
2021,Sedgemoor 013C,E01029099,540,160,34,126,380,334,46
2021,Sedgemoor 013D,E01029100,695,224,71,153,471,406,65
2021,Sedgemoor 014A,E01029101,558,173,46,127,385,336,49
2021,Sedgemoor 011A,E01029102,1015,268,74,194,747,659,88
2021,Sedgemoor 011B,E01029103,693,209,74,135,484,413,71
2021,Sedgemoor 011C,E01029104,1022,305,114,191,717,601,116
2021,Sedgemoor 013E,E01029105,727,208,70,138,519,460,59
2021,Sedgemoor 008C,E01029106,616,215,75,140,401,352,49
2021,Sedgemoor 008D,E01029107,675,215,60,155,460,409,51
2021,Sedgemoor 010D,E01029108,946,282,81,201,664,585,79
2021,Sedgemoor 008E,E01029109,603,178,58,120,425,357,68
2021,Sedgemoor 009C,E01029110,1079,276,104,172,803,664,139
2021,Sedgemoor 009D,E01029111,1277,363,103,260,914,769,145
2021,Sedgemoor 009E,E01029112,1066,252,77,175,814,667,147
2021,Sedgemoor 002D,E01029113,601,181,69,112,420,332,88
2021,Sedgemoor 004A,E01029114,532,191,76,115,341,284,57
2021,Sedgemoor 002E,E01029115,658,223,62,161,435,380,55
2021,Sedgemoor 004B,E01029116,656,227,84,143,429,355,74
2021,Sedgemoor 004C,E01029117,691,231,85,146,460,392,68
2021,Sedgemoor 005A,E01029118,794,274,75,199,520,434,86
2021,Sedgemoor 004D,E01029119,605,185,54,131,420,349,71
2021,Sedgemoor 004E,E01029120,658,215,73,142,443,384,59
2021,Sedgemoor 007A,E01029121,588,185,72,113,403,305,98
2021,Sedgemoor 007B,E01029122,689,230,85,145,459,343,116
2021,Sedgemoor 007C,E01029123,500,174,52,122,326,264,62
2021,Sedgemoor 007D,E01029124,792,275,92,183,517,404,113
2021,Sedgemoor 007E,E01029125,678,217,101,116,461,330,131
2021,Sedgemoor 001B,E01029126,715,254,83,171,461,393,68
2021,Sedgemoor 001C,E01029127,696,228,100,128,468,397,71
2021,Sedgemoor 001D,E01029128,874,316,119,197,558,454,104
2021,Sedgemoor 001E,E01029129,1141,394,151,243,747,613,134
2021,Sedgemoor 012A,E01029130,927,341,132,209,586,448,138
2021,Sedgemoor 005B,E01029131,1064,331,106,225,733,652,81
2021,Sedgemoor 005C,E01029132,589,202,64,138,387,326,61
2021,Sedgemoor 005D,E01029133,502,185,72,113,317,255,62
2021,Sedgemoor 005E,E01029134,826,288,94,194,538,444,94
2021,Sedgemoor 006A,E01029135,771,249,94,155,522,406,116
2021,Sedgemoor 006B,E01029136,1043,339,118,221,704,553,151
2021,Sedgemoor 012B,E01029137,860,293,101,192,567,440,127
2021,Sedgemoor 012C,E01029138,703,227,78,149,476,402,74
2021,Sedgemoor 012D,E01029139,716,240,76,164,476,355,121
2021,Sedgemoor 014C,E01029142,700,228,66,162,472,393,79
2021,Sedgemoor 014D,E01029143,641,194,57,137,447,365,82
2021,Sedgemoor 014E,E01029144,642,211,87,124,431,335,96
2021,Sedgemoor 006C,E01029145,1135,333,85,248,802,655,147
2021,Sedgemoor 003B,E01029147,780,297,138,159,483,337,146
2021,Sedgemoor 003C,E01029148,717,255,121,134,462,329,133
2021,Sedgemoor 003D,E01029149,701,244,117,127,457,333,124
2021,Sedgemoor 012E,E01029150,609,198,74,124,411,315,96
2021,Sedgemoor 012F,E01029151,603,206,84,122,397,320,77
2021,Sedgemoor 006D,E01029152,938,268,88,180,670,564,106
2021,South Somerset 024A,E01029153,1076,380,149,231,696,493,203
2021,South Somerset 008A,E01029154,856,286,122,164,570,433,137
2021,South Somerset 005A,E01029155,794,296,103,193,498,349,149
2021,South Somerset 008B,E01029156,947,315,116,199,632,511,121
2021,South Somerset 001A,E01029157,603,226,91,135,377,282,95
2021,South Somerset 001B,E01029158,660,218,79,139,442,321,121
2021,South Somerset 018A,E01029159,1160,282,81,201,878,768,110
2021,South Somerset 013A,E01029161,866,247,73,174,619,558,61
2021,South Somerset 013B,E01029162,786,192,58,134,594,529,65
2021,South Somerset 010A,E01029163,1085,391,159,232,694,549,145
2021,South Somerset 006A,E01029164,740,242,81,161,498,380,118
2021,South Somerset 006B,E01029165,493,163,66,97,330,269,61
2021,South Somerset 002A,E01029166,1192,429,164,265,763,548,215
2021,South Somerset 002B,E01029167,752,270,110,160,482,383,99
2021,South Somerset 002C,E01029168,785,260,92,168,525,427,98
2021,South Somerset 022A,E01029169,835,244,64,180,591,510,81
2021,South Somerset 023A,E01029170,536,160,40,120,376,341,35
2021,South Somerset 023B,E01029171,1029,290,98,192,739,650,89
2021,South Somerset 022B,E01029172,731,227,68,159,504,433,71
2021,South Somerset 022C,E01029173,713,206,62,144,507,460,47
2021,South Somerset 023C,E01029174,476,138,44,94,338,284,54
2021,South Somerset 023D,E01029175,1026,291,100,191,735,657,78
2021,South Somerset 022D,E01029176,645,205,69,136,440,367,73
2021,South Somerset 022E,E01029177,521,170,58,112,351,306,45
2021,South Somerset 020A,E01029178,669,219,84,135,450,346,104
2021,South Somerset 020B,E01029179,479,162,48,114,317,283,34
2021,South Somerset 020C,E01029180,684,212,85,127,472,349,123
2021,South Somerset 020D,E01029181,612,193,66,127,419,352,67
2021,South Somerset 021A,E01029182,776,243,82,161,533,433,100
2021,South Somerset 021B,E01029183,806,247,80,167,559,493,66
2021,South Somerset 021C,E01029184,769,270,104,166,499,417,82
2021,South Somerset 021D,E01029185,774,251,92,159,523,437,86
2021,South Somerset 021E,E01029186,650,220,71,149,430,365,65
2021,South Somerset 007A,E01029187,517,212,75,137,305,255,50
2021,South Somerset 007B,E01029188,641,232,95,137,409,335,74
2021,South Somerset 017A,E01029189,511,179,60,119,332,290,42
2021,South Somerset 017B,E01029190,638,219,84,135,419,336,83
2021,South Somerset 017C,E01029191,553,191,69,122,362,292,70
2021,South Somerset 017D,E01029192,674,243,70,173,431,367,64
2021,South Somerset 019A,E01029193,896,303,106,197,593,501,92
2021,South Somerset 019B,E01029194,1169,388,135,253,781,665,116
2021,South Somerset 019C,E01029195,678,200,63,137,478,417,61
2021,South Somerset 007C,E01029196,807,312,112,200,495,383,112
2021,South Somerset 007D,E01029197,558,184,65,119,374,295,79
2021,South Somerset 006C,E01029198,625,160,56,104,465,375,90
2021,South Somerset 006D,E01029199,1748,389,118,271,1359,1039,320
2021,South Somerset 004A,E01029200,723,250,87,163,473,383,90
2021,South Somerset 004B,E01029201,811,270,103,167,541,441,100
2021,South Somerset 009A,E01029202,513,156,49,107,357,293,64
2021,South Somerset 009B,E01029203,718,236,86,150,482,381,101
2021,South Somerset 009C,E01029204,550,184,65,119,366,300,66
2021,South Somerset 009D,E01029205,806,260,104,156,546,455,91
2021,South Somerset 008C,E01029206,800,264,88,176,536,434,102
2021,South Somerset 008D,E01029207,667,237,88,149,430,343,87
2021,South Somerset 019D,E01029208,572,201,68,133,371,291,80
2021,South Somerset 019E,E01029209,607,206,66,140,401,299,102
2021,South Somerset 002D,E01029210,872,304,118,186,568,448,120
2021,South Somerset 002E,E01029211,589,221,85,136,368,281,87
2021,South Somerset 017E,E01029212,505,173,59,114,332,261,71
2021,South Somerset 017F,E01029213,564,185,64,121,379,276,103
2021,South Somerset 017G,E01029214,545,174,68,106,371,297,74
2021,South Somerset 017H,E01029215,496,152,52,100,344,283,61
2021,South Somerset 010B,E01029216,680,230,80,150,450,363,87
2021,South Somerset 010C,E01029217,709,247,82,165,462,381,81
2021,South Somerset 010D,E01029218,840,309,110,199,531,428,103
2021,South Somerset 024B,E01029219,637,220,85,135,417,334,83
2021,South Somerset 024C,E01029220,562,174,45,129,388,328,60
2021,South Somerset 001C,E01029221,1189,447,202,245,742,493,249
2021,South Somerset 004C,E01029222,803,268,108,160,535,395,140
2021,South Somerset 004D,E01029223,555,218,81,137,337,248,89
2021,South Somerset 003A,E01029224,941,319,139,180,622,467,155
2021,South Somerset 003B,E01029225,1113,354,99,255,759,612,147
2021,South Somerset 003C,E01029226,638,210,80,130,428,352,76
2021,South Somerset 005B,E01029227,1108,354,125,229,754,610,144
2021,South Somerset 005C,E01029228,1041,332,114,218,709,577,132
2021,South Somerset 005D,E01029229,1061,313,101,212,748,609,139
2021,South Somerset 024D,E01029230,1040,385,145,240,655,474,181
2021,South Somerset 014A,E01029231,737,208,67,141,529,466,63
2021,South Somerset 015A,E01029232,877,239,76,163,638,568,70
2021,South Somerset 014B,E01029233,841,234,67,167,607,541,66
2021,South Somerset 014C,E01029235,650,182,55,127,468,404,64
2021,South Somerset 014D,E01029236,675,219,64,155,456,402,54
2021,South Somerset 014E,E01029237,740,242,60,182,498,435,63
2021,South Somerset 011A,E01029238,697,206,52,154,491,436,55
2021,South Somerset 015C,E01029239,862,230,70,160,632,568,64
2021,South Somerset 015D,E01029240,867,239,70,169,628,541,87
2021,South Somerset 016A,E01029241,1171,310,69,241,861,769,92
2021,South Somerset 018B,E01029242,745,206,52,154,539,475,64
2021,South Somerset 018C,E01029243,661,213,63,150,448,378,70
2021,South Somerset 018D,E01029244,687,208,66,142,479,409,70
2021,South Somerset 016B,E01029245,1150,334,90,244,816,721,95
2021,South Somerset 016C,E01029246,672,173,52,121,499,437,62
2021,South Somerset 013C,E01029247,644,221,60,161,423,381,42
2021,South Somerset 012B,E01029248,684,197,59,138,487,429,58
2021,South Somerset 016D,E01029249,587,184,50,134,403,372,31
2021,South Somerset 012C,E01029250,571,171,56,115,400,347,53
2021,South Somerset 012D,E01029251,840,237,68,169,603,514,89
2021,South Somerset 011B,E01029252,661,171,48,123,490,433,57
2021,South Somerset 011D,E01029254,573,183,61,122,390,337,53
2021,South Somerset 013D,E01029255,626,185,64,121,441,384,57
2021,Somerset West and Taunton 012A,E01029256,1004,306,85,221,698,577,121
2021,Somerset West and Taunton 012B,E01029257,1091,360,111,249,731,642,89
2021,Somerset West and Taunton 006A,E01029258,796,259,105,154,537,436,101
2021,Somerset West and Taunton 006B,E01029259,623,209,73,136,414,330,84
2021,Somerset West and Taunton 006C,E01029260,1256,379,108,271,877,733,144
2021,Somerset West and Taunton 019A,E01029261,1111,413,157,256,698,505,193
2021,Somerset West and Taunton 017A,E01029262,1098,396,157,239,702,522,180
2021,Somerset West and Taunton 016A,E01029263,710,244,83,161,466,409,57
2021,Somerset West and Taunton 016B,E01029264,618,212,52,160,406,351,55
2021,Somerset West and Taunton 016C,E01029265,606,216,72,144,390,334,56
2021,Somerset West and Taunton 015A,E01029266,510,152,47,105,358,308,50
2021,Somerset West and Taunton 013A,E01029267,771,301,126,175,470,379,91
2021,Somerset West and Taunton 006D,E01029268,793,272,105,167,521,373,148
2021,Somerset West and Taunton 017B,E01029269,1047,321,115,206,726,543,183
2021,Somerset West and Taunton 019B,E01029270,1046,353,142,211,693,510,183
2021,Somerset West and Taunton 009A,E01029271,838,293,111,182,545,424,121
2021,Somerset West and Taunton 009B,E01029273,647,192,51,141,455,372,83
2021,Somerset West and Taunton 009C,E01029274,829,293,115,178,536,425,111
2021,Somerset West and Taunton 009D,E01029275,536,189,67,122,347,280,67
2021,Somerset West and Taunton 007A,E01029276,625,200,64,136,425,330,95
2021,Somerset West and Taunton 012C,E01029277,766,210,57,153,556,490,66
2021,Somerset West and Taunton 007B,E01029278,669,231,75,156,438,328,110
2021,Somerset West and Taunton 009E,E01029279,776,266,99,167,510,387,123
2021,Somerset West and Taunton 014A,E01029280,837,253,63,190,584,510,74
2021,Somerset West and Taunton 014B,E01029281,784,253,69,184,531,450,81
2021,Somerset West and Taunton 008A,E01029282,819,249,80,169,570,511,59
2021,Somerset West and Taunton 014C,E01029283,856,304,87,217,552,476,76
2021,Somerset West and Taunton 015B,E01029284,824,198,78,120,626,548,78
2021,Somerset West and Taunton 011A,E01029285,1470,363,105,258,1107,948,159
2021,Somerset West and Taunton 015C,E01029286,902,226,75,151,676,585,91
2021,Somerset West and Taunton 011B,E01029287,915,237,74,163,678,585,93
2021,Somerset West and Taunton 011C,E01029288,773,220,65,155,553,465,88
2021,Somerset West and Taunton 011D,E01029289,979,246,74,172,733,627,106
2021,Somerset West and Taunton 007C,E01029290,747,211,65,146,536,451,85
2021,Somerset West and Taunton 008B,E01029291,728,195,58,137,533,481,52
2021,Somerset West and Taunton 014D,E01029292,653,220,60,160,433,379,54
2021,Somerset West and Taunton 014E,E01029293,633,217,57,160,416,353,63
2021,Somerset West and Taunton 008C,E01029294,966,321,96,225,645,571,74
2021,Somerset West and Taunton 019C,E01029295,783,247,78,169,536,451,85
2021,Somerset West and Taunton 019D,E01029296,936,290,95,195,646,514,132
2021,Somerset West and Taunton 010A,E01029297,574,169,51,118,405,361,44
2021,Somerset West and Taunton 010B,E01029298,674,208,54,154,466,407,59
2021,Somerset West and Taunton 011E,E01029299,779,248,96,152,531,468,63
2021,Somerset West and Taunton 011F,E01029300,1287,316,111,205,971,829,142
2021,Somerset West and Taunton 015D,E01029301,907,275,115,160,632,551,81
2021,Somerset West and Taunton 016D,E01029302,831,246,73,173,585,484,101
2021,Somerset West and Taunton 015E,E01029303,787,249,93,156,538,446,92
2021,Somerset West and Taunton 010C,E01029304,631,213,63,150,418,346,72
2021,Somerset West and Taunton 010D,E01029305,663,210,63,147,453,397,56
2021,Somerset West and Taunton 007D,E01029306,610,199,60,139,411,344,67
2021,Somerset West and Taunton 010E,E01029307,586,181,39,142,405,354,51
2021,Somerset West and Taunton 016E,E01029308,912,329,119,210,583,462,121
2021,Somerset West and Taunton 017C,E01029310,805,239,75,164,566,468,98
2021,Somerset West and Taunton 018A,E01029311,1151,318,102,216,833,705,128
2021,Somerset West and Taunton 018B,E01029312,679,202,43,159,477,410,67
2021,Somerset West and Taunton 018C,E01029313,889,243,81,162,646,553,93
2021,Somerset West and Taunton 017D,E01029315,575,208,64,144,367,309,58
2021,Somerset West and Taunton 018D,E01029316,845,270,96,174,575,472,103
2021,Somerset West and Taunton 008D,E01029317,1012,267,79,188,745,641,104
2021,Somerset West and Taunton 007E,E01029319,1209,334,102,232,875,727,148
2021,Somerset West and Taunton 013B,E01029320,804,284,82,202,520,429,91
2021,Somerset West and Taunton 013C,E01029321,1134,405,162,243,729,489,240
2021,Somerset West and Taunton 002A,E01029322,671,248,95,153,423,370,53
2021,Somerset West and Taunton 001A,E01029324,785,300,96,204,485,443,42
2021,Somerset West and Taunton 005A,E01029325,869,346,144,202,523,389,134
2021,Somerset West and Taunton 003A,E01029326,471,179,73,106,292,246,46
2021,Somerset West and Taunton 004A,E01029327,942,392,157,235,550,360,190
2021,Somerset West and Taunton 005B,E01029328,794,288,131,157,506,374,132
2021,Somerset West and Taunton 001B,E01029329,748,288,113,175,460,389,71
2021,Somerset West and Taunton 001C,E01029330,682,256,109,147,426,360,66
2021,Somerset West and Taunton 002B,E01029331,459,170,58,112,289,245,44
2021,Somerset West and Taunton 002C,E01029333,437,165,50,115,272,230,42
2021,Somerset West and Taunton 003B,E01029334,418,157,60,97,261,213,48
2021,Somerset West and Taunton 004B,E01029335,521,204,88,116,317,249,68
2021,Somerset West and Taunton 002D,E01029336,828,321,141,180,507,352,155
2021,Somerset West and Taunton 004C,E01029337,980,318,125,193,662,481,181
2021,Somerset West and Taunton 005C,E01029338,811,280,124,156,531,340,191
2021,Somerset West and Taunton 003C,E01029339,648,254,75,179,394,337,57
2021,Somerset West and Taunton 003D,E01029341,512,196,76,120,316,257,59
2021,Somerset West and Taunton 004D,E01029342,385,137,61,76,248,190,58
2021,Somerset West and Taunton 004E,E01029343,640,231,78,153,409,338,71
2021,Cannock Chase 003A,E01029345,1023,253,99,154,770,643,127
2021,Cannock Chase 003B,E01029346,741,235,65,170,506,423,83
2021,Cannock Chase 003C,E01029347,699,195,58,137,504,418,86
2021,Cannock Chase 003D,E01029348,827,221,70,151,606,505,101
2021,Cannock Chase 008A,E01029349,573,154,41,113,419,364,55
2021,Cannock Chase 008B,E01029350,634,182,58,124,452,392,60
2021,Cannock Chase 008C,E01029351,687,203,53,150,484,417,67
2021,Cannock Chase 008D,E01029352,660,189,67,122,471,401,70
2021,Cannock Chase 011A,E01029353,537,148,45,103,389,324,65
2021,Cannock Chase 007A,E01029354,663,191,54,137,472,403,69
2021,Cannock Chase 007B,E01029355,628,193,52,141,435,354,81
2021,Cannock Chase 007C,E01029356,591,178,51,127,413,354,59
2021,Cannock Chase 007D,E01029357,738,207,67,140,531,451,80
2021,Cannock Chase 007E,E01029358,505,154,37,117,351,285,66
2021,Cannock Chase 012A,E01029359,1178,304,75,229,874,741,133
2021,Cannock Chase 012B,E01029360,664,182,63,119,482,417,65
2021,Cannock Chase 012C,E01029361,623,201,58,143,422,369,53
2021,Cannock Chase 012D,E01029362,757,228,69,159,529,455,74
2021,Cannock Chase 012E,E01029363,632,169,46,123,463,402,61
2021,Cannock Chase 011B,E01029364,823,272,94,178,551,455,96
2021,Cannock Chase 011C,E01029365,715,211,75,136,504,429,75
2021,Cannock Chase 011D,E01029366,718,226,102,124,492,387,105
2021,Cannock Chase 011E,E01029367,1037,296,93,203,741,630,111
2021,Cannock Chase 001A,E01029368,546,148,49,99,398,319,79
2021,Cannock Chase 001B,E01029369,592,161,42,119,431,380,51
2021,Cannock Chase 001C,E01029370,628,177,75,102,451,362,89
2021,Cannock Chase 001D,E01029371,782,218,62,156,564,481,83
2021,Cannock Chase 002A,E01029372,549,167,58,109,382,321,61
2021,Cannock Chase 002B,E01029373,1081,293,90,203,788,666,122
2021,Cannock Chase 003E,E01029374,1128,303,103,200,825,695,130
2021,Cannock Chase 010A,E01029375,1320,366,100,266,954,795,159
2021,Cannock Chase 010B,E01029376,998,256,90,166,742,625,117
2021,Cannock Chase 010C,E01029377,848,243,79,164,605,519,86
2021,Cannock Chase 010D,E01029378,916,271,73,198,645,558,87
2021,Cannock Chase 006A,E01029379,984,269,76,193,715,608,107
2021,Cannock Chase 009A,E01029380,849,216,66,150,633,539,94
2021,Cannock Chase 009B,E01029381,620,178,50,128,442,379,63
2021,Cannock Chase 009C,E01029382,816,223,69,154,593,501,92
2021,Cannock Chase 004A,E01029383,1083,287,89,198,796,681,115
2021,Cannock Chase 004B,E01029385,772,218,63,155,554,456,98
2021,Cannock Chase 005B,E01029386,683,196,61,135,487,424,63
2021,Cannock Chase 005C,E01029387,676,193,78,115,483,421,62
2021,Cannock Chase 004C,E01029388,613,171,45,126,442,383,59
2021,Cannock Chase 005D,E01029389,900,220,59,161,680,575,105
2021,Cannock Chase 004D,E01029390,452,150,38,112,302,255,47
2021,Cannock Chase 009D,E01029391,844,230,78,152,614,520,94
2021,Cannock Chase 009E,E01029392,1187,327,102,225,860,731,129
2021,Cannock Chase 008E,E01029393,780,232,86,146,548,470,78
2021,Cannock Chase 013A,E01029394,684,183,50,133,501,428,73
2021,Cannock Chase 013B,E01029395,1407,359,84,275,1048,877,171
2021,Cannock Chase 013C,E01029396,820,225,86,139,595,521,74
2021,Cannock Chase 013D,E01029397,1240,320,90,230,920,769,151
2021,Cannock Chase 006B,E01029398,751,231,81,150,520,430,90
2021,Cannock Chase 006C,E01029399,793,202,58,144,591,488,103
2021,Cannock Chase 006D,E01029400,808,231,70,161,577,485,92
2021,Cannock Chase 002C,E01029401,746,218,71,147,528,454,74
2021,Cannock Chase 001E,E01029402,1008,303,89,214,705,589,116
2021,Cannock Chase 002D,E01029403,640,197,68,129,443,383,60
2021,Cannock Chase 002E,E01029404,731,206,69,137,525,424,101
2021,East Staffordshire 001A,E01029405,759,217,73,144,542,396,146
2021,East Staffordshire 001B,E01029406,679,191,80,111,488,330,158
2021,East Staffordshire 011A,E01029407,755,191,64,127,564,519,45
2021,East Staffordshire 011B,E01029408,1147,278,79,199,869,817,52
2021,East Staffordshire 011C,E01029409,1005,255,78,177,750,681,69
2021,East Staffordshire 011D,E01029410,793,219,67,152,574,520,54
2021,East Staffordshire 006A,E01029411,709,236,96,140,473,315,158
2021,East Staffordshire 006B,E01029412,615,199,91,108,416,317,99
2021,East Staffordshire 013A,E01029413,695,183,63,120,512,452,60
2021,East Staffordshire 013B,E01029414,854,256,89,167,598,531,67
2021,East Staffordshire 013C,E01029415,964,228,69,159,736,644,92
2021,East Staffordshire 013D,E01029416,1355,299,111,188,1056,881,175
2021,East Staffordshire 013E,E01029417,1022,239,76,163,783,647,136
2021,East Staffordshire 012A,E01029418,1042,292,112,180,750,613,137
2021,East Staffordshire 012B,E01029419,759,220,70,150,539,444,95
2021,East Staffordshire 012C,E01029420,791,228,83,145,563,493,70
2021,East Staffordshire 001C,E01029422,556,153,57,96,403,261,142
2021,East Staffordshire 001D,E01029423,767,231,71,160,536,429,107
2021,East Staffordshire 006C,E01029424,486,148,54,94,338,250,88
2021,East Staffordshire 006D,E01029425,948,334,128,206,614,446,168
2021,East Staffordshire 008A,E01029426,1091,281,92,189,810,710,100
2021,East Staffordshire 008B,E01029427,713,227,74,153,486,422,64
2021,East Staffordshire 008C,E01029428,1372,332,105,227,1040,894,146
2021,East Staffordshire 008D,E01029429,626,211,58,153,415,368,47
2021,East Staffordshire 002A,E01029430,1351,344,104,240,1007,795,212
2021,East Staffordshire 002B,E01029431,821,250,70,180,571,492,79
2021,East Staffordshire 002C,E01029432,630,192,64,128,438,371,67
2021,East Staffordshire 002D,E01029433,763,223,79,144,540,460,80
2021,East Staffordshire 007A,E01029434,764,221,66,155,543,481,62
2021,East Staffordshire 007B,E01029435,699,195,66,129,504,446,58
2021,East Staffordshire 007C,E01029436,802,222,62,160,580,521,59
2021,East Staffordshire 007D,E01029437,1255,348,92,256,907,785,122
2021,East Staffordshire 007E,E01029438,631,184,58,126,447,391,56
2021,East Staffordshire 015A,E01029439,615,179,62,117,436,353,83
2021,East Staffordshire 015B,E01029440,637,200,82,118,437,318,119
2021,East Staffordshire 015C,E01029441,754,229,90,139,525,403,122
2021,East Staffordshire 015D,E01029442,811,225,77,148,586,474,112
2021,East Staffordshire 004A,E01029443,777,237,90,147,540,436,104
2021,East Staffordshire 004B,E01029444,657,198,75,123,459,371,88
2021,East Staffordshire 009A,E01029445,1268,262,88,174,1006,892,114
2021,East Staffordshire 009B,E01029446,1065,285,87,198,780,679,101
2021,East Staffordshire 009C,E01029447,773,205,56,149,568,525,43
2021,East Staffordshire 009D,E01029448,796,216,82,134,580,529,51
2021,East Staffordshire 014A,E01029449,778,206,56,150,572,500,72
2021,East Staffordshire 014B,E01029450,677,185,54,131,492,437,55
2021,East Staffordshire 014C,E01029451,821,207,57,150,614,523,91
2021,East Staffordshire 014D,E01029452,746,202,64,138,544,460,84
2021,East Staffordshire 014E,E01029453,645,185,54,131,460,392,68
2021,East Staffordshire 005A,E01029454,674,221,78,143,453,359,94
2021,East Staffordshire 005B,E01029455,844,238,74,164,606,530,76
2021,East Staffordshire 005C,E01029456,633,171,47,124,462,385,77
2021,East Staffordshire 005D,E01029457,703,220,72,148,483,417,66
2021,East Staffordshire 005E,E01029458,842,238,76,162,604,520,84
2021,East Staffordshire 003A,E01029459,882,262,90,172,620,518,102
2021,East Staffordshire 003B,E01029460,874,260,89,171,614,508,106
2021,East Staffordshire 003C,E01029461,1055,280,82,198,775,663,112
2021,East Staffordshire 003D,E01029462,786,238,93,145,548,451,97
2021,East Staffordshire 004C,E01029463,646,206,70,136,440,353,87
2021,East Staffordshire 004D,E01029464,689,188,71,117,501,420,81
2021,East Staffordshire 004E,E01029465,1089,325,108,217,764,628,136
2021,East Staffordshire 004F,E01029466,1160,316,122,194,844,705,139
2021,East Staffordshire 001E,E01029467,985,278,98,180,707,536,171
2021,East Staffordshire 010A,E01029468,653,197,68,129,456,386,70
2021,East Staffordshire 010B,E01029469,835,258,88,170,577,490,87
2021,East Staffordshire 010C,E01029470,770,189,56,133,581,489,92
2021,East Staffordshire 010D,E01029471,887,231,69,162,656,552,104
2021,East Staffordshire 010E,E01029472,643,184,58,126,459,408,51
2021,East Staffordshire 006E,E01029473,764,232,83,149,532,378,154
2021,East Staffordshire 006F,E01029474,513,152,62,90,361,294,67
2021,Lichfield 009A,E01029475,951,286,103,183,665,570,95
2021,Lichfield 009B,E01029476,656,188,71,117,468,395,73
2021,Lichfield 002A,E01029477,733,247,97,150,486,379,107
2021,Lichfield 002B,E01029478,691,214,77,137,477,382,95
2021,Lichfield 001A,E01029480,1034,287,92,195,747,618,129
2021,Lichfield 001C,E01029482,714,212,66,146,502,421,81
2021,Lichfield 005A,E01029483,650,204,74,130,446,359,87
2021,Lichfield 005B,E01029484,819,207,77,130,612,505,107
2021,Lichfield 005C,E01029485,659,206,70,136,453,394,59
2021,Lichfield 003A,E01029486,609,172,45,127,437,372,65
2021,Lichfield 006A,E01029487,671,203,60,143,468,401,67
2021,Lichfield 012A,E01029488,1010,338,138,200,672,535,137
2021,Lichfield 009C,E01029489,639,200,73,127,439,358,81
2021,Lichfield 009D,E01029490,682,188,54,134,494,430,64
2021,Lichfield 007A,E01029491,782,226,83,143,556,472,84
2021,Lichfield 004A,E01029492,782,274,93,181,508,445,63
2021,Lichfield 006B,E01029493,977,268,80,188,709,589,120
2021,Lichfield 006C,E01029494,756,232,70,162,524,442,82
2021,Lichfield 006D,E01029495,786,217,74,143,569,493,76
2021,Lichfield 010A,E01029496,865,251,66,185,614,549,65
2021,Lichfield 001D,E01029498,990,316,112,204,674,507,167
2021,Lichfield 004B,E01029499,701,233,95,138,468,398,70
2021,Lichfield 005D,E01029500,742,222,65,157,520,439,81
2021,Lichfield 004C,E01029501,664,239,93,146,425,344,81
2021,Lichfield 012B,E01029502,758,233,83,150,525,437,88
2021,Lichfield 012C,E01029503,720,226,81,145,494,409,85
2021,Lichfield 012D,E01029504,795,211,79,132,584,487,97
2021,Lichfield 009E,E01029505,767,226,89,137,541,425,116
2021,Lichfield 009F,E01029506,708,221,73,148,487,420,67
2021,Lichfield 003B,E01029507,808,268,92,176,540,423,117
2021,Lichfield 003C,E01029508,1085,309,113,196,776,633,143
2021,Lichfield 002D,E01029509,758,268,100,168,490,347,143
2021,Lichfield 007B,E01029511,753,221,82,139,532,423,109
2021,Lichfield 007C,E01029512,1064,315,112,203,749,585,164
2021,Lichfield 011A,E01029513,681,204,82,122,477,365,112
2021,Lichfield 011B,E01029514,762,248,109,139,514,378,136
2021,Lichfield 003D,E01029515,905,306,133,173,599,440,159
2021,Lichfield 008A,E01029516,957,279,124,155,678,512,166
2021,Lichfield 008B,E01029517,1039,295,99,196,744,588,156
2021,Lichfield 007D,E01029518,1389,335,109,226,1054,842,212
2021,Lichfield 007E,E01029519,1056,309,110,199,747,637,110
2021,Lichfield 005E,E01029520,682,227,101,126,455,356,99
2021,Lichfield 011C,E01029521,816,291,131,160,525,385,140
2021,Lichfield 011D,E01029522,704,201,69,132,503,395,108
2021,Lichfield 011E,E01029523,728,248,100,148,480,386,94
2021,Lichfield 005F,E01029524,799,215,82,133,584,501,83
2021,Lichfield 005G,E01029525,863,215,75,140,648,534,114
2021,Lichfield 004E,E01029526,736,193,82,111,543,460,83
2021,Lichfield 010B,E01029527,503,149,47,102,354,303,51
2021,Lichfield 010C,E01029528,610,172,55,117,438,356,82
2021,Lichfield 010D,E01029529,643,182,53,129,461,396,65
2021,Lichfield 008D,E01029531,765,250,116,134,515,416,99
2021,Newcastle-under-Lyme 005A,E01029532,773,264,108,156,509,422,87
2021,Newcastle-under-Lyme 005B,E01029533,707,192,59,133,515,424,91
2021,Newcastle-under-Lyme 005C,E01029534,685,169,44,125,516,432,84
2021,Newcastle-under-Lyme 005D,E01029535,668,192,41,151,476,420,56
2021,Newcastle-under-Lyme 004A,E01029536,676,163,37,126,513,451,62
2021,Newcastle-under-Lyme 006A,E01029537,757,226,67,159,531,462,69
2021,Newcastle-under-Lyme 006B,E01029538,677,177,51,126,500,446,54
2021,Newcastle-under-Lyme 006C,E01029539,719,192,55,137,527,447,80
2021,Newcastle-under-Lyme 003A,E01029540,567,146,34,112,421,356,65
2021,Newcastle-under-Lyme 003B,E01029541,885,226,44,182,659,573,86
2021,Newcastle-under-Lyme 003C,E01029542,804,200,54,146,604,524,80
2021,Newcastle-under-Lyme 003D,E01029543,523,154,36,118,369,330,39
2021,Newcastle-under-Lyme 004B,E01029544,718,210,58,152,508,436,72
2021,Newcastle-under-Lyme 004C,E01029545,738,203,53,150,535,456,79
2021,Newcastle-under-Lyme 004D,E01029546,734,199,59,140,535,468,67
2021,Newcastle-under-Lyme 007A,E01029547,676,173,48,125,503,435,68
2021,Newcastle-under-Lyme 007B,E01029548,505,161,45,116,344,301,43
2021,Newcastle-under-Lyme 014A,E01029549,636,200,54,146,436,372,64
2021,Newcastle-under-Lyme 014B,E01029551,750,199,75,124,551,486,65
2021,Newcastle-under-Lyme 006D,E01029552,713,202,68,134,511,450,61
2021,Newcastle-under-Lyme 010A,E01029553,760,220,58,162,540,494,46
2021,Newcastle-under-Lyme 010B,E01029554,768,221,57,164,547,498,49
2021,Newcastle-under-Lyme 011A,E01029555,741,259,97,162,482,431,51
2021,Newcastle-under-Lyme 005E,E01029556,1248,361,115,246,887,732,155
2021,Newcastle-under-Lyme 013A,E01029557,563,163,64,99,400,307,93
2021,Newcastle-under-Lyme 006E,E01029558,763,230,60,170,533,471,62
2021,Newcastle-under-Lyme 007C,E01029559,713,226,58,168,487,433,54
2021,Newcastle-under-Lyme 007D,E01029560,675,227,57,170,448,401,47
2021,Newcastle-under-Lyme 002A,E01029561,622,193,64,129,429,378,51
2021,Newcastle-under-Lyme 001A,E01029562,645,180,69,111,465,415,50
2021,Newcastle-under-Lyme 002B,E01029563,596,176,51,125,420,377,43
2021,Newcastle-under-Lyme 002C,E01029564,538,188,51,137,350,305,45
2021,Newcastle-under-Lyme 001B,E01029565,640,167,43,124,473,407,66
2021,Newcastle-under-Lyme 010C,E01029566,464,161,43,118,303,267,36
2021,Newcastle-under-Lyme 010D,E01029567,792,237,77,160,555,491,64
2021,Newcastle-under-Lyme 007E,E01029568,621,191,46,145,430,382,48
2021,Newcastle-under-Lyme 016A,E01029569,728,220,87,133,508,376,132
2021,Newcastle-under-Lyme 016B,E01029570,1347,425,157,268,922,685,237
2021,Newcastle-under-Lyme 016C,E01029571,574,190,74,116,384,302,82
2021,Newcastle-under-Lyme 016D,E01029572,709,202,90,112,507,404,103
2021,Newcastle-under-Lyme 013B,E01029573,717,202,63,139,515,426,89
2021,Newcastle-under-Lyme 013C,E01029574,648,196,75,121,452,368,84
2021,Newcastle-under-Lyme 013D,E01029575,461,140,45,95,321,279,42
2021,Newcastle-under-Lyme 012A,E01029576,838,395,233,162,443,361,82
2021,Newcastle-under-Lyme 009A,E01029577,820,235,91,144,585,514,71
2021,Newcastle-under-Lyme 011B,E01029578,714,205,69,136,509,433,76
2021,Newcastle-under-Lyme 009B,E01029579,820,226,74,152,594,525,69
2021,Newcastle-under-Lyme 009C,E01029580,713,212,57,155,501,427,74
2021,Newcastle-under-Lyme 001C,E01029581,818,212,73,139,606,527,79
2021,Newcastle-under-Lyme 001D,E01029582,917,277,78,199,640,528,112
2021,Newcastle-under-Lyme 008A,E01029583,675,178,56,122,497,432,65
2021,Newcastle-under-Lyme 008B,E01029584,637,160,54,106,477,429,48
2021,Newcastle-under-Lyme 008C,E01029585,689,183,57,126,506,453,53
2021,Newcastle-under-Lyme 001E,E01029586,533,147,38,109,386,343,43
2021,Newcastle-under-Lyme 001F,E01029587,601,135,44,91,466,416,50
2021,Newcastle-under-Lyme 002D,E01029588,741,201,58,143,540,470,70
2021,Newcastle-under-Lyme 015B,E01029589,503,142,50,92,361,305,56
2021,Newcastle-under-Lyme 015C,E01029590,575,163,60,103,412,359,53
2021,Newcastle-under-Lyme 014C,E01029591,625,183,50,133,442,386,56
2021,Newcastle-under-Lyme 012B,E01029593,1212,333,97,236,879,743,136
2021,Newcastle-under-Lyme 012C,E01029594,773,243,62,181,530,463,67
2021,Newcastle-under-Lyme 003E,E01029595,524,153,49,104,371,322,49
2021,Newcastle-under-Lyme 004E,E01029596,427,121,25,96,306,273,33
2021,Newcastle-under-Lyme 003F,E01029597,660,176,51,125,484,406,78
2021,Newcastle-under-Lyme 010E,E01029598,873,272,90,182,601,520,81
2021,Newcastle-under-Lyme 010F,E01029599,558,184,64,120,374,320,54
2021,Newcastle-under-Lyme 014D,E01029600,692,204,64,140,488,419,69
2021,Newcastle-under-Lyme 015E,E01029601,599,182,67,115,417,350,67
2021,Newcastle-under-Lyme 011C,E01029602,681,185,81,104,496,447,49
2021,Newcastle-under-Lyme 011D,E01029603,631,198,65,133,433,384,49
2021,Newcastle-under-Lyme 011E,E01029604,594,230,110,120,364,315,49
2021,Newcastle-under-Lyme 014E,E01029605,626,170,63,107,456,380,76
2021,Newcastle-under-Lyme 015F,E01029606,738,198,58,140,540,459,81
2021,Newcastle-under-Lyme 014F,E01029607,632,175,45,130,457,392,65
2021,Newcastle-under-Lyme 015G,E01029608,604,190,69,121,414,335,79
2021,Newcastle-under-Lyme 008D,E01029609,850,244,74,170,606,537,69
2021,Newcastle-under-Lyme 009D,E01029610,722,202,70,132,520,448,72
2021,Newcastle-under-Lyme 008E,E01029611,975,244,67,177,731,657,74
2021,Newcastle-under-Lyme 009E,E01029612,572,168,58,110,404,358,46
2021,South Staffordshire 008A,E01029613,620,188,68,120,432,372,60
2021,South Staffordshire 008B,E01029614,751,226,86,140,525,466,59
2021,South Staffordshire 008C,E01029615,497,139,55,84,358,311,47
2021,South Staffordshire 006A,E01029616,646,218,74,144,428,348,80
2021,South Staffordshire 003A,E01029617,722,231,94,137,491,399,92
2021,South Staffordshire 003B,E01029618,655,212,74,138,443,369,74
2021,South Staffordshire 006B,E01029619,892,271,91,180,621,539,82
2021,South Staffordshire 004A,E01029620,592,182,68,114,410,339,71
2021,South Staffordshire 002A,E01029621,734,205,69,136,529,432,97
2021,South Staffordshire 004B,E01029622,781,210,63,147,571,481,90
2021,South Staffordshire 004C,E01029623,505,140,52,88,365,313,52
2021,South Staffordshire 004D,E01029624,672,186,55,131,486,424,62
2021,South Staffordshire 004E,E01029625,440,121,44,77,319,275,44
2021,South Staffordshire 009A,E01029626,730,225,81,144,505,420,85
2021,South Staffordshire 008D,E01029627,538,168,51,117,370,320,50
2021,South Staffordshire 009B,E01029628,761,217,66,151,544,468,76
2021,South Staffordshire 009C,E01029629,527,161,59,102,366,292,74
2021,South Staffordshire 009D,E01029630,604,185,68,117,419,314,105
2021,South Staffordshire 009E,E01029631,715,172,63,109,543,465,78
2021,South Staffordshire 007A,E01029632,827,247,90,157,580,479,101
2021,South Staffordshire 007B,E01029633,948,272,78,194,676,561,115
2021,South Staffordshire 007C,E01029634,666,198,57,141,468,394,74
2021,South Staffordshire 007D,E01029635,728,243,80,163,485,410,75
2021,South Staffordshire 006C,E01029636,724,206,54,152,518,428,90
2021,South Staffordshire 006D,E01029637,1312,425,157,268,887,753,134
2021,South Staffordshire 005A,E01029638,857,260,86,174,597,519,78
2021,South Staffordshire 005B,E01029639,691,216,75,141,475,393,82
2021,South Staffordshire 005C,E01029640,708,195,66,129,513,439,74
2021,South Staffordshire 004F,E01029641,1012,273,82,191,739,627,112
2021,South Staffordshire 004G,E01029642,658,187,64,123,471,406,65
2021,South Staffordshire 005D,E01029643,629,194,63,131,435,374,61
2021,South Staffordshire 005E,E01029644,636,170,56,114,466,403,63
2021,South Staffordshire 013A,E01029645,1121,315,120,195,806,653,153
2021,South Staffordshire 002B,E01029646,783,225,79,146,558,474,84
2021,South Staffordshire 002C,E01029647,1291,362,128,234,929,742,187
2021,South Staffordshire 002D,E01029648,625,178,50,128,447,384,63
2021,South Staffordshire 014A,E01029649,441,145,48,97,296,250,46
2021,South Staffordshire 014B,E01029650,644,222,83,139,422,330,92
2021,South Staffordshire 014C,E01029651,650,214,80,134,436,350,86
2021,South Staffordshire 014D,E01029652,797,245,107,138,552,426,126
2021,South Staffordshire 014E,E01029653,540,180,59,121,360,306,54
2021,South Staffordshire 015G,E01029654,997,326,119,207,671,544,127
2021,South Staffordshire 001A,E01029655,821,254,96,158,567,468,99
2021,South Staffordshire 001B,E01029656,902,275,105,170,627,476,151
2021,South Staffordshire 001C,E01029657,923,288,107,181,635,538,97
2021,South Staffordshire 001D,E01029658,1028,265,93,172,763,631,132
2021,South Staffordshire 001E,E01029659,580,166,43,123,414,348,66
2021,South Staffordshire 001F,E01029660,1004,305,107,198,699,557,142
2021,South Staffordshire 015C,E01029661,921,269,92,177,652,549,103
2021,South Staffordshire 015D,E01029662,1052,304,101,203,748,647,101
2021,South Staffordshire 015E,E01029663,737,214,78,136,523,453,70
2021,South Staffordshire 015F,E01029664,693,202,60,142,491,414,77
2021,South Staffordshire 015A,E01029665,846,250,84,166,596,510,86
2021,South Staffordshire 015B,E01029666,625,217,62,155,408,360,48
2021,South Staffordshire 013B,E01029667,1078,348,140,208,730,521,209
2021,South Staffordshire 003C,E01029668,625,182,64,118,443,349,94
2021,South Staffordshire 003D,E01029669,575,174,56,118,401,334,67
2021,South Staffordshire 003E,E01029670,739,212,80,132,527,400,127
2021,South Staffordshire 012A,E01029671,609,180,54,126,429,360,69
2021,South Staffordshire 013C,E01029672,792,231,90,141,561,437,124
2021,South Staffordshire 012B,E01029673,727,213,71,142,514,426,88
2021,South Staffordshire 013D,E01029674,898,263,78,185,635,541,94
2021,South Staffordshire 013E,E01029675,551,143,46,97,408,357,51
2021,South Staffordshire 012C,E01029676,451,132,35,97,319,269,50
2021,South Staffordshire 013F,E01029677,682,191,56,135,491,413,78
2021,South Staffordshire 013G,E01029678,826,244,73,171,582,482,100
2021,South Staffordshire 012D,E01029679,628,204,68,136,424,374,50
2021,South Staffordshire 012E,E01029680,718,214,71,143,504,441,63
2021,Stafford 002A,E01029681,573,182,63,119,391,314,77
2021,Stafford 002B,E01029682,639,184,58,126,455,369,86
2021,Stafford 002C,E01029683,580,190,76,114,390,260,130
2021,Stafford 014A,E01029684,691,193,76,117,498,421,77
2021,Stafford 014B,E01029685,642,186,59,127,456,391,65
2021,Stafford 011A,E01029686,624,181,59,122,443,386,57
2021,Stafford 008A,E01029687,955,262,104,158,693,520,173
2021,Stafford 015A,E01029688,1142,342,125,217,800,565,235
2021,Stafford 010A,E01029689,984,225,87,138,759,669,90
2021,Stafford 006A,E01029690,814,214,74,140,600,512,88
2021,Stafford 010B,E01029691,607,129,44,85,478,423,55
2021,Stafford 009A,E01029692,627,195,65,130,432,375,57
2021,Stafford 009B,E01029693,750,190,50,140,560,495,65
2021,Stafford 010C,E01029694,1255,268,74,194,987,846,141
2021,Stafford 005A,E01029695,1087,306,106,200,781,620,161
2021,Stafford 005B,E01029696,698,177,69,108,521,363,158
2021,Stafford 005C,E01029697,773,259,108,151,514,364,150
2021,Stafford 005D,E01029698,901,245,94,151,656,497,159
2021,Stafford 010D,E01029699,1034,263,79,184,771,686,85
2021,Stafford 011B,E01029700,655,175,65,110,480,422,58
2021,Stafford 001A,E01029702,658,193,63,130,465,392,73
2021,Stafford 001B,E01029703,851,251,109,142,600,475,125
2021,Stafford 001C,E01029704,628,174,79,95,454,388,66
2021,Stafford 001D,E01029705,597,163,62,101,434,368,66
2021,Stafford 015B,E01029706,863,238,88,150,625,473,152
2021,Stafford 015C,E01029707,612,187,65,122,425,341,84
2021,Stafford 015D,E01029708,1121,339,142,197,782,580,202
2021,Stafford 015E,E01029709,691,210,63,147,481,384,97
2021,Stafford 008B,E01029710,591,177,75,102,414,335,79
2021,Stafford 008C,E01029711,743,224,74,150,519,399,120
2021,Stafford 008D,E01029712,994,265,80,185,729,584,145
2021,Stafford 008E,E01029713,782,220,75,145,562,456,106
2021,Stafford 012A,E01029714,791,217,71,146,574,479,95
2021,Stafford 013A,E01029715,719,204,59,145,515,433,82
2021,Stafford 013B,E01029716,637,194,73,121,443,395,48
2021,Stafford 013C,E01029717,711,221,72,149,490,402,88
2021,Stafford 006B,E01029718,914,263,85,178,651,569,82
2021,Stafford 007A,E01029719,701,166,37,129,535,472,63
2021,Stafford 007B,E01029720,723,229,65,164,494,435,59
2021,Stafford 007C,E01029721,837,237,73,164,600,509,91
2021,Stafford 009C,E01029722,851,219,63,156,632,556,76
2021,Stafford 011C,E01029723,704,197,67,130,507,451,56
2021,Stafford 011D,E01029724,844,241,65,176,603,524,79
2021,Stafford 009D,E01029725,1260,298,101,197,962,805,157
2021,Stafford 016A,E01029726,790,237,76,161,553,476,77
2021,Stafford 013D,E01029727,581,183,51,132,398,331,67
2021,Stafford 013E,E01029728,734,231,82,149,503,432,71
2021,Stafford 016B,E01029729,686,202,68,134,484,423,61
2021,Stafford 004A,E01029733,976,289,119,170,687,469,218
2021,Stafford 016C,E01029734,935,260,66,194,675,574,101
2021,Stafford 016D,E01029735,1053,301,91,210,752,642,110
2021,Stafford 012B,E01029736,877,229,79,150,648,553,95
2021,Stafford 012C,E01029737,817,209,73,136,608,498,110
2021,Stafford 012D,E01029738,672,167,59,108,505,427,78
2021,Stafford 004B,E01029739,776,239,87,152,537,419,118
2021,Stafford 003A,E01029740,692,210,75,135,482,419,63
2021,Stafford 004C,E01029741,866,242,87,155,624,534,90
2021,Stafford 012E,E01029742,940,297,123,174,643,483,160
2021,Stafford 006C,E01029743,1348,314,101,213,1034,846,188
2021,Stafford 003B,E01029744,1269,347,138,209,922,762,160
2021,Stafford 003C,E01029745,751,222,82,140,529,431,98
2021,Stafford 003D,E01029746,730,225,80,145,505,410,95
2021,Stafford 005E,E01029747,1083,286,95,191,797,649,148
2021,Stafford 002D,E01029748,649,193,65,128,456,376,80
2021,Stafford 002E,E01029749,810,213,82,131,597,484,113
2021,Stafford 007D,E01029750,1258,308,83,225,950,818,132
2021,Stafford 006D,E01029751,726,194,67,127,532,443,89
2021,Stafford 007E,E01029752,527,164,48,116,363,316,47
2021,Stafford 003E,E01029753,920,232,76,156,688,583,105
2021,Stafford 004D,E01029754,825,227,77,150,598,493,105
2021,Stafford 004E,E01029755,520,147,47,100,373,312,61
2021,Stafford 003F,E01029756,989,278,72,206,711,614,97
2021,Stafford 014E,E01029757,727,209,69,140,518,443,75
2021,Stafford 014F,E01029758,732,233,75,158,499,426,73
2021,Stafford 014G,E01029759,764,231,82,149,533,470,63
2021,Stafford 014H,E01029760,735,211,69,142,524,418,106
2021,Staffordshire Moorlands 010A,E01029761,638,199,75,124,439,353,86
2021,Staffordshire Moorlands 008A,E01029762,760,252,99,153,508,392,116
2021,Staffordshire Moorlands 003A,E01029763,665,195,43,152,470,411,59
2021,Staffordshire Moorlands 003B,E01029764,955,251,89,162,704,607,97
2021,Staffordshire Moorlands 003C,E01029765,543,186,43,143,357,311,46
2021,Staffordshire Moorlands 003D,E01029766,658,184,48,136,474,392,82
2021,Staffordshire Moorlands 002A,E01029767,760,234,95,139,526,417,109
2021,Staffordshire Moorlands 004A,E01029768,692,223,76,147,469,402,67
2021,Staffordshire Moorlands 002B,E01029769,807,255,101,154,552,436,116
2021,Staffordshire Moorlands 002C,E01029770,977,272,85,187,705,614,91
2021,Staffordshire Moorlands 004B,E01029771,699,201,63,138,498,412,86
2021,Staffordshire Moorlands 004C,E01029772,742,234,68,166,508,444,64
2021,Staffordshire Moorlands 004D,E01029773,650,188,53,135,462,373,89
2021,Staffordshire Moorlands 003E,E01029774,936,249,84,165,687,591,96
2021,Staffordshire Moorlands 008B,E01029775,654,184,69,115,470,379,91
2021,Staffordshire Moorlands 008C,E01029776,780,227,83,144,553,438,115
2021,Staffordshire Moorlands 008D,E01029777,750,207,65,142,543,455,88
2021,Staffordshire Moorlands 012A,E01029778,894,260,82,178,634,493,141
2021,Staffordshire Moorlands 009A,E01029779,692,182,58,124,510,420,90
2021,Staffordshire Moorlands 009B,E01029780,765,218,72,146,547,462,85
2021,Staffordshire Moorlands 011A,E01029781,662,190,62,128,472,405,67
2021,Staffordshire Moorlands 010B,E01029782,889,252,73,179,637,527,110
2021,Staffordshire Moorlands 011B,E01029783,647,180,59,121,467,403,64
2021,Staffordshire Moorlands 013A,E01029784,973,287,107,180,686,562,124
2021,Staffordshire Moorlands 013B,E01029785,883,249,80,169,634,518,116
2021,Staffordshire Moorlands 011C,E01029786,701,218,83,135,483,388,95
2021,Staffordshire Moorlands 011D,E01029787,794,234,81,153,560,466,94
2021,Staffordshire Moorlands 013C,E01029788,612,193,81,112,419,323,96
2021,Staffordshire Moorlands 012B,E01029789,500,129,47,82,371,282,89
2021,Staffordshire Moorlands 013D,E01029790,863,239,84,155,624,497,127
2021,Staffordshire Moorlands 013E,E01029791,720,214,80,134,506,409,97
2021,Staffordshire Moorlands 006A,E01029792,1167,348,137,211,819,659,160
2021,Staffordshire Moorlands 006B,E01029793,714,200,57,143,514,416,98
2021,Staffordshire Moorlands 009C,E01029794,682,194,72,122,488,361,127
2021,Staffordshire Moorlands 010C,E01029795,837,250,82,168,587,439,148
2021,Staffordshire Moorlands 010D,E01029796,740,227,76,151,513,400,113
2021,Staffordshire Moorlands 001A,E01029797,815,267,108,159,548,358,190
2021,Staffordshire Moorlands 012C,E01029798,717,206,65,141,511,422,89
2021,Staffordshire Moorlands 012D,E01029799,852,248,89,159,604,498,106
2021,Staffordshire Moorlands 012E,E01029800,742,228,92,136,514,433,81
2021,Staffordshire Moorlands 007A,E01029801,877,281,107,174,596,429,167
2021,Staffordshire Moorlands 002D,E01029802,879,298,120,178,581,405,176
2021,Staffordshire Moorlands 007B,E01029803,843,276,109,167,567,410,157
2021,Staffordshire Moorlands 005A,E01029804,916,277,86,191,639,543,96
2021,Staffordshire Moorlands 006C,E01029805,784,259,96,163,525,422,103
2021,Staffordshire Moorlands 001B,E01029806,680,227,70,157,453,392,61
2021,Staffordshire Moorlands 005B,E01029807,462,149,46,103,313,253,60
2021,Staffordshire Moorlands 001C,E01029808,641,206,56,150,435,390,45
2021,Staffordshire Moorlands 001D,E01029809,616,204,56,148,412,362,50
2021,Staffordshire Moorlands 001E,E01029810,622,183,48,135,439,370,69
2021,Staffordshire Moorlands 005C,E01029811,688,198,55,143,490,416,74
2021,Staffordshire Moorlands 005D,E01029812,924,257,72,185,667,576,91
2021,Staffordshire Moorlands 006D,E01029813,1086,343,129,214,743,628,115
2021,Staffordshire Moorlands 005E,E01029814,843,263,81,182,580,502,78
2021,Staffordshire Moorlands 006E,E01029815,628,213,77,136,415,339,76
2021,Staffordshire Moorlands 006F,E01029816,648,236,68,168,412,353,59
2021,Staffordshire Moorlands 007C,E01029817,895,281,117,164,614,393,221
2021,Staffordshire Moorlands 009D,E01029818,681,215,64,151,466,397,69
2021,Staffordshire Moorlands 009E,E01029819,776,223,69,154,553,465,88
2021,Tamworth 003A,E01029820,1191,292,77,215,899,764,135
2021,Tamworth 003B,E01029821,637,168,50,118,469,393,76
2021,Tamworth 003C,E01029822,877,225,78,147,652,541,111
2021,Tamworth 004A,E01029823,646,184,61,123,462,412,50
2021,Tamworth 003D,E01029824,714,198,70,128,516,449,67
2021,Tamworth 006A,E01029825,653,190,61,129,463,404,59
2021,Tamworth 006B,E01029826,870,222,65,157,648,552,96
2021,Tamworth 006C,E01029827,619,177,59,118,442,396,46
2021,Tamworth 006D,E01029828,539,151,43,108,388,348,40
2021,Tamworth 010A,E01029829,1128,300,90,210,828,722,106
2021,Tamworth 006E,E01029830,568,158,52,106,410,366,44
2021,Tamworth 004B,E01029831,713,174,66,108,539,470,69
2021,Tamworth 004C,E01029832,750,200,53,147,550,487,63
2021,Tamworth 005A,E01029833,881,220,53,167,661,587,74
2021,Tamworth 004D,E01029834,715,208,64,144,507,427,80
2021,Tamworth 002A,E01029835,706,184,66,118,522,457,65
2021,Tamworth 002B,E01029836,915,191,50,141,724,627,97
2021,Tamworth 005B,E01029837,772,202,83,119,570,475,95
2021,Tamworth 005C,E01029838,862,225,70,155,637,577,60
2021,Tamworth 005D,E01029839,627,174,71,103,453,391,62
2021,Tamworth 007A,E01029840,526,165,50,115,361,328,33
2021,Tamworth 003E,E01029841,645,167,44,123,478,396,82
2021,Tamworth 007B,E01029842,540,192,56,136,348,316,32
2021,Tamworth 007C,E01029843,631,170,48,122,461,413,48
2021,Tamworth 004E,E01029844,624,174,52,122,450,395,55
2021,Tamworth 007D,E01029845,332,126,48,78,206,186,20
2021,Tamworth 001A,E01029846,857,239,74,165,618,525,93
2021,Tamworth 001B,E01029847,631,184,55,129,447,386,61
2021,Tamworth 001C,E01029848,536,163,55,108,373,322,51
2021,Tamworth 002C,E01029849,604,194,60,134,410,345,65
2021,Tamworth 002D,E01029850,640,195,66,129,445,393,52
2021,Tamworth 002E,E01029851,1094,270,94,176,824,723,101
2021,Tamworth 001D,E01029852,778,238,76,162,540,454,86
2021,Tamworth 001E,E01029853,775,219,66,153,556,467,89
2021,Tamworth 001F,E01029854,1260,299,101,198,961,833,128
2021,Tamworth 008A,E01029855,751,225,76,149,526,464,62
2021,Tamworth 008B,E01029856,774,194,50,144,580,513,67
2021,Tamworth 008C,E01029857,740,189,51,138,551,475,76
2021,Tamworth 008D,E01029858,797,214,70,144,583,501,82
2021,Tamworth 007E,E01029859,740,209,58,151,531,467,64
2021,Tamworth 009A,E01029860,682,177,46,131,505,427,78
2021,Tamworth 009B,E01029861,588,177,58,119,411,336,75
2021,Tamworth 009C,E01029862,681,179,56,123,502,427,75
2021,Tamworth 009D,E01029863,937,248,88,160,689,591,98
2021,Tamworth 009E,E01029864,774,214,72,142,560,476,84
2021,Tamworth 008E,E01029865,903,208,73,135,695,587,108
2021,Tamworth 010C,E01029867,733,195,58,137,538,468,70
2021,Tamworth 010D,E01029868,731,205,70,135,526,449,77
2021,Tamworth 010E,E01029869,733,211,57,154,522,450,72
2021,Babergh 010A,E01029870,588,207,66,141,381,321,60
2021,Babergh 011A,E01029871,583,193,94,99,390,315,75
2021,Babergh 010B,E01029872,693,225,70,155,468,393,75
2021,Babergh 011B,E01029873,987,347,126,221,640,497,143
2021,Babergh 011C,E01029874,840,259,90,169,581,463,118
2021,Babergh 009A,E01029875,1113,393,169,224,720,554,166
2021,Babergh 001A,E01029876,1022,362,150,212,660,509,151
2021,Babergh 005A,E01029877,681,252,108,144,429,322,107
2021,Babergh 005B,E01029878,564,178,65,113,386,317,69
2021,Babergh 005C,E01029879,849,241,89,152,608,482,126
2021,Babergh 006A,E01029880,852,315,118,197,537,416,121
2021,Babergh 002A,E01029881,1047,385,160,225,662,518,144
2021,Babergh 010C,E01029882,671,260,115,145,411,332,79
2021,Babergh 010D,E01029883,916,304,127,177,612,476,136
2021,Babergh 002B,E01029884,803,239,81,158,564,473,91
2021,Babergh 002C,E01029885,1114,392,140,252,722,580,142
2021,Babergh 008A,E01029886,502,169,54,115,333,292,41
2021,Babergh 008B,E01029887,1023,290,89,201,733,643,90
2021,Babergh 008C,E01029888,580,195,64,131,385,344,41
2021,Babergh 008D,E01029889,609,221,72,149,388,336,52
2021,Babergh 008E,E01029890,939,307,105,202,632,525,107
2021,Babergh 008F,E01029891,1065,332,124,208,733,619,114
2021,Babergh 004A,E01029892,831,273,98,175,558,481,77
2021,Babergh 004C,E01029894,567,217,93,124,350,293,57
2021,Babergh 004D,E01029895,567,186,59,127,381,320,61
2021,Babergh 004E,E01029896,543,180,68,112,363,305,58
2021,Babergh 011D,E01029897,1032,344,140,204,688,512,176
2021,Babergh 001B,E01029898,772,310,145,165,462,381,81
2021,Babergh 009B,E01029899,819,281,115,166,538,405,133
2021,Babergh 003A,E01029900,734,255,88,167,479,406,73
2021,Babergh 003B,E01029901,1087,379,143,236,708,569,139
2021,Babergh 009C,E01029902,1057,365,163,202,692,515,177
2021,Babergh 010E,E01029903,677,238,92,146,439,372,67
2021,Babergh 010F,E01029904,759,260,106,154,499,422,77
2021,Babergh 010G,E01029905,555,188,85,103,367,274,93
2021,Babergh 009D,E01029906,806,306,147,159,500,363,137
2021,Babergh 001C,E01029907,1031,394,157,237,637,500,137
2021,Babergh 005D,E01029908,976,238,76,162,738,641,97
2021,Babergh 005E,E01029909,934,230,72,158,704,609,95
2021,Babergh 005F,E01029910,566,201,59,142,365,318,47
2021,Babergh 004F,E01029911,1028,364,146,218,664,511,153
2021,Babergh 007A,E01029912,858,292,100,192,566,477,89
2021,Babergh 007B,E01029913,396,130,43,87,266,228,38
2021,Babergh 007C,E01029914,766,213,73,140,553,475,78
2021,Babergh 007D,E01029915,585,190,67,123,395,328,67
2021,Babergh 007E,E01029916,579,192,75,117,387,341,46
2021,Babergh 003C,E01029917,912,292,104,188,620,517,103
2021,Babergh 007F,E01029918,512,148,57,91,364,323,41
2021,Babergh 007G,E01029919,759,250,86,164,509,432,77
2021,Babergh 007H,E01029920,813,251,102,149,562,463,99
2021,Babergh 006B,E01029921,546,190,73,117,356,293,63
2021,Babergh 006C,E01029922,702,223,84,139,479,373,106
2021,Babergh 006D,E01029923,712,232,78,154,480,405,75
2021,West Suffolk 015A,E01029925,1115,243,110,133,872,690,182
2021,West Suffolk 002A,E01029926,686,193,61,132,493,415,78
2021,West Suffolk 002B,E01029927,1117,315,96,219,802,652,150
2021,West Suffolk 002C,E01029928,935,232,75,157,703,574,129
2021,West Suffolk 002D,E01029929,982,297,118,179,685,571,114
2021,West Suffolk 002E,E01029930,767,191,55,136,576,476,100
2021,West Suffolk 008A,E01029937,1196,338,120,218,858,702,156
2021,West Suffolk 004A,E01029938,662,200,66,134,462,395,67
2021,West Suffolk 004B,E01029939,918,237,77,160,681,571,110
2021,West Suffolk 004C,E01029940,594,169,51,118,425,370,55
2021,West Suffolk 007A,E01029941,950,265,109,156,685,538,147
2021,West Suffolk 001A,E01029942,738,181,68,113,557,457,100
2021,West Suffolk 001B,E01029944,786,221,73,148,565,462,103
2021,West Suffolk 003A,E01029945,1222,329,125,204,893,725,168
2021,West Suffolk 004D,E01029946,1030,256,88,168,774,653,121
2021,West Suffolk 004E,E01029947,1054,249,94,155,805,677,128
2021,West Suffolk 015B,E01029949,805,208,73,135,597,477,120
2021,West Suffolk 015C,E01029950,869,240,80,160,629,542,87
2021,West Suffolk 015D,E01029951,718,213,69,144,505,415,90
2021,West Suffolk 015E,E01029952,590,163,52,111,427,367,60
2021,West Suffolk 008B,E01029953,785,194,55,139,591,504,87
2021,West Suffolk 008C,E01029955,991,226,88,138,765,637,128
2021,West Suffolk 008D,E01029956,930,193,79,114,737,609,128
2021,West Suffolk 007B,E01029957,1134,330,126,204,804,636,168
2021,Ipswich 007A,E01029958,743,219,61,158,524,454,70
2021,Ipswich 007C,E01029960,1096,313,107,206,783,674,109
2021,Ipswich 007D,E01029961,843,241,70,171,602,527,75
2021,Ipswich 007E,E01029962,926,249,76,173,677,598,79
2021,Ipswich 009A,E01029963,735,257,101,156,478,398,80
2021,Ipswich 009B,E01029964,696,225,82,143,471,406,65
2021,Ipswich 009C,E01029965,699,230,72,158,469,394,75
2021,Ipswich 009D,E01029966,789,231,76,155,558,474,84
2021,Ipswich 009E,E01029967,535,191,55,136,344,288,56
2021,Ipswich 012A,E01029968,799,246,86,160,553,460,93
2021,Ipswich 012B,E01029969,713,182,46,136,531,439,92
2021,Ipswich 012C,E01029970,850,276,94,182,574,490,84
2021,Ipswich 012D,E01029971,641,214,82,132,427,367,60
2021,Ipswich 002A,E01029973,670,229,70,159,441,365,76
2021,Ipswich 002B,E01029974,830,264,85,179,566,499,67
2021,Ipswich 002C,E01029975,614,198,58,140,416,369,47
2021,Ipswich 002D,E01029976,752,255,94,161,497,419,78
2021,Ipswich 002E,E01029977,789,258,96,162,531,452,79
2021,Ipswich 016A,E01029978,591,204,63,141,387,335,52
2021,Ipswich 016B,E01029979,598,215,56,159,383,325,58
2021,Ipswich 016C,E01029980,687,247,62,185,440,393,47
2021,Ipswich 016D,E01029981,582,185,65,120,397,342,55
2021,Ipswich 016E,E01029982,633,215,65,150,418,352,66
2021,Ipswich 016F,E01029983,802,233,66,167,569,480,89
2021,Ipswich 010A,E01029984,720,218,70,148,502,402,100
2021,Ipswich 010B,E01029985,1347,349,107,242,998,872,126
2021,Ipswich 010C,E01029986,656,207,67,140,449,384,65
2021,Ipswich 010D,E01029987,623,205,55,150,418,355,63
2021,Ipswich 010E,E01029988,1021,297,106,191,724,622,102
2021,Ipswich 011B,E01029990,908,293,106,187,615,543,72
2021,Ipswich 011C,E01029991,758,245,84,161,513,440,73
2021,Ipswich 011D,E01029992,680,232,75,157,448,393,55
2021,Ipswich 014B,E01029994,639,265,87,178,374,316,58
2021,Ipswich 014C,E01029995,883,288,81,207,595,518,77
2021,Ipswich 014D,E01029996,744,271,94,177,473,406,67
2021,Ipswich 004A,E01029997,779,257,74,183,522,454,68
2021,Ipswich 004B,E01029998,762,273,86,187,489,420,69
2021,Ipswich 004C,E01029999,825,274,80,194,551,471,80
2021,Ipswich 004D,E01030000,854,272,86,186,582,501,81
2021,Ipswich 004E,E01030001,747,248,81,167,499,428,71
2021,Ipswich 008A,E01030002,1014,294,102,192,720,618,102
2021,Ipswich 008B,E01030003,911,273,76,197,638,560,78
2021,Ipswich 008C,E01030004,670,217,70,147,453,394,59
2021,Ipswich 008D,E01030005,1606,446,132,314,1160,1018,142
2021,Ipswich 008E,E01030006,919,272,59,213,647,575,72
2021,Ipswich 005A,E01030007,1106,329,111,218,777,655,122
2021,Ipswich 005B,E01030008,640,201,83,118,439,324,115
2021,Ipswich 005C,E01030009,676,193,82,111,483,390,93
2021,Ipswich 005D,E01030010,998,309,113,196,689,603,86
2021,Ipswich 005E,E01030011,642,236,88,148,406,333,73
2021,Ipswich 013A,E01030012,448,150,40,110,298,255,43
2021,Ipswich 013B,E01030013,664,228,87,141,436,367,69
2021,Ipswich 013C,E01030014,609,209,71,138,400,346,54
2021,Ipswich 013D,E01030015,597,203,65,138,394,341,53
2021,Ipswich 013E,E01030016,650,185,64,121,465,410,55
2021,Ipswich 015A,E01030017,575,203,67,136,372,329,43
2021,Ipswich 015B,E01030018,575,192,70,122,383,339,44
2021,Ipswich 015C,E01030019,719,236,71,165,483,408,75
2021,Ipswich 015D,E01030020,618,199,62,137,419,348,71
2021,Ipswich 015E,E01030021,509,178,61,117,331,286,45
2021,Ipswich 006A,E01030022,1212,344,112,232,868,754,114
2021,Ipswich 006B,E01030023,1037,317,98,219,720,608,112
2021,Ipswich 006C,E01030024,934,288,81,207,646,563,83
2021,Ipswich 006D,E01030025,964,272,103,169,692,581,111
2021,Ipswich 006E,E01030026,1020,312,104,208,708,612,96
2021,Ipswich 003A,E01030027,1148,311,106,205,837,723,114
2021,Ipswich 003B,E01030028,826,264,82,182,562,476,86
2021,Ipswich 003C,E01030029,696,249,79,170,447,391,56
2021,Ipswich 003D,E01030030,1163,327,89,238,836,717,119
2021,Ipswich 003E,E01030031,657,237,82,155,420,364,56
2021,Ipswich 001A,E01030032,658,204,62,142,454,385,69
2021,Ipswich 001B,E01030033,724,217,63,154,507,434,73
2021,Ipswich 001C,E01030034,607,203,56,147,404,346,58
2021,Ipswich 001D,E01030035,812,290,81,209,522,438,84
2021,Ipswich 001E,E01030036,781,240,82,158,541,472,69
2021,Mid Suffolk 005A,E01030037,606,207,78,129,399,321,78
2021,Mid Suffolk 005B,E01030038,559,219,81,138,340,274,66
2021,Mid Suffolk 002A,E01030039,646,212,73,139,434,333,101
2021,Mid Suffolk 004A,E01030040,591,194,79,115,397,316,81
2021,Mid Suffolk 011A,E01030041,1104,357,132,225,747,586,161
2021,Mid Suffolk 012A,E01030042,839,278,100,178,561,449,112
2021,Mid Suffolk 011B,E01030043,1506,347,105,242,1159,995,164
2021,Mid Suffolk 012B,E01030044,562,175,49,126,387,331,56
2021,Mid Suffolk 012C,E01030045,848,276,102,174,572,448,124
2021,Mid Suffolk 012D,E01030046,804,263,95,168,541,419,122
2021,Mid Suffolk 012E,E01030047,623,191,73,118,432,361,71
2021,Mid Suffolk 007A,E01030048,1118,368,146,222,750,613,137
2021,Mid Suffolk 004B,E01030049,915,305,116,189,610,450,160
2021,Mid Suffolk 004C,E01030050,1305,358,129,229,947,780,167
2021,Mid Suffolk 006A,E01030051,851,292,104,188,559,459,100
2021,Mid Suffolk 001A,E01030052,931,328,129,199,603,465,138
2021,Mid Suffolk 003A,E01030053,1025,370,154,216,655,493,162
2021,Mid Suffolk 002B,E01030054,679,217,93,124,462,369,93
2021,Mid Suffolk 002C,E01030055,697,227,89,138,470,378,92
2021,Mid Suffolk 006B,E01030056,970,321,137,184,649,506,143
2021,Mid Suffolk 007B,E01030057,1165,391,165,226,774,602,172
2021,Mid Suffolk 001B,E01030058,931,308,135,173,623,471,152
2021,Mid Suffolk 005C,E01030059,1103,332,122,210,771,617,154
2021,Mid Suffolk 010A,E01030060,806,267,101,166,539,448,91
2021,Mid Suffolk 011C,E01030061,776,248,98,150,528,435,93
2021,Mid Suffolk 011D,E01030062,748,218,70,148,530,451,79
2021,Mid Suffolk 009A,E01030063,1188,388,147,241,800,645,155
2021,Mid Suffolk 001C,E01030064,1095,346,137,209,749,580,169
2021,Mid Suffolk 006C,E01030065,996,367,145,222,629,500,129
2021,Mid Suffolk 002D,E01030066,693,243,95,148,450,337,113
2021,Mid Suffolk 002E,E01030067,624,188,67,121,436,354,82
2021,Mid Suffolk 002F,E01030068,879,287,120,167,592,470,122
2021,Mid Suffolk 009B,E01030069,676,224,82,142,452,349,103
2021,Mid Suffolk 011E,E01030070,1118,205,67,138,913,673,240
2021,Mid Suffolk 010B,E01030071,742,212,81,131,530,453,77
2021,Mid Suffolk 009C,E01030072,779,233,92,141,546,459,87
2021,Mid Suffolk 008A,E01030073,543,171,52,119,372,309,63
2021,Mid Suffolk 009D,E01030075,1201,339,95,244,862,736,126
2021,Mid Suffolk 010D,E01030076,867,249,72,177,618,516,102
2021,Mid Suffolk 008B,E01030077,610,176,61,115,434,350,84
2021,Mid Suffolk 010E,E01030078,905,282,86,196,623,505,118
2021,Mid Suffolk 008C,E01030079,652,210,56,154,442,369,73
2021,Mid Suffolk 008D,E01030080,797,272,82,190,525,435,90
2021,Mid Suffolk 005D,E01030081,1226,382,149,233,844,702,142
2021,Mid Suffolk 007C,E01030083,1141,356,136,220,785,583,202
2021,Mid Suffolk 004D,E01030084,836,298,97,201,538,445,93
2021,Mid Suffolk 004E,E01030085,832,274,93,181,558,463,95
2021,Mid Suffolk 006D,E01030086,587,189,70,119,398,302,96
2021,Mid Suffolk 007D,E01030087,673,235,84,151,438,336,102
2021,Mid Suffolk 001D,E01030088,569,191,89,102,378,289,89
2021,Mid Suffolk 006E,E01030089,920,270,103,167,650,537,113
2021,Mid Suffolk 003C,E01030090,1186,416,162,254,770,556,214
2021,West Suffolk 011A,E01030091,930,223,92,131,707,549,158
2021,West Suffolk 014A,E01030092,743,193,69,124,550,467,83
2021,West Suffolk 011B,E01030093,801,210,78,132,591,486,105
2021,West Suffolk 006A,E01030094,723,228,81,147,495,392,103
2021,West Suffolk 005A,E01030095,547,195,75,120,352,271,81
2021,West Suffolk 005B,E01030096,682,228,79,149,454,373,81
2021,West Suffolk 005C,E01030097,564,200,76,124,364,300,64
2021,West Suffolk 010A,E01030098,1212,399,146,253,813,658,155
2021,West Suffolk 017A,E01030099,856,308,129,179,548,424,124
2021,West Suffolk 010B,E01030100,1016,353,147,206,663,502,161
2021,West Suffolk 017B,E01030101,991,319,122,197,672,541,131
2021,West Suffolk 016A,E01030104,1137,366,135,231,771,619,152
2021,West Suffolk 020A,E01030105,992,244,75,169,748,661,87
2021,West Suffolk 020B,E01030106,1139,302,103,199,837,711,126
2021,West Suffolk 020C,E01030107,770,227,67,160,543,460,83
2021,West Suffolk 020D,E01030108,863,249,75,174,614,540,74
2021,West Suffolk 019A,E01030109,823,226,64,162,597,528,69
2021,West Suffolk 019B,E01030110,1368,345,101,244,1023,868,155
2021,West Suffolk 019C,E01030111,707,199,63,136,508,440,68
2021,West Suffolk 019D,E01030112,938,236,80,156,702,614,88
2021,West Suffolk 020E,E01030113,1091,273,79,194,818,704,114
2021,West Suffolk 020F,E01030114,708,202,62,140,506,451,55
2021,West Suffolk 021A,E01030115,1148,301,103,198,847,744,103
2021,West Suffolk 021B,E01030116,1263,324,84,240,939,824,115
2021,West Suffolk 021C,E01030117,863,221,65,156,642,560,82
2021,West Suffolk 021D,E01030118,758,236,71,165,522,458,64
2021,West Suffolk 010C,E01030119,1028,327,125,202,701,547,154
2021,West Suffolk 006B,E01030121,1045,340,115,225,705,580,125
2021,West Suffolk 018A,E01030122,1053,335,115,220,718,609,109
2021,West Suffolk 014B,E01030123,632,232,76,156,400,348,52
2021,West Suffolk 014C,E01030124,733,207,69,138,526,438,88
2021,West Suffolk 014D,E01030125,613,213,70,143,400,353,47
2021,West Suffolk 012A,E01030127,659,191,59,132,468,406,62
2021,West Suffolk 012B,E01030128,782,193,66,127,589,492,97
2021,West Suffolk 012C,E01030129,669,208,76,132,461,392,69
2021,West Suffolk 009A,E01030130,654,221,94,127,433,359,74
2021,West Suffolk 009B,E01030131,540,182,61,121,358,317,41
2021,West Suffolk 006C,E01030132,1012,244,78,166,768,583,185
2021,West Suffolk 006D,E01030133,687,217,76,141,470,356,114
2021,West Suffolk 010D,E01030134,540,197,74,123,343,268,75
2021,West Suffolk 010E,E01030135,742,207,87,120,535,398,137
2021,West Suffolk 011C,E01030137,946,230,77,153,716,612,104
2021,West Suffolk 016B,E01030138,1157,395,152,243,762,601,161
2021,West Suffolk 009C,E01030139,779,257,79,178,522,462,60
2021,West Suffolk 009D,E01030140,620,180,58,122,440,394,46
2021,West Suffolk 009E,E01030141,805,238,78,160,567,491,76
2021,West Suffolk 013A,E01030142,696,191,66,125,505,442,63
2021,West Suffolk 013B,E01030143,723,190,52,138,533,463,70
2021,West Suffolk 013C,E01030144,550,198,78,120,352,302,50
2021,West Suffolk 005D,E01030145,744,226,73,153,518,425,93
2021,West Suffolk 005E,E01030146,576,179,63,116,397,333,64
2021,West Suffolk 013D,E01030147,631,222,81,141,409,342,67
2021,West Suffolk 014E,E01030148,552,178,73,105,374,332,42
2021,West Suffolk 014F,E01030149,683,209,77,132,474,402,72
2021,West Suffolk 017C,E01030150,1065,364,158,206,701,544,157
2021,West Suffolk 018B,E01030151,1409,355,131,224,1054,834,220
2021,East Suffolk 019A,E01030152,667,291,136,155,376,289,87
2021,East Suffolk 019B,E01030153,499,193,81,112,306,256,50
2021,East Suffolk 017A,E01030154,1008,372,158,214,636,461,175
2021,East Suffolk 022A,E01030155,938,315,102,213,623,522,101
2021,East Suffolk 028A,E01030158,449,167,63,104,282,217,65
2021,East Suffolk 028B,E01030159,713,202,69,133,511,412,99
2021,East Suffolk 029A,E01030160,678,217,67,150,461,371,90
2021,East Suffolk 029B,E01030161,849,280,113,167,569,459,110
2021,East Suffolk 030A,E01030162,616,187,68,119,429,336,93
2021,East Suffolk 030B,E01030163,827,277,97,180,550,430,120
2021,East Suffolk 028C,E01030164,652,222,95,127,430,347,83
2021,East Suffolk 030C,E01030165,754,221,80,141,533,428,105
2021,East Suffolk 028D,E01030166,522,213,102,111,309,232,77
2021,East Suffolk 030D,E01030167,558,197,79,118,361,281,80
2021,East Suffolk 029C,E01030168,552,202,71,131,350,273,77
2021,East Suffolk 029D,E01030169,863,227,71,156,636,512,124
2021,East Suffolk 029E,E01030170,720,267,107,160,453,352,101
2021,East Suffolk 027A,E01030171,892,248,103,145,644,498,146
2021,East Suffolk 017B,E01030172,1024,356,123,233,668,516,152
2021,East Suffolk 017C,E01030173,897,297,109,188,600,479,121
2021,East Suffolk 017D,E01030174,625,224,88,136,401,299,102
2021,East Suffolk 021A,E01030175,1058,403,155,248,655,501,154
2021,East Suffolk 017E,E01030176,956,343,129,214,613,456,157
2021,East Suffolk 024A,E01030179,1458,440,128,312,1018,859,159
2021,East Suffolk 024B,E01030180,727,212,71,141,515,433,82
2021,East Suffolk 025A,E01030181,1002,305,95,210,697,586,111
2021,East Suffolk 024C,E01030183,773,265,80,185,508,437,71
2021,East Suffolk 024D,E01030184,683,225,64,161,458,406,52
2021,East Suffolk 022B,E01030185,824,327,130,197,497,397,100
2021,East Suffolk 018A,E01030186,660,241,89,152,419,362,57
2021,East Suffolk 019C,E01030187,668,232,76,156,436,373,63
2021,East Suffolk 019D,E01030188,863,290,119,171,573,496,77
2021,East Suffolk 019E,E01030189,672,243,97,146,429,362,67
2021,East Suffolk 025B,E01030190,977,333,116,217,644,509,135
2021,East Suffolk 025C,E01030191,726,254,93,161,472,398,74
2021,East Suffolk 025D,E01030192,596,205,78,127,391,330,61
2021,East Suffolk 020A,E01030193,961,358,139,219,603,464,139
2021,East Suffolk 020B,E01030194,783,306,119,187,477,388,89
2021,East Suffolk 020C,E01030195,703,247,92,155,456,375,81
2021,East Suffolk 026A,E01030196,821,229,63,166,592,487,105
2021,East Suffolk 026B,E01030197,814,283,118,165,531,383,148
2021,East Suffolk 025E,E01030198,609,220,88,132,389,305,84
2021,East Suffolk 023A,E01030199,836,301,150,151,535,413,122
2021,East Suffolk 021B,E01030200,1039,363,144,219,676,523,153
2021,East Suffolk 016A,E01030201,970,388,188,200,582,428,154
2021,East Suffolk 022C,E01030203,698,271,117,154,427,340,87
2021,East Suffolk 026C,E01030204,947,306,108,198,641,527,114
2021,East Suffolk 026D,E01030205,685,229,77,152,456,379,77
2021,East Suffolk 026E,E01030206,609,238,95,143,371,297,74
2021,East Suffolk 024E,E01030207,721,258,85,173,463,384,79
2021,East Suffolk 018B,E01030208,533,213,91,122,320,260,60
2021,East Suffolk 018C,E01030209,984,348,126,222,636,520,116
2021,East Suffolk 018D,E01030210,1024,374,136,238,650,539,111
2021,East Suffolk 022D,E01030211,794,302,117,185,492,388,104
2021,East Suffolk 018E,E01030212,878,339,152,187,539,406,133
2021,East Suffolk 027B,E01030214,631,198,56,142,433,356,77
2021,East Suffolk 027C,E01030215,825,242,80,162,583,468,115
2021,East Suffolk 027D,E01030216,703,229,73,156,474,387,87
2021,East Suffolk 027E,E01030217,664,217,81,136,447,343,104
2021,East Suffolk 027F,E01030218,743,222,78,144,521,420,101
2021,East Suffolk 016B,E01030219,847,327,147,180,520,397,123
2021,East Suffolk 020D,E01030220,907,299,106,193,608,507,101
2021,East Suffolk 021C,E01030221,1013,334,123,211,679,524,155
2021,East Suffolk 016C,E01030222,808,316,135,181,492,378,114
2021,East Suffolk 010A,E01030223,743,256,98,158,487,412,75
2021,East Suffolk 010B,E01030224,605,215,103,112,390,307,83
2021,East Suffolk 010C,E01030225,761,274,118,156,487,396,91
2021,East Suffolk 011A,E01030226,888,305,99,206,583,504,79
2021,East Suffolk 010D,E01030227,557,216,66,150,341,282,59
2021,East Suffolk 010E,E01030228,663,223,63,160,440,372,68
2021,East Suffolk 015A,E01030229,900,362,159,203,538,415,123
2021,East Suffolk 013A,E01030230,806,272,97,175,534,442,92
2021,East Suffolk 013B,E01030231,655,215,86,129,440,373,67
2021,East Suffolk 013C,E01030232,706,212,68,144,494,418,76
2021,East Suffolk 007A,E01030233,645,221,86,135,424,353,71
2021,East Suffolk 008A,E01030234,720,240,78,162,480,426,54
2021,East Suffolk 007B,E01030235,598,206,70,136,392,323,69
2021,East Suffolk 008B,E01030236,812,270,77,193,542,458,84
2021,East Suffolk 008C,E01030237,1421,444,141,303,977,816,161
2021,East Suffolk 008D,E01030238,876,317,102,215,559,456,103
2021,East Suffolk 012A,E01030239,1035,335,118,217,700,590,110
2021,East Suffolk 001A,E01030240,622,205,77,128,417,319,98
2021,East Suffolk 001B,E01030241,581,225,101,124,356,255,101
2021,East Suffolk 001C,E01030242,559,190,66,124,369,304,65
2021,East Suffolk 015B,E01030243,695,254,102,152,441,378,63
2021,East Suffolk 015C,E01030244,626,249,103,146,377,317,60
2021,East Suffolk 015D,E01030245,617,194,63,131,423,353,70
2021,East Suffolk 004A,E01030246,624,235,81,154,389,321,68
2021,East Suffolk 006A,E01030247,625,248,100,148,377,306,71
2021,East Suffolk 004B,E01030248,642,209,60,149,433,377,56
2021,East Suffolk 004C,E01030249,708,260,80,180,448,385,63
2021,East Suffolk 004D,E01030250,835,299,86,213,536,481,55
2021,East Suffolk 012B,E01030251,556,194,83,111,362,313,49
2021,East Suffolk 012C,E01030252,630,212,73,139,418,346,72
2021,East Suffolk 012D,E01030253,717,252,82,170,465,390,75
2021,East Suffolk 006B,E01030254,594,227,67,160,367,318,49
2021,East Suffolk 005A,E01030255,559,192,66,126,367,299,68
2021,East Suffolk 006C,E01030256,637,227,91,136,410,323,87
2021,East Suffolk 009A,E01030257,601,217,75,142,384,327,57
2021,East Suffolk 006D,E01030258,636,204,77,127,432,352,80
2021,East Suffolk 001D,E01030259,549,182,70,112,367,278,89
2021,East Suffolk 001E,E01030260,485,157,51,106,328,252,76
2021,East Suffolk 002A,E01030261,514,191,55,136,323,280,43
2021,East Suffolk 002B,E01030262,520,175,52,123,345,287,58
2021,East Suffolk 005B,E01030263,603,209,83,126,394,322,72
2021,East Suffolk 004E,E01030264,626,235,67,168,391,340,51
2021,East Suffolk 004F,E01030265,602,224,72,152,378,320,58
2021,East Suffolk 003A,E01030266,708,229,69,160,479,403,76
2021,East Suffolk 003B,E01030267,1062,340,120,220,722,600,122
2021,East Suffolk 007C,E01030268,606,221,92,129,385,307,78
2021,East Suffolk 007D,E01030269,617,196,70,126,421,325,96
2021,East Suffolk 005C,E01030270,638,195,62,133,443,353,90
2021,East Suffolk 003C,E01030271,494,170,47,123,324,271,53
2021,East Suffolk 012E,E01030272,585,223,75,148,362,293,69
2021,East Suffolk 012F,E01030273,539,184,55,129,355,299,56
2021,East Suffolk 009B,E01030274,365,129,43,86,236,184,52
2021,East Suffolk 009C,E01030275,501,166,53,113,335,289,46
2021,East Suffolk 006E,E01030276,535,196,77,119,339,300,39
2021,East Suffolk 002C,E01030277,377,129,34,95,248,205,43
2021,East Suffolk 003D,E01030278,502,189,63,126,313,266,47
2021,East Suffolk 002D,E01030279,552,217,71,146,335,285,50
2021,East Suffolk 003E,E01030280,551,189,75,114,362,294,68
2021,East Suffolk 002E,E01030281,1162,396,123,273,766,633,133
2021,East Suffolk 014A,E01030283,519,207,69,138,312,242,70
2021,East Suffolk 013D,E01030285,1053,348,150,198,705,516,189
2021,East Suffolk 011B,E01030286,990,359,152,207,631,465,166
2021,East Suffolk 009D,E01030287,437,154,50,104,283,242,41
2021,East Suffolk 007E,E01030288,597,217,83,134,380,312,68
2021,East Suffolk 005D,E01030289,638,219,67,152,419,336,83
2021,East Suffolk 005E,E01030290,560,179,51,128,381,309,72
2021,East Suffolk 009E,E01030291,507,189,69,120,318,267,51
2021,East Suffolk 011C,E01030292,633,218,84,134,415,346,69
2021,East Suffolk 011D,E01030293,764,272,92,180,492,408,84
2021,East Suffolk 011E,E01030294,615,189,62,127,426,359,67
2021,East Suffolk 014B,E01030295,1027,407,153,254,620,462,158
2021,Elmbridge 015A,E01030296,815,243,117,126,572,409,163
2021,Elmbridge 015B,E01030297,989,279,126,153,710,509,201
2021,Elmbridge 015C,E01030298,732,220,87,133,512,390,122
2021,Elmbridge 015D,E01030299,864,272,108,164,592,445,147
2021,Elmbridge 017A,E01030300,764,248,90,158,516,414,102
2021,Elmbridge 017B,E01030301,642,200,102,98,442,291,151
2021,Elmbridge 017C,E01030302,821,223,93,130,598,411,187
2021,Elmbridge 018A,E01030303,714,191,89,102,523,307,216
2021,Elmbridge 017D,E01030304,781,277,91,186,504,429,75
2021,Elmbridge 017E,E01030305,636,174,96,78,462,248,214
2021,Elmbridge 017F,E01030306,618,185,79,106,433,262,171
2021,Elmbridge 013A,E01030307,861,239,120,119,622,410,212
2021,Elmbridge 013B,E01030308,704,210,96,114,494,300,194
2021,Elmbridge 013C,E01030309,690,208,93,115,482,281,201
2021,Elmbridge 013D,E01030310,947,271,107,164,676,543,133
2021,Elmbridge 014A,E01030311,799,226,94,132,573,481,92
2021,Elmbridge 014B,E01030312,797,251,89,162,546,468,78
2021,Elmbridge 010A,E01030313,1152,281,110,171,871,689,182
2021,Elmbridge 010B,E01030314,864,193,78,115,671,499,172
2021,Elmbridge 014C,E01030315,888,268,108,160,620,507,113
2021,Elmbridge 014D,E01030316,782,256,107,149,526,377,149
2021,Elmbridge 014E,E01030317,973,244,94,150,729,596,133
2021,Elmbridge 014F,E01030318,469,140,53,87,329,200,129
2021,Elmbridge 009A,E01030319,955,266,111,155,689,486,203
2021,Elmbridge 009B,E01030320,869,245,97,148,624,489,135
2021,Elmbridge 009C,E01030321,731,199,85,114,532,390,142
2021,Elmbridge 006A,E01030322,1000,235,99,136,765,557,208
2021,Elmbridge 006B,E01030323,678,171,82,89,507,369,138
2021,Elmbridge 006C,E01030324,868,230,86,144,638,494,144
2021,Elmbridge 006D,E01030325,766,260,114,146,506,419,87
2021,Elmbridge 002A,E01030326,950,263,117,146,687,496,191
2021,Elmbridge 002B,E01030327,988,323,142,181,665,506,159
2021,Elmbridge 002C,E01030328,830,215,102,113,615,459,156
2021,Elmbridge 002D,E01030329,812,226,88,138,586,430,156
2021,Elmbridge 001A,E01030330,794,229,92,137,565,470,95
2021,Elmbridge 001B,E01030331,838,259,107,152,579,485,94
2021,Elmbridge 001C,E01030332,762,254,96,158,508,425,83
2021,Elmbridge 001D,E01030333,677,217,79,138,460,370,90
2021,Elmbridge 003A,E01030334,762,254,80,174,508,442,66
2021,Elmbridge 003B,E01030335,920,285,94,191,635,533,102
2021,Elmbridge 003C,E01030336,1032,344,130,214,688,579,109
2021,Elmbridge 003D,E01030337,841,262,97,165,579,493,86
2021,Elmbridge 011A,E01030338,753,202,75,127,551,369,182
2021,Elmbridge 011B,E01030339,729,210,72,138,519,406,113
2021,Elmbridge 011C,E01030340,738,204,73,131,534,403,131
2021,Elmbridge 011D,E01030341,883,238,105,133,645,455,190
2021,Elmbridge 018B,E01030342,721,222,113,109,499,305,194
2021,Elmbridge 018C,E01030343,876,258,113,145,618,401,217
2021,Elmbridge 018D,E01030344,645,188,88,100,457,273,184
2021,Elmbridge 018E,E01030345,741,215,102,113,526,353,173
2021,Elmbridge 016A,E01030346,661,172,74,98,489,336,153
2021,Elmbridge 016B,E01030347,950,239,88,151,711,573,138
2021,Elmbridge 016C,E01030348,818,203,98,105,615,427,188
2021,Elmbridge 016D,E01030349,768,200,88,112,568,373,195
2021,Elmbridge 005A,E01030350,894,242,109,133,652,464,188
2021,Elmbridge 005B,E01030351,824,221,101,120,603,461,142
2021,Elmbridge 005C,E01030352,764,216,81,135,548,389,159
2021,Elmbridge 005D,E01030353,768,228,90,138,540,413,127
2021,Elmbridge 008A,E01030354,871,281,102,179,590,506,84
2021,Elmbridge 008B,E01030355,752,208,87,121,544,438,106
2021,Elmbridge 008C,E01030356,730,205,63,142,525,430,95
2021,Elmbridge 007A,E01030357,826,224,91,133,602,461,141
2021,Elmbridge 007B,E01030358,734,204,85,119,530,424,106
2021,Elmbridge 007D,E01030360,797,223,96,127,574,423,151
2021,Elmbridge 004A,E01030361,1237,356,142,214,881,731,150
2021,Elmbridge 004B,E01030362,633,183,68,115,450,369,81
2021,Elmbridge 004C,E01030363,951,287,106,181,664,549,115
2021,Elmbridge 004D,E01030364,850,240,87,153,610,507,103
2021,Elmbridge 008D,E01030365,841,220,97,123,621,511,110
2021,Elmbridge 010C,E01030366,1085,264,102,162,821,670,151
2021,Elmbridge 010D,E01030367,712,207,94,113,505,360,145
2021,Elmbridge 008E,E01030368,812,198,78,120,614,465,149
2021,Elmbridge 009D,E01030369,1041,266,126,140,775,525,250
2021,Elmbridge 009E,E01030370,876,263,109,154,613,420,193
2021,Elmbridge 012A,E01030371,806,236,97,139,570,444,126
2021,Elmbridge 012B,E01030372,719,211,92,119,508,360,148
2021,Elmbridge 012C,E01030373,849,247,99,148,602,456,146
2021,Elmbridge 012D,E01030374,899,242,112,130,657,506,151
2021,Elmbridge 012E,E01030375,1042,233,92,141,809,640,169
2021,Elmbridge 012F,E01030376,658,167,75,92,491,356,135
2021,Epsom and Ewell 003A,E01030377,1164,351,138,213,813,679,134
2021,Epsom and Ewell 003B,E01030378,870,218,83,135,652,521,131
2021,Epsom and Ewell 009A,E01030379,693,214,87,127,479,364,115
2021,Epsom and Ewell 009B,E01030380,710,227,102,125,483,358,125
2021,Epsom and Ewell 008A,E01030381,673,185,78,107,488,389,99
2021,Epsom and Ewell 010A,E01030382,734,211,78,133,523,395,128
2021,Epsom and Ewell 005B,E01030384,1456,405,133,272,1051,901,150
2021,Epsom and Ewell 007A,E01030385,781,220,65,155,561,486,75
2021,Epsom and Ewell 001A,E01030386,721,226,90,136,495,381,114
2021,Epsom and Ewell 001B,E01030387,865,220,65,155,645,535,110
2021,Epsom and Ewell 001C,E01030388,640,206,77,129,434,357,77
2021,Epsom and Ewell 001D,E01030389,757,195,87,108,562,451,111
2021,Epsom and Ewell 010B,E01030390,986,224,74,150,762,626,136
2021,Epsom and Ewell 007B,E01030391,971,264,91,173,707,594,113
2021,Epsom and Ewell 010C,E01030392,1002,263,109,154,739,584,155
2021,Epsom and Ewell 001E,E01030393,940,287,111,176,653,522,131
2021,Epsom and Ewell 002A,E01030394,932,252,91,161,680,585,95
2021,Epsom and Ewell 004A,E01030395,782,217,76,141,565,474,91
2021,Epsom and Ewell 010D,E01030396,1147,297,130,167,850,642,208
2021,Epsom and Ewell 010E,E01030398,825,260,120,140,565,457,108
2021,Epsom and Ewell 002B,E01030399,1237,370,132,238,867,764,103
2021,Epsom and Ewell 002C,E01030400,759,236,80,156,523,461,62
2021,Epsom and Ewell 005C,E01030401,1263,370,142,228,893,717,176
2021,Epsom and Ewell 005D,E01030402,1275,332,119,213,943,759,184
2021,Epsom and Ewell 007C,E01030403,766,242,109,133,524,437,87
2021,Epsom and Ewell 007D,E01030404,754,216,95,121,538,432,106
2021,Epsom and Ewell 009C,E01030405,925,254,83,171,671,570,101
2021,Epsom and Ewell 003C,E01030406,793,227,83,144,566,472,94
2021,Epsom and Ewell 003D,E01030407,660,187,80,107,473,379,94
2021,Epsom and Ewell 003E,E01030408,894,270,90,180,624,525,99
2021,Epsom and Ewell 007E,E01030409,778,255,102,153,523,436,87
2021,Epsom and Ewell 007F,E01030410,998,247,84,163,751,663,88
2021,Epsom and Ewell 008C,E01030412,1073,262,107,155,811,671,140
2021,Epsom and Ewell 004B,E01030413,1023,296,115,181,727,609,118
2021,Epsom and Ewell 002D,E01030414,694,187,58,129,507,452,55
2021,Epsom and Ewell 004C,E01030415,888,252,101,151,636,546,90
2021,Epsom and Ewell 004D,E01030416,655,187,69,118,468,389,79
2021,Epsom and Ewell 009D,E01030417,620,175,85,90,445,326,119
2021,Epsom and Ewell 009E,E01030418,800,249,104,145,551,440,111
2021,Epsom and Ewell 008D,E01030419,846,207,83,124,639,510,129
2021,Epsom and Ewell 009F,E01030420,646,177,59,118,469,388,81
2021,Guildford 014A,E01030421,927,232,94,138,695,576,119
2021,Guildford 014B,E01030422,991,246,87,159,745,648,97
2021,Guildford 014C,E01030423,906,250,98,152,656,542,114
2021,Guildford 010A,E01030424,707,218,78,140,489,425,64
2021,Guildford 014D,E01030425,1071,273,103,170,798,675,123
2021,Guildford 004A,E01030426,832,210,58,152,622,521,101
2021,Guildford 004B,E01030427,725,185,68,117,540,472,68
2021,Guildford 004C,E01030428,681,174,65,109,507,426,81
2021,Guildford 004D,E01030429,846,193,58,135,653,570,83
2021,Guildford 004E,E01030430,695,202,64,138,493,416,77
2021,Guildford 010B,E01030431,705,201,76,125,504,422,82
2021,Guildford 010C,E01030432,788,199,64,135,589,515,74
2021,Guildford 010D,E01030433,851,250,88,162,601,525,76
2021,Guildford 008A,E01030434,938,249,77,172,689,572,117
2021,Guildford 008B,E01030435,955,301,122,179,654,515,139
2021,Guildford 011A,E01030436,1148,302,133,169,846,699,147
2021,Guildford 011B,E01030437,1079,324,130,194,755,578,177
2021,Guildford 013A,E01030438,927,271,107,164,656,505,151
2021,Guildford 011C,E01030439,802,231,102,129,571,451,120
2021,Guildford 001A,E01030440,766,261,117,144,505,367,138
2021,Guildford 003A,E01030441,636,184,89,95,452,318,134
2021,Guildford 003B,E01030442,645,203,89,114,442,305,137
2021,Guildford 003C,E01030443,603,192,93,99,411,288,123
2021,Guildford 003D,E01030444,710,241,99,142,469,341,128
2021,Guildford 003E,E01030445,624,200,89,111,424,309,115
2021,Guildford 003F,E01030446,643,207,102,105,436,311,125
2021,Guildford 003G,E01030447,629,218,101,117,411,344,67
2021,Guildford 016A,E01030448,707,196,91,105,511,360,151
2021,Guildford 016B,E01030449,717,179,85,94,538,445,93
2021,Guildford 013B,E01030450,1500,374,151,223,1126,960,166
2021,Guildford 013C,E01030451,1121,276,125,151,845,714,131
2021,Guildford 015A,E01030452,1293,347,156,191,946,808,138
2021,Guildford 013D,E01030453,908,196,85,111,712,570,142
2021,Guildford 016C,E01030454,898,248,106,142,650,499,151
2021,Guildford 013E,E01030455,1032,213,85,128,819,665,154
2021,Guildford 016D,E01030456,633,183,91,92,450,293,157
2021,Guildford 013F,E01030457,1045,247,107,140,798,679,119
2021,Guildford 001B,E01030458,618,179,81,98,439,322,117
2021,Guildford 001C,E01030459,677,253,106,147,424,324,100
2021,Guildford 011D,E01030460,736,253,103,150,483,382,101
2021,Guildford 011E,E01030461,783,224,97,127,559,422,137
2021,Guildford 008C,E01030462,752,222,92,130,530,444,86
2021,Guildford 008D,E01030463,767,215,79,136,552,471,81
2021,Guildford 008E,E01030464,852,254,98,156,598,512,86
2021,Guildford 002A,E01030465,711,234,102,132,477,386,91
2021,Guildford 002B,E01030466,732,220,95,125,512,423,89
2021,Guildford 015B,E01030467,827,240,102,138,587,449,138
2021,Guildford 015C,E01030468,702,393,274,119,309,261,48
2021,Guildford 015D,E01030469,653,218,86,132,435,357,78
2021,Guildford 012A,E01030470,1072,528,374,154,544,485,59
2021,Guildford 017A,E01030471,579,177,75,102,402,285,117
2021,Guildford 017B,E01030472,631,185,75,110,446,300,146
2021,Guildford 002C,E01030473,872,227,99,128,645,466,179
2021,Guildford 002D,E01030474,1839,235,86,149,1604,692,912
2021,Guildford 001D,E01030475,660,205,90,115,455,351,104
2021,Guildford 001E,E01030476,514,139,52,87,375,286,89
2021,Guildford 001F,E01030477,842,246,111,135,596,489,107
2021,Guildford 017C,E01030478,862,267,112,155,595,438,157
2021,Guildford 017D,E01030479,973,284,99,185,689,553,136
2021,Guildford 017E,E01030480,845,237,99,138,608,475,133
2021,Guildford 007A,E01030481,900,269,96,173,631,530,101
2021,Guildford 007B,E01030482,764,215,64,151,549,465,84
2021,Guildford 007C,E01030483,651,208,78,130,443,388,55
2021,Guildford 007D,E01030484,891,263,84,179,628,536,92
2021,Guildford 006A,E01030485,982,250,102,148,732,636,96
2021,Guildford 009A,E01030486,851,235,84,151,616,528,88
2021,Guildford 006B,E01030487,850,245,109,136,605,526,79
2021,Guildford 006C,E01030488,994,301,114,187,693,573,120
2021,Guildford 006D,E01030489,1314,364,132,232,950,805,145
2021,Guildford 018A,E01030490,787,276,120,156,511,385,126
2021,Guildford 018B,E01030491,963,304,134,170,659,473,186
2021,Guildford 018C,E01030492,927,293,149,144,634,459,175
2021,Guildford 009B,E01030493,586,175,67,108,411,358,53
2021,Guildford 012B,E01030494,863,278,119,159,585,524,61
2021,Guildford 009C,E01030495,869,307,173,134,562,489,73
2021,Guildford 012C,E01030496,796,257,94,163,539,489,50
2021,Guildford 012D,E01030497,705,215,80,135,490,443,47
2021,Guildford 009D,E01030498,728,195,70,125,533,458,75
2021,Guildford 005A,E01030499,696,208,80,128,488,404,84
2021,Guildford 005B,E01030500,771,202,97,105,569,479,90
2021,Guildford 005C,E01030501,872,239,97,142,633,505,128
2021,Guildford 005D,E01030502,577,189,77,112,388,325,63
2021,Guildford 005E,E01030503,723,185,70,115,538,472,66
2021,Guildford 005F,E01030504,524,171,66,105,353,288,65
2021,Mole Valley 002A,E01030505,744,211,88,123,533,434,99
2021,Mole Valley 001A,E01030506,665,222,65,157,443,372,71
2021,Mole Valley 002B,E01030507,631,193,89,104,438,322,116
2021,Mole Valley 001B,E01030508,603,187,98,89,416,282,134
2021,Mole Valley 001C,E01030509,547,138,62,76,409,332,77
2021,Mole Valley 004A,E01030510,840,256,98,158,584,448,136
2021,Mole Valley 002C,E01030511,694,229,98,131,465,330,135
2021,Mole Valley 002D,E01030512,724,208,91,117,516,403,113
2021,Mole Valley 001D,E01030513,675,194,75,119,481,383,98
2021,Mole Valley 001E,E01030514,670,226,105,121,444,377,67
2021,Mole Valley 013A,E01030515,915,269,107,162,646,500,146
2021,Mole Valley 006A,E01030516,553,170,62,108,383,311,72
2021,Mole Valley 006B,E01030517,793,246,128,118,547,420,127
2021,Mole Valley 006C,E01030518,558,204,91,113,354,270,84
2021,Mole Valley 006D,E01030519,733,257,98,159,476,383,93
2021,Mole Valley 007A,E01030520,592,203,80,123,389,310,79
2021,Mole Valley 007B,E01030521,752,225,101,124,527,408,119
2021,Mole Valley 007C,E01030522,615,203,105,98,412,297,115
2021,Mole Valley 007D,E01030523,553,175,69,106,378,305,73
2021,Mole Valley 008A,E01030524,846,296,119,177,550,419,131
2021,Mole Valley 008B,E01030525,704,230,99,131,474,374,100
2021,Mole Valley 008C,E01030526,641,191,60,131,450,382,68
2021,Mole Valley 008D,E01030527,757,260,114,146,497,360,137
2021,Mole Valley 013B,E01030528,698,235,102,133,463,347,116
2021,Mole Valley 012A,E01030529,826,262,103,159,564,444,120
2021,Mole Valley 013C,E01030530,561,184,77,107,377,285,92
2021,Mole Valley 013D,E01030531,1297,418,167,251,879,704,175
2021,Mole Valley 009A,E01030532,904,244,88,156,660,537,123
2021,Mole Valley 009B,E01030533,748,231,110,121,517,430,87
2021,Mole Valley 009C,E01030534,746,181,68,113,565,474,91
2021,Mole Valley 010A,E01030535,957,293,118,175,664,544,120
2021,Mole Valley 010B,E01030536,873,290,120,170,583,474,109
2021,Mole Valley 010C,E01030537,775,275,128,147,500,400,100
2021,Mole Valley 010D,E01030538,1089,295,122,173,794,637,157
2021,Mole Valley 005A,E01030539,906,298,112,186,608,522,86
2021,Mole Valley 005B,E01030540,854,290,141,149,564,386,178
2021,Mole Valley 005C,E01030541,592,180,92,88,412,327,85
2021,Mole Valley 005D,E01030542,632,223,92,131,409,342,67
2021,Mole Valley 005E,E01030543,841,259,101,158,582,437,145
2021,Mole Valley 011A,E01030544,847,260,109,151,587,457,130
2021,Mole Valley 011B,E01030545,819,227,83,144,592,501,91
2021,Mole Valley 011C,E01030546,772,249,88,161,523,444,79
2021,Mole Valley 011D,E01030547,728,253,87,166,475,421,54
2021,Mole Valley 003A,E01030548,1240,351,144,207,889,745,144
2021,Mole Valley 003B,E01030549,1023,265,92,173,758,639,119
2021,Mole Valley 003C,E01030550,965,235,110,125,730,627,103
2021,Mole Valley 003D,E01030551,867,262,89,173,605,516,89
2021,Mole Valley 004B,E01030552,822,194,67,127,628,496,132
2021,Mole Valley 004C,E01030553,819,250,100,150,569,456,113
2021,Mole Valley 004D,E01030554,485,169,86,83,316,227,89
2021,Mole Valley 012B,E01030555,857,296,126,170,561,386,175
2021,Mole Valley 009D,E01030556,919,247,102,145,672,491,181
2021,Mole Valley 012C,E01030557,980,340,150,190,640,453,187
2021,Mole Valley 012D,E01030558,1096,376,156,220,720,560,160
2021,Reigate and Banstead 002A,E01030559,511,164,68,96,347,254,93
2021,Reigate and Banstead 002B,E01030560,674,221,82,139,453,387,66
2021,Reigate and Banstead 002C,E01030561,569,177,69,108,392,305,87
2021,Reigate and Banstead 002D,E01030562,666,174,59,115,492,403,89
2021,Reigate and Banstead 002E,E01030563,703,240,101,139,463,363,100
2021,Reigate and Banstead 002F,E01030564,649,210,69,141,439,357,82
2021,Reigate and Banstead 004A,E01030565,701,215,94,121,486,388,98
2021,Reigate and Banstead 004B,E01030566,776,225,82,143,551,472,79
2021,Reigate and Banstead 004C,E01030567,827,249,109,140,578,427,151
2021,Reigate and Banstead 004D,E01030568,754,222,89,133,532,409,123
2021,Reigate and Banstead 004E,E01030569,1433,402,142,260,1031,856,175
2021,Reigate and Banstead 014A,E01030570,874,249,93,156,625,553,72
2021,Reigate and Banstead 014B,E01030571,875,250,91,159,625,560,65
2021,Reigate and Banstead 014C,E01030572,1217,284,108,176,933,795,138
2021,Reigate and Banstead 014D,E01030573,980,256,87,169,724,610,114
2021,Reigate and Banstead 014E,E01030574,1144,295,112,183,849,712,137
2021,Reigate and Banstead 018B,E01030576,910,238,79,159,672,553,119
2021,Reigate and Banstead 018C,E01030577,872,237,92,145,635,545,90
2021,Reigate and Banstead 018D,E01030578,679,218,75,143,461,396,65
2021,Reigate and Banstead 018E,E01030579,641,176,89,87,465,380,85
2021,Reigate and Banstead 017A,E01030580,1262,338,106,232,924,803,121
2021,Reigate and Banstead 017B,E01030581,1205,365,131,234,840,683,157
2021,Reigate and Banstead 017C,E01030582,803,229,76,153,574,477,97
2021,Reigate and Banstead 017D,E01030583,887,271,119,152,616,510,106
2021,Reigate and Banstead 016B,E01030585,718,223,78,145,495,434,61
2021,Reigate and Banstead 016C,E01030586,983,269,98,171,714,614,100
2021,Reigate and Banstead 016D,E01030587,767,211,73,138,556,471,85
2021,Reigate and Banstead 016E,E01030588,657,211,75,136,446,376,70
2021,Reigate and Banstead 007A,E01030589,806,246,117,129,560,380,180
2021,Reigate and Banstead 007B,E01030590,977,278,100,178,699,555,144
2021,Reigate and Banstead 007C,E01030591,760,236,88,148,524,392,132
2021,Reigate and Banstead 007D,E01030592,911,279,119,160,632,489,143
2021,Reigate and Banstead 012A,E01030593,842,210,84,126,632,511,121
2021,Reigate and Banstead 013A,E01030594,875,255,105,150,620,503,117
2021,Reigate and Banstead 013B,E01030595,826,247,100,147,579,483,96
2021,Reigate and Banstead 012B,E01030596,730,224,91,133,506,384,122
2021,Reigate and Banstead 012C,E01030597,885,226,80,146,659,526,133
2021,Reigate and Banstead 009A,E01030598,838,225,91,134,613,483,130
2021,Reigate and Banstead 008A,E01030599,778,222,84,138,556,495,61
2021,Reigate and Banstead 008B,E01030600,850,203,66,137,647,565,82
2021,Reigate and Banstead 008C,E01030601,837,264,85,179,573,503,70
2021,Reigate and Banstead 008D,E01030602,940,284,105,179,656,549,107
2021,Reigate and Banstead 001A,E01030603,711,218,82,136,493,390,103
2021,Reigate and Banstead 001B,E01030604,787,261,92,169,526,434,92
2021,Reigate and Banstead 001C,E01030605,901,273,119,154,628,507,121
2021,Reigate and Banstead 003A,E01030606,734,229,83,146,505,375,130
2021,Reigate and Banstead 001D,E01030607,951,315,122,193,636,487,149
2021,Reigate and Banstead 005A,E01030608,712,227,84,143,485,430,55
2021,Reigate and Banstead 005B,E01030609,1169,308,99,209,861,743,118
2021,Reigate and Banstead 011A,E01030610,710,182,68,114,528,437,91
2021,Reigate and Banstead 011D,E01030613,1239,258,109,149,981,842,139
2021,Reigate and Banstead 011E,E01030614,900,245,102,143,655,532,123
2021,Reigate and Banstead 010A,E01030615,1029,239,98,141,790,700,90
2021,Reigate and Banstead 010B,E01030616,816,242,103,139,574,449,125
2021,Reigate and Banstead 010C,E01030617,886,227,82,145,659,556,103
2021,Reigate and Banstead 010D,E01030618,986,268,114,154,718,599,119
2021,Reigate and Banstead 010E,E01030619,658,227,82,145,431,375,56
2021,Reigate and Banstead 012D,E01030620,981,279,103,176,702,566,136
2021,Reigate and Banstead 012E,E01030621,745,248,95,153,497,386,111
2021,Reigate and Banstead 010F,E01030622,1126,252,96,156,874,711,163
2021,Reigate and Banstead 009B,E01030623,1081,299,129,170,782,604,178
2021,Reigate and Banstead 009C,E01030624,703,183,86,97,520,409,111
2021,Reigate and Banstead 009D,E01030625,621,153,67,86,468,327,141
2021,Reigate and Banstead 009E,E01030626,541,157,71,86,384,286,98
2021,Reigate and Banstead 009F,E01030627,1081,217,103,114,864,713,151
2021,Reigate and Banstead 015A,E01030628,807,237,102,135,570,448,122
2021,Reigate and Banstead 015B,E01030629,729,203,77,126,526,412,114
2021,Reigate and Banstead 013C,E01030630,744,244,88,156,500,411,89
2021,Reigate and Banstead 013D,E01030631,815,243,79,164,572,472,100
2021,Reigate and Banstead 015C,E01030632,669,214,77,137,455,376,79
2021,Reigate and Banstead 015D,E01030633,687,225,75,150,462,385,77
2021,Reigate and Banstead 015E,E01030634,707,206,79,127,501,441,60
2021,Reigate and Banstead 006A,E01030635,773,248,102,146,525,413,112
2021,Reigate and Banstead 006B,E01030636,583,172,65,107,411,317,94
2021,Reigate and Banstead 006C,E01030637,599,194,92,102,405,325,80
2021,Reigate and Banstead 006D,E01030638,678,212,94,118,466,364,102
2021,Reigate and Banstead 006E,E01030639,677,215,101,114,462,346,116
2021,Reigate and Banstead 005C,E01030640,746,212,69,143,534,441,93
2021,Reigate and Banstead 003B,E01030641,759,241,96,145,518,413,105
2021,Reigate and Banstead 003C,E01030642,814,247,93,154,567,451,116
2021,Reigate and Banstead 005D,E01030643,708,221,73,148,487,396,91
2021,Reigate and Banstead 003D,E01030644,593,182,67,115,411,327,84
2021,Runnymede 009A,E01030645,980,284,105,179,696,603,93
2021,Runnymede 009B,E01030646,1213,341,124,217,872,714,158
2021,Runnymede 007A,E01030647,817,251,111,140,566,467,99
2021,Runnymede 007B,E01030648,912,264,95,169,648,539,109
2021,Runnymede 007C,E01030649,1426,325,115,210,1101,937,164
2021,Runnymede 007D,E01030650,656,199,80,119,457,396,61
2021,Runnymede 007E,E01030651,686,170,53,117,516,420,96
2021,Runnymede 006A,E01030652,992,265,92,173,727,590,137
2021,Runnymede 006B,E01030653,1084,254,82,172,830,712,118
2021,Runnymede 006C,E01030654,827,210,89,121,617,487,130
2021,Runnymede 007F,E01030655,995,256,102,154,739,618,121
2021,Runnymede 004A,E01030656,769,218,80,138,551,443,108
2021,Runnymede 006D,E01030657,748,199,77,122,549,480,69
2021,Runnymede 004B,E01030658,687,193,76,117,494,406,88
2021,Runnymede 006E,E01030659,1037,281,106,175,756,602,154
2021,Runnymede 009C,E01030660,1372,396,155,241,976,823,153
2021,Runnymede 009D,E01030661,943,289,117,172,654,529,125
2021,Runnymede 007G,E01030662,863,236,87,149,627,525,102
2021,Runnymede 003A,E01030663,839,251,83,168,588,514,74
2021,Runnymede 003B,E01030664,904,233,101,132,671,584,87
2021,Runnymede 003C,E01030665,830,237,95,142,593,496,97
2021,Runnymede 003D,E01030666,964,250,99,151,714,605,109
2021,Runnymede 001A,E01030667,761,198,95,103,563,461,102
2021,Runnymede 001B,E01030668,961,274,108,166,687,572,115
2021,Runnymede 001C,E01030669,878,311,201,110,567,462,105
2021,Runnymede 001D,E01030670,628,249,147,102,379,295,84
2021,Runnymede 002A,E01030671,497,212,142,70,285,215,70
2021,Runnymede 002B,E01030672,1265,598,374,224,667,493,174
2021,Runnymede 002C,E01030673,587,185,99,86,402,303,99
2021,Runnymede 002D,E01030674,618,178,86,92,440,370,70
2021,Runnymede 002E,E01030675,666,210,133,77,456,352,104
2021,Runnymede 002F,E01030676,551,242,138,104,309,264,45
2021,Runnymede 008A,E01030677,801,199,70,129,602,505,97
2021,Runnymede 008B,E01030678,714,168,57,111,546,457,89
2021,Runnymede 008C,E01030679,551,159,58,101,392,292,100
2021,Runnymede 008D,E01030680,714,245,99,146,469,385,84
2021,Runnymede 010A,E01030681,862,238,88,150,624,518,106
2021,Runnymede 010B,E01030682,737,193,62,131,544,467,77
2021,Runnymede 010C,E01030683,790,217,80,137,573,480,93
2021,Runnymede 009E,E01030684,814,216,79,137,598,506,92
2021,Runnymede 004C,E01030685,712,206,78,128,506,400,106
2021,Runnymede 004D,E01030686,715,235,102,133,480,384,96
2021,Runnymede 003E,E01030687,684,186,70,116,498,418,80
2021,Runnymede 003F,E01030688,859,244,76,168,615,529,86
2021,Runnymede 005A,E01030689,767,207,103,104,560,416,144
2021,Runnymede 005B,E01030690,785,199,88,111,586,444,142
2021,Runnymede 005C,E01030691,731,221,82,139,510,364,146
2021,Runnymede 005D,E01030692,668,175,73,102,493,358,135
2021,Runnymede 010D,E01030693,586,149,56,93,437,335,102
2021,Runnymede 010E,E01030694,688,201,75,126,487,404,83
2021,Runnymede 010F,E01030695,559,175,83,92,384,290,94
2021,Runnymede 010G,E01030696,766,235,93,142,531,450,81
2021,Spelthorne 006A,E01030697,888,243,84,159,645,567,78
2021,Spelthorne 006B,E01030698,912,253,102,151,659,573,86
2021,Spelthorne 006C,E01030699,700,187,65,122,513,433,80
2021,Spelthorne 006D,E01030700,960,252,92,160,708,618,90
2021,Spelthorne 005A,E01030701,797,215,77,138,582,514,68
2021,Spelthorne 005B,E01030702,600,155,59,96,445,397,48
2021,Spelthorne 005C,E01030703,786,225,87,138,561,467,94
2021,Spelthorne 005D,E01030704,796,225,71,154,571,485,86
2021,Spelthorne 005E,E01030705,870,223,79,144,647,567,80
2021,Spelthorne 005F,E01030706,807,188,60,128,619,550,69
2021,Spelthorne 003A,E01030707,1144,279,95,184,865,734,131
2021,Spelthorne 003B,E01030708,864,213,66,147,651,574,77
2021,Spelthorne 002A,E01030709,935,265,100,165,670,592,78
2021,Spelthorne 002B,E01030710,1024,265,87,178,759,668,91
2021,Spelthorne 002C,E01030711,916,239,80,159,677,574,103
2021,Spelthorne 003C,E01030712,891,215,73,142,676,563,113
2021,Spelthorne 003D,E01030713,726,176,49,127,550,469,81
2021,Spelthorne 003E,E01030714,681,166,54,112,515,458,57
2021,Spelthorne 003F,E01030715,826,211,79,132,615,519,96
2021,Spelthorne 003G,E01030716,774,192,70,122,582,499,83
2021,Spelthorne 011A,E01030717,810,230,86,144,580,501,79
2021,Spelthorne 011B,E01030718,693,191,67,124,502,412,90
2021,Spelthorne 011C,E01030719,731,242,98,144,489,386,103
2021,Spelthorne 011D,E01030720,849,245,96,149,604,494,110
2021,Spelthorne 012A,E01030721,691,205,83,122,486,386,100
2021,Spelthorne 012B,E01030722,810,206,64,142,604,505,99
2021,Spelthorne 012C,E01030723,775,226,97,129,549,445,104
2021,Spelthorne 012D,E01030724,764,217,62,155,547,459,88
2021,Spelthorne 006E,E01030725,1202,287,94,193,915,807,108
2021,Spelthorne 009A,E01030726,936,241,83,158,695,584,111
2021,Spelthorne 009B,E01030727,960,244,84,160,716,614,102
2021,Spelthorne 009C,E01030728,800,217,91,126,583,472,111
2021,Spelthorne 007A,E01030729,737,220,74,146,517,432,85
2021,Spelthorne 013A,E01030730,803,236,84,152,567,461,106
2021,Spelthorne 013B,E01030731,925,298,106,192,627,524,103
2021,Spelthorne 013C,E01030732,714,220,96,124,494,379,115
2021,Spelthorne 013D,E01030733,807,208,78,130,599,472,127
2021,Spelthorne 004A,E01030734,814,227,94,133,587,510,77
2021,Spelthorne 004B,E01030735,841,195,83,112,646,547,99
2021,Spelthorne 004D,E01030737,778,187,75,112,591,503,88
2021,Spelthorne 004E,E01030738,823,187,74,113,636,550,86
2021,Spelthorne 007B,E01030739,846,230,92,138,616,538,78
2021,Spelthorne 007C,E01030740,849,245,85,160,604,530,74
2021,Spelthorne 007D,E01030741,882,240,93,147,642,553,89
2021,Spelthorne 009D,E01030742,932,244,102,142,688,590,98
2021,Spelthorne 001A,E01030743,835,208,80,128,627,526,101
2021,Spelthorne 001B,E01030744,873,236,72,164,637,534,103
2021,Spelthorne 001C,E01030745,869,253,90,163,616,538,78
2021,Spelthorne 002D,E01030746,853,232,80,152,621,549,72
2021,Spelthorne 001D,E01030747,744,194,68,126,550,462,88
2021,Spelthorne 008A,E01030748,897,250,95,155,647,542,105
2021,Spelthorne 008B,E01030749,741,184,61,123,557,480,77
2021,Spelthorne 008C,E01030750,752,226,83,143,526,434,92
2021,Spelthorne 008D,E01030751,970,233,79,154,737,617,120
2021,Spelthorne 008E,E01030752,830,243,88,155,587,535,52
2021,Spelthorne 010A,E01030753,864,258,95,163,606,479,127
2021,Spelthorne 010B,E01030754,1070,307,116,191,763,593,170
2021,Spelthorne 010C,E01030755,1076,300,99,201,776,654,122
2021,Spelthorne 010D,E01030756,803,220,95,125,583,468,115
2021,Surrey Heath 002A,E01030757,940,222,79,143,718,599,119
2021,Surrey Heath 002B,E01030758,594,171,61,110,423,370,53
2021,Surrey Heath 002C,E01030759,736,207,72,135,529,451,78
2021,Surrey Heath 002D,E01030760,792,216,72,144,576,480,96
2021,Surrey Heath 006A,E01030761,1135,334,136,198,801,662,139
2021,Surrey Heath 006B,E01030762,1027,274,115,159,753,635,118
2021,Surrey Heath 001A,E01030763,592,179,70,109,413,306,107
2021,Surrey Heath 001B,E01030764,605,199,82,117,406,283,123
2021,Surrey Heath 001C,E01030765,716,218,91,127,498,415,83
2021,Surrey Heath 010A,E01030766,1011,243,86,157,768,666,102
2021,Surrey Heath 010B,E01030767,890,212,64,148,678,603,75
2021,Surrey Heath 010C,E01030768,672,182,60,122,490,425,65
2021,Surrey Heath 010D,E01030769,682,193,72,121,489,411,78
2021,Surrey Heath 011A,E01030770,774,240,82,158,534,454,80
2021,Surrey Heath 011B,E01030771,612,170,56,114,442,370,72
2021,Surrey Heath 011C,E01030772,774,228,78,150,546,464,82
2021,Surrey Heath 011D,E01030773,718,213,70,143,505,424,81
2021,Surrey Heath 007A,E01030774,815,213,72,141,602,507,95
2021,Surrey Heath 007B,E01030775,714,213,90,123,501,408,93
2021,Surrey Heath 007C,E01030776,773,246,99,147,527,432,95
2021,Surrey Heath 007D,E01030777,819,217,70,147,602,507,95
2021,Surrey Heath 003A,E01030778,881,241,103,138,640,523,117
2021,Surrey Heath 003B,E01030779,807,228,100,128,579,465,114
2021,Surrey Heath 003C,E01030780,795,224,85,139,571,445,126
2021,Surrey Heath 003D,E01030781,824,233,78,155,591,490,101
2021,Surrey Heath 012A,E01030782,773,207,67,140,566,478,88
2021,Surrey Heath 012B,E01030783,891,209,73,136,682,558,124
2021,Surrey Heath 012C,E01030784,1379,314,109,205,1065,886,179
2021,Surrey Heath 012D,E01030785,765,214,69,145,551,457,94
2021,Surrey Heath 004A,E01030786,885,262,91,171,623,539,84
2021,Surrey Heath 004B,E01030787,750,211,71,140,539,474,65
2021,Surrey Heath 004C,E01030788,621,186,65,121,435,377,58
2021,Surrey Heath 009A,E01030789,779,201,97,104,578,454,124
2021,Surrey Heath 009B,E01030790,906,248,84,164,658,569,89
2021,Surrey Heath 009C,E01030791,845,253,88,165,592,519,73
2021,Surrey Heath 009D,E01030792,608,176,76,100,432,331,101
2021,Surrey Heath 008A,E01030793,1132,311,116,195,821,696,125
2021,Surrey Heath 008B,E01030794,824,188,66,122,636,531,105
2021,Surrey Heath 008C,E01030795,1250,300,118,182,950,781,169
2021,Surrey Heath 005A,E01030796,666,188,80,108,478,380,98
2021,Surrey Heath 005B,E01030797,725,189,74,115,536,447,89
2021,Surrey Heath 005C,E01030798,733,203,83,120,530,413,117
2021,Surrey Heath 005D,E01030799,680,178,83,95,502,372,130
2021,Surrey Heath 005E,E01030800,1011,267,96,171,744,587,157
2021,Surrey Heath 004D,E01030801,984,225,86,139,759,608,151
2021,Surrey Heath 004E,E01030802,927,238,102,136,689,555,134
2021,Surrey Heath 008D,E01030803,960,245,74,171,715,637,78
2021,Surrey Heath 008E,E01030804,811,240,115,125,571,419,152
2021,Surrey Heath 008F,E01030805,783,215,77,138,568,489,79
2021,Surrey Heath 006C,E01030806,758,261,105,156,497,397,100
2021,Surrey Heath 006D,E01030807,1253,296,109,187,957,752,205
2021,Surrey Heath 006E,E01030808,884,234,97,137,650,527,123
2021,Surrey Heath 001D,E01030809,745,238,85,153,507,398,109
2021,Surrey Heath 001E,E01030810,631,183,78,105,448,341,107
2021,Surrey Heath 001F,E01030811,711,196,86,110,515,367,148
2021,Tandridge 008A,E01030812,815,252,94,158,563,450,113
2021,Tandridge 008B,E01030813,772,225,91,134,547,431,116
2021,Tandridge 008C,E01030814,629,177,72,105,452,332,120
2021,Tandridge 008D,E01030815,743,203,80,123,540,418,122
2021,Tandridge 011A,E01030816,799,246,109,137,553,414,139
2021,Tandridge 011B,E01030817,704,204,80,124,500,393,107
2021,Tandridge 011C,E01030818,606,199,62,137,407,348,59
2021,Tandridge 011D,E01030819,877,258,99,159,619,463,156
2021,Tandridge 005A,E01030820,796,274,108,166,522,379,143
2021,Tandridge 010A,E01030821,999,307,108,199,692,554,138
2021,Tandridge 010B,E01030822,909,283,130,153,626,463,163
2021,Tandridge 011E,E01030823,1092,366,173,193,726,560,166
2021,Tandridge 009A,E01030824,743,206,55,151,537,448,89
2021,Tandridge 009B,E01030825,683,195,90,105,488,387,101
2021,Tandridge 009C,E01030826,753,221,73,148,532,433,99
2021,Tandridge 009D,E01030827,872,256,100,156,616,499,117
2021,Tandridge 004A,E01030828,649,193,89,104,456,333,123
2021,Tandridge 004B,E01030829,902,218,84,134,684,531,153
2021,Tandridge 004C,E01030830,715,189,73,116,526,449,77
2021,Tandridge 006A,E01030831,1045,320,151,169,725,524,201
2021,Tandridge 006B,E01030832,638,202,106,96,436,311,125
2021,Tandridge 010C,E01030833,638,198,78,120,440,355,85
2021,Tandridge 010D,E01030834,692,222,84,138,470,375,95
2021,Tandridge 010E,E01030835,750,235,86,149,515,428,87
2021,Tandridge 006C,E01030836,773,227,90,137,546,435,111
2021,Tandridge 006D,E01030837,752,225,87,138,527,427,100
2021,Tandridge 006E,E01030838,709,213,88,125,496,387,109
2021,Tandridge 006F,E01030839,619,177,67,110,442,313,129
2021,Tandridge 007A,E01030840,691,212,80,132,479,400,79
2021,Tandridge 007B,E01030841,610,198,89,109,412,302,110
2021,Tandridge 007C,E01030842,1163,323,125,198,840,700,140
2021,Tandridge 007D,E01030843,707,238,97,141,469,378,91
2021,Tandridge 003A,E01030844,924,275,115,160,649,527,122
2021,Tandridge 003B,E01030845,641,185,51,134,456,396,60
2021,Tandridge 003C,E01030846,734,218,83,135,516,431,85
2021,Tandridge 005B,E01030847,711,199,86,113,512,407,105
2021,Tandridge 005C,E01030848,1143,366,144,222,777,629,148
2021,Tandridge 004D,E01030850,1141,316,110,206,825,706,119
2021,Tandridge 004E,E01030851,1081,279,85,194,802,673,129
2021,Tandridge 012A,E01030852,920,299,121,178,621,491,130
2021,Tandridge 012B,E01030853,827,255,92,163,572,463,109
2021,Tandridge 012C,E01030854,905,295,104,191,610,504,106
2021,Tandridge 002A,E01030855,933,259,111,148,674,495,179
2021,Tandridge 002B,E01030856,792,213,93,120,579,469,110
2021,Tandridge 003D,E01030857,1125,334,118,216,791,682,109
2021,Tandridge 003E,E01030858,1369,361,133,228,1008,849,159
2021,Tandridge 002C,E01030859,1145,302,120,182,843,729,114
2021,Tandridge 004F,E01030861,961,267,127,140,694,452,242
2021,Waverley 015A,E01030862,831,272,108,164,559,433,126
2021,Waverley 008A,E01030863,853,283,123,160,570,412,158
2021,Waverley 012A,E01030864,944,275,127,148,669,453,216
2021,Waverley 008B,E01030865,725,212,98,114,513,374,139
2021,Waverley 008C,E01030866,745,209,88,121,536,387,149
2021,Waverley 015B,E01030867,766,266,122,144,500,372,128
2021,Waverley 015C,E01030868,615,197,66,131,418,315,103
2021,Waverley 015D,E01030869,598,195,88,107,403,287,116
2021,Waverley 013A,E01030870,714,254,111,143,460,351,109
2021,Waverley 013B,E01030871,944,318,116,202,626,506,120
2021,Waverley 013C,E01030872,820,250,94,156,570,478,92
2021,Waverley 013D,E01030873,649,202,98,104,447,359,88
2021,Waverley 013E,E01030874,600,186,89,97,414,277,137
2021,Waverley 013F,E01030875,899,241,100,141,658,548,110
2021,Waverley 013G,E01030876,648,210,79,131,438,346,92
2021,Waverley 011A,E01030877,520,188,80,108,332,264,68
2021,Waverley 011B,E01030878,758,262,105,157,496,368,128
2021,Waverley 012B,E01030879,541,191,95,96,350,237,113
2021,Waverley 015E,E01030880,943,338,161,177,605,447,158
2021,Waverley 004A,E01030881,641,202,87,115,439,300,139
2021,Waverley 006A,E01030882,667,237,85,152,430,308,122
2021,Waverley 004B,E01030883,636,220,102,118,416,284,132
2021,Waverley 003A,E01030884,719,243,107,136,476,387,89
2021,Waverley 003B,E01030885,668,185,87,98,483,389,94
2021,Waverley 003C,E01030886,658,223,83,140,435,349,86
2021,Waverley 006B,E01030887,676,205,80,125,471,355,116
2021,Waverley 004C,E01030888,800,236,99,137,564,448,116
2021,Waverley 006C,E01030889,727,230,104,126,497,407,90
2021,Waverley 001A,E01030890,771,212,93,119,559,462,97
2021,Waverley 002A,E01030891,832,265,96,169,567,457,110
2021,Waverley 002B,E01030892,717,188,66,122,529,455,74
2021,Waverley 003D,E01030893,985,312,129,183,673,557,116
2021,Waverley 004D,E01030894,695,222,97,125,473,310,163
2021,Waverley 003E,E01030895,767,241,97,144,526,428,98
2021,Waverley 006D,E01030896,642,236,105,131,406,340,66
2021,Waverley 006E,E01030897,660,217,93,124,443,349,94
2021,Waverley 009A,E01030898,781,239,95,144,542,436,106
2021,Waverley 002C,E01030899,794,236,104,132,558,453,105
2021,Waverley 002D,E01030900,621,208,76,132,413,338,75
2021,Waverley 002E,E01030901,643,217,93,124,426,371,55
2021,Waverley 001B,E01030902,634,189,69,120,445,367,78
2021,Waverley 001C,E01030903,1098,276,96,180,822,686,136
2021,Waverley 001D,E01030904,691,221,95,126,470,381,89
2021,Waverley 009B,E01030905,835,234,91,143,601,495,106
2021,Waverley 009C,E01030906,978,317,138,179,661,530,131
2021,Waverley 009D,E01030907,561,166,83,83,395,282,113
2021,Waverley 018A,E01030908,758,247,119,128,511,326,185
2021,Waverley 018B,E01030909,630,202,93,109,428,321,107
2021,Waverley 018C,E01030910,517,182,73,109,335,242,93
2021,Waverley 005A,E01030911,776,259,90,169,517,420,97
2021,Waverley 005B,E01030912,664,224,73,151,440,373,67
2021,Waverley 005C,E01030913,653,193,58,135,460,389,71
2021,Waverley 010A,E01030914,678,209,67,142,469,398,71
2021,Waverley 010B,E01030915,775,230,81,149,545,446,99
2021,Waverley 007A,E01030916,1300,330,111,219,970,764,206
2021,Waverley 007B,E01030917,681,161,60,101,520,381,139
2021,Waverley 007C,E01030918,586,174,75,99,412,341,71
2021,Waverley 007D,E01030919,653,218,90,128,435,302,133
2021,Waverley 005D,E01030920,860,223,78,145,637,546,91
2021,Waverley 005E,E01030921,902,242,77,165,660,553,107
2021,Waverley 007E,E01030922,988,275,110,165,713,589,124
2021,Waverley 010C,E01030923,764,240,105,135,524,389,135
2021,Waverley 010D,E01030924,611,186,78,108,425,347,78
2021,Waverley 010E,E01030925,766,248,116,132,518,391,127
2021,Waverley 017A,E01030926,749,232,105,127,517,422,95
2021,Waverley 017B,E01030927,648,214,79,135,434,367,67
2021,Waverley 017C,E01030928,943,260,94,166,683,581,102
2021,Waverley 017D,E01030929,673,199,78,121,474,364,110
2021,Waverley 016A,E01030930,667,200,92,108,467,334,133
2021,Waverley 016B,E01030931,827,267,118,149,560,410,150
2021,Waverley 016C,E01030932,799,259,97,162,540,418,122
2021,Waverley 016D,E01030933,846,267,105,162,579,448,131
2021,Waverley 018D,E01030934,654,189,90,99,465,347,118
2021,Waverley 018E,E01030935,667,238,102,136,429,308,121
2021,Waverley 011C,E01030937,866,271,103,168,595,472,123
2021,Waverley 011D,E01030938,562,177,60,117,385,308,77
2021,Waverley 011E,E01030939,622,223,89,134,399,308,91
2021,Waverley 008D,E01030940,852,279,121,158,573,407,166
2021,Waverley 012C,E01030941,683,194,91,103,489,368,121
2021,Waverley 012D,E01030942,648,189,83,106,459,333,126
2021,Waverley 012E,E01030943,691,240,98,142,451,382,69
2021,Woking 012A,E01030944,684,203,75,128,481,352,129
2021,Woking 012B,E01030945,692,154,55,99,538,435,103
2021,Woking 001A,E01030946,677,206,77,129,471,409,62
2021,Woking 001B,E01030947,764,228,84,144,536,443,93
2021,Woking 001C,E01030948,871,244,87,157,627,534,93
2021,Woking 001D,E01030949,1030,299,104,195,731,626,105
2021,Woking 001E,E01030950,775,232,76,156,543,438,105
2021,Woking 005A,E01030951,716,177,69,108,539,456,83
2021,Woking 005B,E01030952,645,233,72,161,412,357,55
2021,Woking 005C,E01030953,745,219,76,143,526,457,69
2021,Woking 008A,E01030954,1402,261,76,185,1141,942,199
2021,Woking 010A,E01030955,684,181,62,119,503,427,76
2021,Woking 005D,E01030956,679,186,63,123,493,434,59
2021,Woking 005E,E01030957,654,190,63,127,464,402,62
2021,Woking 005F,E01030958,804,212,62,150,592,515,77
2021,Woking 005G,E01030959,493,131,43,88,362,301,61
2021,Woking 009A,E01030960,977,264,81,183,713,612,101
2021,Woking 009B,E01030961,977,289,105,184,688,578,110
2021,Woking 009C,E01030962,785,237,80,157,548,470,78
2021,Woking 003A,E01030963,644,193,85,108,451,331,120
2021,Woking 003B,E01030964,914,203,92,111,711,580,131
2021,Woking 003C,E01030965,716,203,78,125,513,374,139
2021,Woking 003D,E01030966,724,207,85,122,517,417,100
2021,Woking 003E,E01030967,748,222,99,123,526,407,119
2021,Woking 003F,E01030968,629,180,73,107,449,351,98
2021,Woking 008B,E01030969,725,191,76,115,534,427,107
2021,Woking 008C,E01030970,724,169,60,109,555,454,101
2021,Woking 011A,E01030971,1191,296,106,190,895,779,116
2021,Woking 011B,E01030972,1021,281,111,170,740,646,94
2021,Woking 007A,E01030974,798,215,89,126,583,508,75
2021,Woking 007B,E01030975,730,223,79,144,507,419,88
2021,Woking 007C,E01030976,825,219,85,134,606,508,98
2021,Woking 007D,E01030977,909,265,97,168,644,540,104
2021,Woking 012C,E01030978,1223,286,90,196,937,771,166
2021,Woking 007E,E01030979,1135,289,102,187,846,699,147
2021,Woking 004A,E01030980,890,270,107,163,620,524,96
2021,Woking 004B,E01030981,840,313,125,188,527,467,60
2021,Woking 004D,E01030983,1009,279,113,166,730,641,89
2021,Woking 004E,E01030984,1015,350,135,215,665,594,71
2021,Woking 012D,E01030986,481,131,64,67,350,278,72
2021,Woking 012E,E01030987,615,171,89,82,444,318,126
2021,Woking 006A,E01030988,1108,243,110,133,865,691,174
2021,Woking 006B,E01030989,983,274,121,153,709,553,156
2021,Woking 006C,E01030990,645,163,80,83,482,325,157
2021,Woking 008D,E01030991,1150,209,72,137,941,785,156
2021,Woking 010B,E01030992,971,251,102,149,720,580,140
2021,Woking 011D,E01030994,1106,292,98,194,814,703,111
2021,Woking 011E,E01030995,924,240,78,162,684,595,89
2021,Woking 002A,E01030996,707,233,101,132,474,352,122
2021,Woking 006D,E01030997,665,215,96,119,450,377,73
2021,Woking 002B,E01030998,760,235,100,135,525,395,130
2021,Woking 010C,E01030999,575,173,89,84,402,268,134
2021,Woking 009D,E01031000,750,210,80,130,540,428,112
2021,Woking 010D,E01031001,901,249,115,134,652,528,124
2021,Woking 002C,E01031002,808,239,108,131,569,410,159
2021,Woking 002D,E01031003,873,255,129,126,618,438,180
2021,Woking 002E,E01031004,1268,276,95,181,992,842,150
2021,North Warwickshire 005A,E01031005,806,209,67,142,597,511,86
2021,North Warwickshire 007A,E01031006,710,208,69,139,502,431,71
2021,North Warwickshire 007B,E01031007,606,163,55,108,443,356,87
2021,North Warwickshire 005B,E01031008,720,222,73,149,498,415,83
2021,North Warwickshire 003A,E01031009,1110,297,93,204,813,690,123
2021,North Warwickshire 003B,E01031010,900,245,83,162,655,570,85
2021,North Warwickshire 003C,E01031011,1144,293,100,193,851,724,127
2021,North Warwickshire 003D,E01031012,634,183,46,137,451,380,71
2021,North Warwickshire 003E,E01031013,455,134,50,84,321,274,47
2021,North Warwickshire 003F,E01031014,553,163,54,109,390,321,69
2021,North Warwickshire 003G,E01031015,604,174,49,125,430,377,53
2021,North Warwickshire 002A,E01031016,729,225,78,147,504,430,74
2021,North Warwickshire 005C,E01031017,874,224,73,151,650,512,138
2021,North Warwickshire 005D,E01031018,551,155,53,102,396,334,62
2021,North Warwickshire 006A,E01031019,922,252,77,175,670,573,97
2021,North Warwickshire 006B,E01031020,807,208,66,142,599,526,73
2021,North Warwickshire 006C,E01031021,811,228,73,155,583,505,78
2021,North Warwickshire 006D,E01031022,918,240,74,166,678,580,98
2021,North Warwickshire 004A,E01031023,785,230,87,143,555,446,109
2021,North Warwickshire 004B,E01031024,959,268,105,163,691,534,157
2021,North Warwickshire 002B,E01031025,849,225,76,149,624,539,85
2021,North Warwickshire 002C,E01031026,708,236,65,171,472,401,71
2021,North Warwickshire 007C,E01031027,858,250,91,159,608,458,150
2021,North Warwickshire 007D,E01031028,948,262,103,159,686,536,150
2021,North Warwickshire 005E,E01031029,771,199,59,140,572,497,75
2021,North Warwickshire 005F,E01031030,1101,335,103,232,766,657,109
2021,North Warwickshire 002D,E01031031,1299,370,125,245,929,789,140
2021,North Warwickshire 002E,E01031032,623,168,49,119,455,394,61
2021,North Warwickshire 004C,E01031033,843,223,71,152,620,530,90
2021,North Warwickshire 004D,E01031034,919,268,83,185,651,563,88
2021,North Warwickshire 001A,E01031035,958,280,114,166,678,569,109
2021,North Warwickshire 001B,E01031036,859,233,96,137,626,504,122
2021,North Warwickshire 001C,E01031037,999,245,77,168,754,661,93
2021,North Warwickshire 001D,E01031038,954,274,85,189,680,581,99
2021,North Warwickshire 001E,E01031039,808,227,77,150,581,506,75
2021,North Warwickshire 001F,E01031040,917,243,75,168,674,577,97
2021,North Warwickshire 006E,E01031041,840,220,64,156,620,529,91
2021,North Warwickshire 006F,E01031042,900,242,74,168,658,558,100
2021,Nuneaton and Bedworth 005A,E01031043,812,235,65,170,577,525,52
2021,Nuneaton and Bedworth 005B,E01031044,780,218,59,159,562,507,55
2021,Nuneaton and Bedworth 005C,E01031045,946,244,75,169,702,594,108
2021,Nuneaton and Bedworth 005D,E01031046,796,222,58,164,574,514,60
2021,Nuneaton and Bedworth 005E,E01031047,1016,271,81,190,745,689,56
2021,Nuneaton and Bedworth 008A,E01031048,629,160,45,115,469,418,51
2021,Nuneaton and Bedworth 008B,E01031049,1434,365,112,253,1069,961,108
2021,Nuneaton and Bedworth 008C,E01031050,940,203,65,138,737,641,96
2021,Nuneaton and Bedworth 008D,E01031051,619,167,43,124,452,399,53
2021,Nuneaton and Bedworth 010A,E01031052,783,202,66,136,581,510,71
2021,Nuneaton and Bedworth 010B,E01031053,613,163,53,110,450,394,56
2021,Nuneaton and Bedworth 010C,E01031054,762,225,63,162,537,470,67
2021,Nuneaton and Bedworth 010D,E01031055,932,234,69,165,698,604,94
2021,Nuneaton and Bedworth 010E,E01031056,678,184,53,131,494,421,73
2021,Nuneaton and Bedworth 006A,E01031057,586,174,60,114,412,357,55
2021,Nuneaton and Bedworth 006B,E01031058,660,187,43,144,473,429,44
2021,Nuneaton and Bedworth 006C,E01031059,841,221,44,177,620,564,56
2021,Nuneaton and Bedworth 006D,E01031060,647,173,49,124,474,414,60
2021,Nuneaton and Bedworth 006E,E01031061,789,205,54,151,584,517,67
2021,Nuneaton and Bedworth 013A,E01031062,519,158,50,108,361,312,49
2021,Nuneaton and Bedworth 013B,E01031063,467,143,39,104,324,286,38
2021,Nuneaton and Bedworth 013C,E01031064,537,149,53,96,388,353,35
2021,Nuneaton and Bedworth 013D,E01031065,725,212,73,139,513,452,61
2021,Nuneaton and Bedworth 013E,E01031066,651,196,52,144,455,403,52
2021,Nuneaton and Bedworth 014A,E01031067,584,163,49,114,421,378,43
2021,Nuneaton and Bedworth 014B,E01031068,764,205,48,157,559,505,54
2021,Nuneaton and Bedworth 014C,E01031069,586,172,41,131,414,354,60
2021,Nuneaton and Bedworth 014D,E01031070,601,163,55,108,438,385,53
2021,Nuneaton and Bedworth 002C,E01031073,978,256,93,163,722,629,93
2021,Nuneaton and Bedworth 002D,E01031074,719,213,51,162,506,429,77
2021,Nuneaton and Bedworth 002E,E01031075,1014,277,81,196,737,636,101
2021,Nuneaton and Bedworth 018A,E01031077,820,224,58,166,596,526,70
2021,Nuneaton and Bedworth 018B,E01031078,1093,293,98,195,800,718,82
2021,Nuneaton and Bedworth 018C,E01031079,711,198,65,133,513,463,50
2021,Nuneaton and Bedworth 018D,E01031080,723,202,60,142,521,469,52
2021,Nuneaton and Bedworth 004A,E01031081,802,197,57,140,605,539,66
2021,Nuneaton and Bedworth 004B,E01031082,838,202,55,147,636,553,83
2021,Nuneaton and Bedworth 004C,E01031083,954,251,80,171,703,597,106
2021,Nuneaton and Bedworth 004D,E01031084,1207,285,88,197,922,788,134
2021,Nuneaton and Bedworth 004E,E01031085,702,186,56,130,516,454,62
2021,Nuneaton and Bedworth 016A,E01031086,896,249,71,178,647,584,63
2021,Nuneaton and Bedworth 016B,E01031087,1024,274,77,197,750,656,94
2021,Nuneaton and Bedworth 016C,E01031088,1034,289,80,209,745,632,113
2021,Nuneaton and Bedworth 016D,E01031089,615,181,62,119,434,384,50
2021,Nuneaton and Bedworth 007A,E01031090,624,177,58,119,447,394,53
2021,Nuneaton and Bedworth 007B,E01031091,756,216,52,164,540,458,82
2021,Nuneaton and Bedworth 007C,E01031092,676,190,57,133,486,441,45
2021,Nuneaton and Bedworth 007D,E01031093,572,167,52,115,405,360,45
2021,Nuneaton and Bedworth 007E,E01031094,617,161,49,112,456,408,48
2021,Nuneaton and Bedworth 015A,E01031095,514,153,36,117,361,318,43
2021,Nuneaton and Bedworth 015B,E01031096,661,180,53,127,481,434,47
2021,Nuneaton and Bedworth 015C,E01031097,681,218,62,156,463,396,67
2021,Nuneaton and Bedworth 015D,E01031098,698,200,61,139,498,440,58
2021,Nuneaton and Bedworth 015E,E01031099,1292,305,82,223,987,884,103
2021,Nuneaton and Bedworth 003A,E01031100,702,178,64,114,524,467,57
2021,Nuneaton and Bedworth 003B,E01031101,696,204,73,131,492,439,53
2021,Nuneaton and Bedworth 003C,E01031102,661,152,59,93,509,442,67
2021,Nuneaton and Bedworth 003E,E01031104,543,181,63,118,362,310,52
2021,Nuneaton and Bedworth 012A,E01031105,700,208,60,148,492,435,57
2021,Nuneaton and Bedworth 012B,E01031106,625,176,61,115,449,390,59
2021,Nuneaton and Bedworth 012C,E01031107,584,160,51,109,424,380,44
2021,Nuneaton and Bedworth 012D,E01031108,728,200,58,142,528,461,67
2021,Nuneaton and Bedworth 012E,E01031109,695,171,45,126,524,472,52
2021,Nuneaton and Bedworth 001A,E01031110,735,187,55,132,548,472,76
2021,Nuneaton and Bedworth 001B,E01031111,459,140,47,93,319,267,52
2021,Nuneaton and Bedworth 001C,E01031112,764,215,76,139,549,481,68
2021,Nuneaton and Bedworth 001E,E01031114,673,209,64,145,464,400,64
2021,Nuneaton and Bedworth 009A,E01031115,838,218,62,156,620,544,76
2021,Nuneaton and Bedworth 009B,E01031116,619,188,51,137,431,384,47
2021,Nuneaton and Bedworth 009C,E01031117,672,181,55,126,491,439,52
2021,Nuneaton and Bedworth 009D,E01031118,512,157,45,112,355,312,43
2021,Nuneaton and Bedworth 009E,E01031119,754,224,80,144,530,472,58
2021,Nuneaton and Bedworth 011A,E01031120,666,167,50,117,499,431,68
2021,Nuneaton and Bedworth 011B,E01031121,581,172,50,122,409,362,47
2021,Nuneaton and Bedworth 011C,E01031122,689,192,60,132,497,429,68
2021,Nuneaton and Bedworth 011D,E01031123,515,138,42,96,377,315,62
2021,Nuneaton and Bedworth 011E,E01031124,707,199,70,129,508,441,67
2021,Rugby 007A,E01031125,754,200,60,140,554,484,70
2021,Rugby 007C,E01031127,755,232,83,149,523,453,70
2021,Rugby 014D,E01031129,598,167,50,117,431,337,94
2021,Rugby 005A,E01031130,1151,241,65,176,910,820,90
2021,Rugby 005B,E01031131,1119,211,78,133,908,806,102
2021,Rugby 005C,E01031132,1151,223,72,151,928,806,122
2021,Rugby 005D,E01031133,783,229,78,151,554,478,76
2021,Rugby 011A,E01031134,732,221,86,135,511,424,87
2021,Rugby 011B,E01031135,616,176,56,120,440,379,61
2021,Rugby 011C,E01031136,883,227,85,142,656,581,75
2021,Rugby 002A,E01031137,655,143,46,97,512,456,56
2021,Rugby 002B,E01031138,659,185,62,123,474,416,58
2021,Rugby 002C,E01031139,923,242,77,165,681,569,112
2021,Rugby 002D,E01031140,652,186,57,129,466,405,61
2021,Rugby 002F,E01031142,842,216,68,148,626,538,88
2021,Rugby 009A,E01031143,670,165,47,118,505,421,84
2021,Rugby 009B,E01031144,822,186,71,115,636,530,106
2021,Rugby 009C,E01031145,520,109,39,70,411,296,115
2021,Rugby 009D,E01031146,694,205,67,138,489,423,66
2021,Rugby 012B,E01031148,840,250,103,147,590,457,133
2021,Rugby 012C,E01031149,749,210,91,119,539,421,118
2021,Rugby 012D,E01031150,542,171,55,116,371,286,85
2021,Rugby 004A,E01031151,715,220,75,145,495,402,93
2021,Rugby 004B,E01031152,473,131,44,87,342,284,58
2021,Rugby 004C,E01031153,807,239,83,156,568,481,87
2021,Rugby 004D,E01031154,867,219,77,142,648,545,103
2021,Rugby 008A,E01031155,699,210,80,130,489,417,72
2021,Rugby 008B,E01031156,832,217,74,143,615,525,90
2021,Rugby 008C,E01031157,1323,311,116,195,1012,878,134
2021,Rugby 008D,E01031158,512,143,43,100,369,320,49
2021,Rugby 013C,E01031159,786,230,96,134,556,451,105
2021,Rugby 013B,E01031160,1006,259,101,158,747,579,168
2021,Rugby 010A,E01031161,956,250,70,180,706,603,103
2021,Rugby 010B,E01031162,1117,260,81,179,857,749,108
2021,Rugby 010C,E01031163,653,213,77,136,440,375,65
2021,Rugby 007E,E01031165,708,220,65,155,488,390,98
2021,Rugby 012E,E01031166,1016,309,147,162,707,542,165
2021,Rugby 006A,E01031167,688,190,65,125,498,433,65
2021,Rugby 006B,E01031168,1543,361,108,253,1182,1031,151
2021,Rugby 006C,E01031169,1254,270,88,182,984,871,113
2021,Rugby 006D,E01031170,940,223,75,148,717,621,96
2021,Rugby 003A,E01031171,750,193,55,138,557,488,69
2021,Rugby 003B,E01031172,771,213,63,150,558,480,78
2021,Rugby 003C,E01031173,965,208,67,141,757,670,87
2021,Rugby 003D,E01031174,1215,248,77,171,967,873,94
2021,Rugby 011D,E01031175,553,147,52,95,406,341,65
2021,Rugby 011E,E01031176,760,186,63,123,574,505,69
2021,Rugby 011F,E01031177,700,179,65,114,521,451,70
2021,Rugby 011G,E01031178,642,192,65,127,450,386,64
2021,Rugby 010D,E01031179,1110,274,99,175,836,714,122
2021,Rugby 010E,E01031180,1053,299,111,188,754,647,107
2021,Rugby 004E,E01031181,933,226,85,141,707,589,118
2021,Rugby 013A,E01031182,1278,338,122,216,940,710,230
2021,Stratford-on-Avon 006A,E01031183,856,261,93,168,595,484,111
2021,Stratford-on-Avon 006B,E01031184,703,219,88,131,484,379,105
2021,Stratford-on-Avon 006C,E01031185,611,182,50,132,429,349,80
2021,Stratford-on-Avon 006D,E01031186,620,213,62,151,407,338,69
2021,Stratford-on-Avon 007A,E01031187,863,274,114,160,589,457,132
2021,Stratford-on-Avon 007B,E01031188,1191,388,143,245,803,628,175
2021,Stratford-on-Avon 012A,E01031189,852,293,121,172,559,451,108
2021,Stratford-on-Avon 012B,E01031190,1245,361,119,242,884,740,144
2021,Stratford-on-Avon 012C,E01031191,996,328,135,193,668,541,127
2021,Stratford-on-Avon 012D,E01031192,1275,383,153,230,892,733,159
2021,Stratford-on-Avon 015A,E01031193,1029,355,148,207,674,488,186
2021,Stratford-on-Avon 013A,E01031194,1254,338,144,194,916,720,196
2021,Stratford-on-Avon 002A,E01031195,1081,380,163,217,701,533,168
2021,Stratford-on-Avon 014A,E01031196,1273,418,197,221,855,627,228
2021,Stratford-on-Avon 005A,E01031197,643,181,63,118,462,305,157
2021,Stratford-on-Avon 005B,E01031198,732,225,99,126,507,372,135
2021,Stratford-on-Avon 005C,E01031199,1094,302,105,197,792,627,165
2021,Stratford-on-Avon 005D,E01031200,926,240,85,155,686,593,93
2021,Stratford-on-Avon 005E,E01031201,708,224,97,127,484,380,104
2021,Stratford-on-Avon 002B,E01031202,733,233,90,143,500,380,120
2021,Stratford-on-Avon 002C,E01031203,754,237,89,148,517,426,91
2021,Stratford-on-Avon 002D,E01031204,604,222,84,138,382,292,90
2021,Stratford-on-Avon 013B,E01031205,956,272,110,162,684,558,126
2021,Stratford-on-Avon 013C,E01031206,795,242,90,152,553,446,107
2021,Stratford-on-Avon 013D,E01031207,710,173,68,105,537,451,86
2021,Stratford-on-Avon 007C,E01031208,1052,336,128,208,716,584,132
2021,Stratford-on-Avon 015B,E01031209,1077,365,159,206,712,523,189
2021,Stratford-on-Avon 005F,E01031210,608,181,84,97,427,334,93
2021,Stratford-on-Avon 005G,E01031211,956,273,108,165,683,569,114
2021,Stratford-on-Avon 001A,E01031213,992,311,130,181,681,494,187
2021,Stratford-on-Avon 015C,E01031214,1176,374,128,246,802,664,138
2021,Stratford-on-Avon 015D,E01031215,878,269,92,177,609,514,95
2021,Stratford-on-Avon 015E,E01031216,710,222,75,147,488,400,88
2021,Stratford-on-Avon 008A,E01031217,590,204,79,125,386,306,80
2021,Stratford-on-Avon 008B,E01031218,646,222,101,121,424,317,107
2021,Stratford-on-Avon 004A,E01031219,1291,327,93,234,964,836,128
2021,Stratford-on-Avon 004B,E01031220,718,207,75,132,511,450,61
2021,Stratford-on-Avon 004C,E01031221,949,257,76,181,692,603,89
2021,Stratford-on-Avon 004D,E01031222,1383,336,128,208,1047,899,148
2021,Stratford-on-Avon 004E,E01031223,834,208,74,134,626,526,100
2021,Stratford-on-Avon 004F,E01031224,732,226,83,143,506,391,115
2021,Stratford-on-Avon 010A,E01031225,762,262,109,153,500,397,103
2021,Stratford-on-Avon 010C,E01031227,991,333,139,194,658,517,141
2021,Stratford-on-Avon 009A,E01031228,660,221,98,123,439,344,95
2021,Stratford-on-Avon 009B,E01031229,1089,292,115,177,797,663,134
2021,Stratford-on-Avon 009D,E01031231,1288,366,147,219,922,791,131
2021,Stratford-on-Avon 011A,E01031232,997,328,125,203,669,559,110
2021,Stratford-on-Avon 011B,E01031233,842,268,130,138,574,467,107
2021,Stratford-on-Avon 011C,E01031234,767,269,115,154,498,390,108
2021,Stratford-on-Avon 011D,E01031235,811,264,95,169,547,444,103
2021,Stratford-on-Avon 009E,E01031236,771,231,79,152,540,463,77
2021,Stratford-on-Avon 011E,E01031237,739,250,80,170,489,412,77
2021,Stratford-on-Avon 009F,E01031238,629,216,77,139,413,362,51
2021,Stratford-on-Avon 003A,E01031239,856,245,92,153,611,516,95
2021,Stratford-on-Avon 003B,E01031240,583,182,59,123,401,341,60
2021,Stratford-on-Avon 003C,E01031241,690,222,77,145,468,401,67
2021,Stratford-on-Avon 003D,E01031242,678,204,64,140,474,410,64
2021,Stratford-on-Avon 001B,E01031243,975,320,116,204,655,474,181
2021,Stratford-on-Avon 001C,E01031244,916,311,136,175,605,431,174
2021,Stratford-on-Avon 014C,E01031245,578,199,81,118,379,285,94
2021,Stratford-on-Avon 014D,E01031246,647,214,96,118,433,318,115
2021,Stratford-on-Avon 013E,E01031247,1229,396,177,219,833,599,234
2021,Stratford-on-Avon 012E,E01031248,1128,387,166,221,741,524,217
2021,Stratford-on-Avon 008C,E01031249,533,167,55,112,366,312,54
2021,Stratford-on-Avon 008E,E01031251,481,143,49,94,338,284,54
2021,Stratford-on-Avon 008F,E01031252,646,214,99,115,432,334,98
2021,Stratford-on-Avon 008G,E01031253,685,219,91,128,466,393,73
2021,Warwick 001A,E01031254,851,248,90,158,603,484,119
2021,Warwick 001B,E01031255,643,170,68,102,473,386,87
2021,Warwick 001C,E01031256,756,245,119,126,511,403,108
2021,Warwick 001D,E01031257,768,230,84,146,538,481,57
2021,Warwick 001E,E01031258,753,220,101,119,533,434,99
2021,Warwick 014A,E01031259,1582,378,139,239,1204,1013,191
2021,Warwick 014B,E01031260,1205,319,87,232,886,779,107
2021,Warwick 013A,E01031261,767,264,109,155,503,453,50
2021,Warwick 013B,E01031262,743,192,81,111,551,505,46
2021,Warwick 013C,E01031263,821,248,113,135,573,508,65
2021,Warwick 013D,E01031264,807,253,86,167,554,512,42
2021,Warwick 013E,E01031265,709,208,84,124,501,454,47
2021,Warwick 013F,E01031266,761,220,130,90,541,507,34
2021,Warwick 014C,E01031267,778,249,97,152,529,424,105
2021,Warwick 014D,E01031268,1437,390,142,248,1047,835,212
2021,Warwick 014E,E01031269,1000,296,121,175,704,566,138
2021,Warwick 010A,E01031271,904,213,97,116,691,573,118
2021,Warwick 007B,E01031272,906,212,89,123,694,590,104
2021,Warwick 006A,E01031273,551,165,50,115,386,338,48
2021,Warwick 006B,E01031274,713,231,80,151,482,424,58
2021,Warwick 006C,E01031275,572,177,62,115,395,344,51
2021,Warwick 006D,E01031276,745,229,75,154,516,452,64
2021,Warwick 005A,E01031277,755,243,98,145,512,431,81
2021,Warwick 005B,E01031278,791,224,70,154,567,468,99
2021,Warwick 005C,E01031279,616,205,68,137,411,362,49
2021,Warwick 005D,E01031280,635,184,70,114,451,341,110
2021,Warwick 004A,E01031281,819,260,103,157,559,410,149
2021,Warwick 004B,E01031282,831,289,125,164,542,418,124
2021,Warwick 004C,E01031283,666,208,79,129,458,348,110
2021,Warwick 004D,E01031284,646,236,92,144,410,305,105
2021,Warwick 007C,E01031285,1082,262,124,138,820,674,146
2021,Warwick 007D,E01031286,709,172,60,112,537,461,76
2021,Warwick 007E,E01031287,766,225,75,150,541,451,90
2021,Warwick 007F,E01031288,766,180,81,99,586,456,130
2021,Warwick 007G,E01031289,827,238,74,164,589,495,94
2021,Warwick 009A,E01031290,924,207,103,104,717,577,140
2021,Warwick 009B,E01031291,987,240,111,129,747,627,120
2021,Warwick 009C,E01031292,840,215,75,140,625,557,68
2021,Warwick 009D,E01031293,833,241,76,165,592,503,89
2021,Warwick 009E,E01031294,740,208,82,126,532,423,109
2021,Warwick 009F,E01031295,469,136,53,83,333,254,79
2021,Warwick 002A,E01031296,797,228,91,137,569,499,70
2021,Warwick 002B,E01031297,992,296,113,183,696,598,98
2021,Warwick 002C,E01031298,731,216,68,148,515,426,89
2021,Warwick 002D,E01031299,598,208,83,125,390,301,89
2021,Warwick 002E,E01031300,938,267,102,165,671,546,125
2021,Warwick 005E,E01031301,951,285,110,175,666,559,107
2021,Warwick 005F,E01031302,556,154,62,92,402,345,57
2021,Warwick 003A,E01031303,691,201,64,137,490,408,82
2021,Warwick 003B,E01031304,718,242,95,147,476,396,80
2021,Warwick 003C,E01031305,561,190,77,113,371,305,66
2021,Warwick 003D,E01031306,672,203,78,125,469,396,73
2021,Warwick 003E,E01031307,608,195,76,119,413,353,60
2021,Warwick 005G,E01031308,1056,419,238,181,637,501,136
2021,Warwick 008A,E01031309,1121,291,105,186,830,722,108
2021,Warwick 008B,E01031310,653,203,81,122,450,396,54
2021,Warwick 008C,E01031311,614,210,66,144,404,358,46
2021,Warwick 008D,E01031312,649,168,51,117,481,423,58
2021,Warwick 008E,E01031313,613,196,64,132,417,365,52
2021,Warwick 008F,E01031314,690,194,65,129,496,443,53
2021,Warwick 012A,E01031315,1354,336,121,215,1018,849,169
2021,Warwick 012B,E01031316,714,196,64,132,518,452,66
2021,Warwick 012C,E01031317,680,221,99,122,459,354,105
2021,Warwick 012E,E01031319,1048,278,108,170,770,650,120
2021,Warwick 012F,E01031320,686,186,76,110,500,431,69
2021,Warwick 011A,E01031321,624,190,68,122,434,386,48
2021,Warwick 011B,E01031322,1018,248,75,173,770,682,88
2021,Warwick 011C,E01031323,807,204,75,129,603,523,80
2021,Warwick 011D,E01031324,1234,270,108,162,964,818,146
2021,Warwick 011E,E01031325,720,233,86,147,487,415,72
2021,Warwick 015A,E01031327,739,202,60,142,537,489,48
2021,Warwick 015B,E01031328,1566,401,116,285,1165,1030,135
2021,Warwick 015C,E01031329,1396,349,126,223,1047,906,141
2021,Warwick 015D,E01031330,812,219,74,145,593,539,54
2021,Warwick 015E,E01031331,976,242,77,165,734,652,82
2021,Warwick 010B,E01031332,607,161,49,112,446,413,33
2021,Warwick 010C,E01031333,646,189,65,124,457,409,48
2021,Warwick 010D,E01031334,806,221,74,147,585,532,53
2021,Warwick 010E,E01031335,707,170,86,84,537,447,90
2021,Warwick 010F,E01031336,878,257,146,111,621,517,104
2021,Warwick 010G,E01031337,1058,258,100,158,800,692,108
2021,Adur 002A,E01031338,609,232,86,146,377,332,45
2021,Adur 002B,E01031339,610,227,89,138,383,331,52
2021,Adur 002C,E01031340,672,257,93,164,415,342,73
2021,Adur 008A,E01031341,661,238,70,168,423,373,50
2021,Adur 008B,E01031342,687,220,64,156,467,412,55
2021,Adur 008C,E01031343,688,213,76,137,475,411,64
2021,Adur 006A,E01031344,692,232,86,146,460,390,70
2021,Adur 003A,E01031345,777,276,82,194,501,431,70
2021,Adur 006B,E01031346,676,206,73,133,470,418,52
2021,Adur 004A,E01031347,724,249,80,169,475,414,61
2021,Adur 004B,E01031348,769,263,88,175,506,444,62
2021,Adur 001A,E01031349,665,238,68,170,427,367,60
2021,Adur 001B,E01031350,656,219,71,148,437,388,49
2021,Adur 001C,E01031351,769,275,76,199,494,410,84
2021,Adur 001D,E01031352,683,240,72,168,443,401,42
2021,Adur 003B,E01031353,581,197,77,120,384,295,89
2021,Adur 003C,E01031354,633,225,92,133,408,361,47
2021,Adur 003D,E01031355,886,303,94,209,583,497,86
2021,Adur 005A,E01031356,1196,404,153,251,792,657,135
2021,Adur 005B,E01031357,1135,394,144,250,741,636,105
2021,Adur 007A,E01031358,664,217,58,159,447,377,70
2021,Adur 003E,E01031359,696,232,73,159,464,405,59
2021,Adur 007B,E01031360,666,228,69,159,438,389,49
2021,Adur 006C,E01031361,651,206,71,135,445,374,71
2021,Adur 006D,E01031362,661,186,43,143,475,409,66
2021,Adur 006E,E01031363,660,223,70,153,437,385,52
2021,Adur 005C,E01031364,892,285,111,174,607,518,89
2021,Adur 002D,E01031365,862,325,115,210,537,444,93
2021,Adur 004C,E01031366,633,209,66,143,424,363,61
2021,Adur 002E,E01031367,614,229,87,142,385,326,59
2021,Adur 005D,E01031368,682,227,85,142,455,375,80
2021,Adur 005E,E01031369,543,202,84,118,341,286,55
2021,Adur 001E,E01031370,696,253,95,158,443,392,51
2021,Adur 004D,E01031371,510,181,60,121,329,283,46
2021,Adur 004E,E01031372,649,214,57,157,435,388,47
2021,Adur 004F,E01031373,670,229,79,150,441,398,43
2021,Adur 001F,E01031374,828,290,97,193,538,471,67
2021,Adur 004G,E01031375,728,258,103,155,470,423,47
2021,Adur 007C,E01031376,540,189,61,128,351,278,73
2021,Adur 008D,E01031377,837,271,84,187,566,480,86
2021,Adur 007D,E01031378,653,214,72,142,439,371,68
2021,Adur 008E,E01031379,728,221,60,161,507,436,71
2021,Arun 018A,E01031380,545,224,90,134,321,252,69
2021,Arun 018B,E01031381,606,203,77,126,403,324,79
2021,Arun 018C,E01031382,661,246,89,157,415,354,61
2021,Arun 018D,E01031383,512,231,92,139,281,213,68
2021,Arun 018E,E01031384,652,250,109,141,402,319,83
2021,Arun 019A,E01031385,636,209,72,137,427,367,60
2021,Arun 002A,E01031386,733,280,98,182,453,377,76
2021,Arun 002B,E01031387,741,271,107,164,470,396,74
2021,Arun 005B,E01031389,891,292,123,169,599,487,112
2021,Arun 001A,E01031390,628,232,93,139,396,324,72
2021,Arun 001B,E01031391,709,254,108,146,455,353,102
2021,Arun 001C,E01031392,679,232,106,126,447,333,114
2021,Arun 003A,E01031393,1117,373,132,241,744,597,147
2021,Arun 003B,E01031394,805,256,90,166,549,447,102
2021,Arun 003C,E01031395,824,275,91,184,549,461,88
2021,Arun 003D,E01031396,1261,402,131,271,859,713,146
2021,Arun 003E,E01031397,843,300,136,164,543,410,133
2021,Arun 009A,E01031398,673,260,99,161,413,354,59
2021,Arun 009B,E01031399,617,232,88,144,385,326,59
2021,Arun 011A,E01031400,729,211,79,132,518,445,73
2021,Arun 012B,E01031402,839,283,113,170,556,481,75
2021,Arun 012C,E01031403,754,248,76,172,506,421,85
2021,Arun 014A,E01031404,514,184,71,113,330,293,37
2021,Arun 012D,E01031405,660,216,72,144,444,379,65
2021,Arun 012E,E01031406,691,246,87,159,445,372,73
2021,Arun 007A,E01031407,758,249,85,164,509,439,70
2021,Arun 007B,E01031408,1099,356,102,254,743,634,109
2021,Arun 009C,E01031409,661,256,76,180,405,347,58
2021,Arun 007C,E01031410,655,217,69,148,438,375,63
2021,Arun 010A,E01031411,374,146,64,82,228,175,53
2021,Arun 008A,E01031412,506,211,105,106,295,229,66
2021,Arun 010B,E01031413,509,194,78,116,315,260,55
2021,Arun 005C,E01031414,682,240,82,158,442,385,57
2021,Arun 005D,E01031415,554,191,73,118,363,302,61
2021,Arun 015A,E01031416,594,231,86,145,363,298,65
2021,Arun 013A,E01031417,826,284,109,175,542,452,90
2021,Arun 015B,E01031418,877,323,112,211,554,477,77
2021,Arun 015C,E01031419,700,245,101,144,455,389,66
2021,Arun 015D,E01031420,706,274,114,160,432,354,78
2021,Arun 008B,E01031422,498,185,81,104,313,261,52
2021,Arun 008C,E01031423,742,263,111,152,479,406,73
2021,Arun 008D,E01031424,468,182,83,99,286,246,40
2021,Arun 002C,E01031425,569,211,90,121,358,287,71
2021,Arun 002D,E01031426,537,196,91,105,341,274,67
2021,Arun 004A,E01031427,713,267,76,191,446,382,64
2021,Arun 011B,E01031428,776,219,83,136,557,486,71
2021,Arun 004B,E01031429,586,194,54,140,392,348,44
2021,Arun 004C,E01031430,659,204,71,133,455,398,57
2021,Arun 017A,E01031431,381,128,69,59,253,219,34
2021,Arun 017B,E01031432,958,239,91,148,719,646,73
2021,Arun 014B,E01031433,621,228,83,145,393,339,54
2021,Arun 014C,E01031434,801,259,81,178,542,479,63
2021,Arun 017C,E01031435,892,278,105,173,614,516,98
2021,Arun 017D,E01031436,975,251,96,155,724,629,95
2021,Arun 017E,E01031437,1011,275,92,183,736,619,117
2021,Arun 013B,E01031438,724,267,99,168,457,365,92
2021,Arun 013C,E01031439,634,232,102,130,402,332,70
2021,Arun 013D,E01031440,595,223,91,132,372,292,80
2021,Arun 014D,E01031441,816,246,77,169,570,507,63
2021,Arun 014E,E01031442,963,274,99,175,689,598,91
2021,Arun 016A,E01031443,700,250,87,163,450,385,65
2021,Arun 016B,E01031444,888,246,82,164,642,534,108
2021,Arun 019B,E01031445,816,244,111,133,572,415,157
2021,Arun 019C,E01031446,576,217,74,143,359,294,65
2021,Arun 019D,E01031447,647,236,75,161,411,342,69
2021,Arun 019E,E01031448,641,254,97,157,387,330,57
2021,Arun 019F,E01031449,822,307,120,187,515,447,68
2021,Arun 016C,E01031450,691,189,66,123,502,434,68
2021,Arun 016D,E01031451,775,253,90,163,522,464,58
2021,Arun 016E,E01031452,679,232,88,144,447,377,70
2021,Arun 017F,E01031453,764,225,75,150,539,467,72
2021,Arun 011C,E01031454,1150,354,131,223,796,682,114
2021,Arun 009D,E01031455,675,223,75,148,452,386,66
2021,Arun 011D,E01031456,769,246,76,170,523,424,99
2021,Arun 010C,E01031457,565,210,82,128,355,295,60
2021,Arun 010D,E01031458,508,205,93,112,303,247,56
2021,Arun 005E,E01031459,853,296,97,199,557,492,65
2021,Arun 010E,E01031460,557,184,72,112,373,310,63
2021,Arun 009E,E01031461,667,256,90,166,411,328,83
2021,Arun 007D,E01031462,752,272,85,187,480,425,55
2021,Arun 007E,E01031463,720,248,79,169,472,393,79
2021,Arun 007F,E01031464,692,260,93,167,432,369,63
2021,Arun 001D,E01031465,664,240,110,130,424,345,79
2021,Arun 003F,E01031466,666,236,91,145,430,341,89
2021,Arun 009F,E01031469,750,253,81,172,497,421,76
2021,Arun 006A,E01031470,658,229,93,136,429,329,100
2021,Arun 006B,E01031471,1108,367,120,247,741,613,128
2021,Arun 006C,E01031472,749,281,118,163,468,384,84
2021,Arun 006D,E01031473,542,178,60,118,364,294,70
2021,Chichester 011A,E01031474,670,257,107,150,413,337,76
2021,Chichester 009A,E01031475,872,291,118,173,581,453,128
2021,Chichester 009B,E01031476,640,250,113,137,390,277,113
2021,Chichester 006A,E01031477,1034,364,149,215,670,505,165
2021,Chichester 005A,E01031478,500,196,87,109,304,201,103
2021,Chichester 005B,E01031479,450,175,78,97,275,203,72
2021,Chichester 010A,E01031480,701,199,63,136,502,447,55
2021,Chichester 010B,E01031481,791,262,95,167,529,445,84
2021,Chichester 008A,E01031482,746,281,110,171,465,417,48
2021,Chichester 008B,E01031483,1149,394,161,233,755,672,83
2021,Chichester 010C,E01031484,834,282,122,160,552,472,80
2021,Chichester 006B,E01031485,597,232,86,146,365,293,72
2021,Chichester 008C,E01031486,741,251,120,131,490,398,92
2021,Chichester 006C,E01031487,504,212,93,119,292,246,46
2021,Chichester 012A,E01031489,737,256,99,157,481,407,74
2021,Chichester 010D,E01031490,884,294,137,157,590,474,116
2021,Chichester 010E,E01031491,966,303,117,186,663,569,94
2021,Chichester 012B,E01031492,766,263,106,157,503,419,84
2021,Chichester 011B,E01031493,725,286,123,163,439,355,84
2021,Chichester 008E,E01031494,738,274,94,180,464,396,68
2021,Chichester 008F,E01031495,654,213,80,133,441,361,80
2021,Chichester 011C,E01031496,1255,418,155,263,837,687,150
2021,Chichester 004A,E01031497,737,251,100,151,486,375,111
2021,Chichester 005C,E01031498,497,167,72,95,330,238,92
2021,Chichester 013A,E01031499,800,286,108,178,514,409,105
2021,Chichester 013B,E01031500,971,365,141,224,606,478,128
2021,Chichester 013C,E01031501,570,217,86,131,353,279,74
2021,Chichester 001A,E01031502,774,237,100,137,537,406,131
2021,Chichester 001B,E01031503,734,216,91,125,518,393,125
2021,Chichester 001C,E01031504,956,332,136,196,624,488,136
2021,Chichester 011D,E01031505,1247,400,147,253,847,704,143
2021,Chichester 007A,E01031506,614,243,112,131,371,289,82
2021,Chichester 007B,E01031507,651,227,96,131,424,295,129
2021,Chichester 003A,E01031508,965,363,165,198,602,432,170
2021,Chichester 004C,E01031511,662,222,94,128,440,344,96
2021,Chichester 004D,E01031512,894,334,120,214,560,491,69
2021,Chichester 005D,E01031514,744,272,121,151,472,341,131
2021,Chichester 005E,E01031515,768,285,116,169,483,401,82
2021,Chichester 005F,E01031516,739,268,130,138,471,356,115
2021,Chichester 002A,E01031517,895,318,142,176,577,418,159
2021,Chichester 002B,E01031518,758,267,140,127,491,345,146
2021,Chichester 001D,E01031519,685,227,84,143,458,336,122
2021,Chichester 003B,E01031520,610,221,101,120,389,284,105
2021,Chichester 003C,E01031521,534,184,74,110,350,262,88
2021,Chichester 014A,E01031522,854,293,123,170,561,483,78
2021,Chichester 014B,E01031523,688,233,97,136,455,389,66
2021,Chichester 014C,E01031524,642,221,78,143,421,351,70
2021,Chichester 014D,E01031525,542,201,76,125,341,297,44
2021,Chichester 014E,E01031526,443,151,66,85,292,239,53
2021,Chichester 014F,E01031527,599,218,81,137,381,321,60
2021,Chichester 014G,E01031528,615,219,83,136,396,320,76
2021,Chichester 013D,E01031529,605,238,107,131,367,263,104
2021,Chichester 012D,E01031530,607,218,76,142,389,323,66
2021,Chichester 007C,E01031531,575,190,69,121,385,325,60
2021,Chichester 009C,E01031532,1384,386,98,288,998,747,251
2021,Chichester 007D,E01031533,679,235,85,150,444,391,53
2021,Chichester 009D,E01031534,737,252,113,139,485,397,88
2021,Chichester 009E,E01031535,917,315,125,190,602,489,113
2021,Chichester 003D,E01031536,589,215,98,117,374,283,91
2021,Chichester 012E,E01031538,742,257,88,169,485,421,64
2021,Chichester 012F,E01031539,943,281,84,197,662,575,87
2021,Chichester 013E,E01031540,554,202,90,112,352,251,101
2021,Chichester 013F,E01031541,489,196,85,111,293,231,62
2021,Chichester 013G,E01031542,909,339,150,189,570,425,145
2021,Chichester 007E,E01031543,1127,392,148,244,735,609,126
2021,Chichester 002C,E01031544,614,213,89,124,401,280,121
2021,Chichester 002D,E01031545,598,210,106,104,388,286,102
2021,Crawley 012A,E01031546,708,234,76,158,474,421,53
2021,Crawley 010A,E01031547,658,163,52,111,495,439,56
2021,Crawley 010B,E01031548,806,230,76,154,576,506,70
2021,Crawley 010C,E01031549,839,278,102,176,561,510,51
2021,Crawley 010D,E01031550,736,208,64,144,528,467,61
2021,Crawley 012B,E01031551,793,273,96,177,520,451,69
2021,Crawley 013A,E01031552,844,253,99,154,591,519,72
2021,Crawley 012C,E01031553,757,267,90,177,490,433,57
2021,Crawley 012D,E01031554,1006,263,111,152,743,645,98
2021,Crawley 012E,E01031555,719,248,90,158,471,416,55
2021,Crawley 013B,E01031556,840,274,100,174,566,495,71
2021,Crawley 013C,E01031557,1064,257,107,150,807,705,102
2021,Crawley 013D,E01031558,614,199,71,128,415,360,55
2021,Crawley 013E,E01031559,740,226,72,154,514,453,61
2021,Crawley 009A,E01031560,689,239,78,161,450,394,56
2021,Crawley 009B,E01031561,738,246,89,157,492,432,60
2021,Crawley 009C,E01031562,557,175,60,115,382,330,52
2021,Crawley 009D,E01031563,768,238,99,139,530,467,63
2021,Crawley 006A,E01031564,733,224,72,152,509,452,57
2021,Crawley 006B,E01031565,1123,359,133,226,764,677,87
2021,Crawley 006C,E01031566,803,244,107,137,559,480,79
2021,Crawley 006D,E01031567,629,196,68,128,433,359,74
2021,Crawley 006E,E01031568,843,210,68,142,633,558,75
2021,Crawley 010E,E01031569,760,249,63,186,511,445,66
2021,Crawley 003A,E01031570,691,220,86,134,471,401,70
2021,Crawley 003B,E01031571,859,255,98,157,604,526,78
2021,Crawley 003C,E01031572,1050,293,106,187,757,668,89
2021,Crawley 001A,E01031573,809,255,95,160,554,495,59
2021,Crawley 001B,E01031574,948,305,112,193,643,536,107
2021,Crawley 001C,E01031575,836,274,97,177,562,478,84
2021,Crawley 001D,E01031576,835,309,127,182,526,470,56
2021,Crawley 001E,E01031577,673,238,86,152,435,372,63
2021,Crawley 008A,E01031578,994,250,85,165,744,644,100
2021,Crawley 009E,E01031579,882,241,95,146,641,559,82
2021,Crawley 008B,E01031580,1285,344,118,226,941,813,128
2021,Crawley 008C,E01031581,993,265,100,165,728,624,104
2021,Crawley 009F,E01031582,1109,300,109,191,809,712,97
2021,Crawley 004A,E01031583,1270,349,121,228,921,814,107
2021,Crawley 004B,E01031584,914,318,110,208,596,532,64
2021,Crawley 004C,E01031585,1390,358,148,210,1032,916,116
2021,Crawley 002A,E01031586,895,288,84,204,607,540,67
2021,Crawley 002C,E01031588,755,197,79,118,558,464,94
2021,Crawley 005A,E01031589,898,256,88,168,642,573,69
2021,Crawley 002D,E01031590,861,254,105,149,607,537,70
2021,Crawley 005B,E01031591,1001,255,106,149,746,681,65
2021,Crawley 008D,E01031592,981,297,108,189,684,560,124
2021,Crawley 002E,E01031593,777,226,95,131,551,479,72
2021,Crawley 005C,E01031594,679,224,91,133,455,416,39
2021,Crawley 011A,E01031595,843,268,86,182,575,500,75
2021,Crawley 007A,E01031596,941,309,100,209,632,550,82
2021,Crawley 007B,E01031597,831,215,67,148,616,546,70
2021,Crawley 007C,E01031598,837,226,82,144,611,533,78
2021,Crawley 007D,E01031599,1118,345,132,213,773,691,82
2021,Crawley 005D,E01031600,855,227,77,150,628,540,88
2021,Crawley 004D,E01031601,664,224,94,130,440,392,48
2021,Crawley 005E,E01031603,870,221,82,139,649,568,81
2021,Crawley 011B,E01031604,785,249,80,169,536,476,60
2021,Crawley 011C,E01031605,774,254,97,157,520,462,58
2021,Crawley 011D,E01031606,803,273,86,187,530,467,63
2021,Crawley 011E,E01031607,690,228,72,156,462,405,57
2021,Crawley 007E,E01031608,1356,390,143,247,966,822,144
2021,Crawley 003D,E01031609,749,215,84,131,534,470,64
2021,Crawley 003E,E01031610,963,291,102,189,672,595,77
2021,Horsham 010A,E01031611,1492,460,185,275,1032,768,264
2021,Horsham 010B,E01031612,1101,354,127,227,747,615,132
2021,Horsham 010D,E01031614,1339,382,128,254,957,798,159
2021,Horsham 010E,E01031615,868,283,116,167,585,493,92
2021,Horsham 016A,E01031616,774,255,98,157,519,429,90
2021,Horsham 016B,E01031617,1072,397,163,234,675,541,134
2021,Horsham 014A,E01031618,646,206,84,122,440,336,104
2021,Horsham 003A,E01031620,1073,328,110,218,745,634,111
2021,Horsham 012A,E01031621,526,188,109,79,338,253,85
2021,Horsham 015A,E01031622,822,258,91,167,564,428,136
2021,Horsham 012B,E01031623,739,285,135,150,454,354,100
2021,Horsham 015B,E01031624,825,291,147,144,534,429,105
2021,Horsham 015C,E01031625,973,375,146,229,598,498,100
2021,Horsham 013A,E01031626,613,241,113,128,372,279,93
2021,Horsham 012C,E01031627,792,283,117,166,509,418,91
2021,Horsham 015D,E01031628,858,272,119,153,586,458,128
2021,Horsham 015E,E01031629,689,235,106,129,454,357,97
2021,Horsham 013B,E01031630,704,246,101,145,458,376,82
2021,Horsham 013C,E01031631,666,238,86,152,428,358,70
2021,Horsham 011A,E01031632,767,243,111,132,524,386,138
2021,Horsham 011B,E01031633,614,215,94,121,399,319,80
2021,Horsham 011C,E01031634,657,215,98,117,442,355,87
2021,Horsham 011D,E01031635,730,257,109,148,473,384,89
2021,Horsham 007C,E01031638,922,259,114,145,663,563,100
2021,Horsham 008A,E01031639,1010,298,109,189,712,581,131
2021,Horsham 008B,E01031640,776,282,119,163,494,387,107
2021,Horsham 014B,E01031641,605,210,102,108,395,299,96
2021,Horsham 014C,E01031642,1248,438,179,259,810,655,155
2021,Horsham 014D,E01031643,849,279,101,178,570,479,91
2021,Horsham 002A,E01031644,1036,308,109,199,728,627,101
2021,Horsham 002B,E01031645,756,245,100,145,511,436,75
2021,Horsham 002C,E01031646,784,228,103,125,556,475,81
2021,Horsham 002D,E01031647,573,185,68,117,388,333,55
2021,Horsham 003B,E01031648,796,241,97,144,555,444,111
2021,Horsham 002E,E01031649,597,174,62,112,423,367,56
2021,Horsham 002F,E01031650,683,227,87,140,456,382,74
2021,Horsham 003C,E01031651,773,243,104,139,530,454,76
2021,Horsham 006B,E01031652,789,250,80,170,539,459,80
2021,Horsham 006C,E01031653,988,261,95,166,727,618,109
2021,Horsham 004A,E01031654,739,235,89,146,504,401,103
2021,Horsham 004B,E01031655,893,250,97,153,643,536,107
2021,Horsham 006D,E01031656,1067,264,93,171,803,687,116
2021,Horsham 005A,E01031657,954,312,114,198,642,492,150
2021,Horsham 003D,E01031658,1005,344,137,207,661,516,145
2021,Horsham 005B,E01031659,893,293,136,157,600,460,140
2021,Horsham 008C,E01031660,661,222,84,138,439,328,111
2021,Horsham 008D,E01031661,842,310,153,157,532,410,122
2021,Horsham 013D,E01031662,702,199,71,128,503,424,79
2021,Horsham 013E,E01031663,1129,354,132,222,775,641,134
2021,Horsham 012D,E01031664,750,271,136,135,479,357,122
2021,Horsham 013F,E01031665,573,191,78,113,382,301,81
2021,Horsham 002G,E01031666,720,218,80,138,502,429,73
2021,Horsham 004C,E01031667,709,213,82,131,496,436,60
2021,Horsham 002H,E01031668,656,206,73,133,450,401,49
2021,Horsham 004D,E01031669,875,249,96,153,626,534,92
2021,Horsham 001A,E01031670,837,208,74,134,629,528,101
2021,Horsham 001B,E01031671,742,223,77,146,519,457,62
2021,Horsham 004E,E01031672,1079,256,92,164,823,695,128
2021,Horsham 001C,E01031673,808,257,95,162,551,472,79
2021,Horsham 005C,E01031674,647,236,113,123,411,303,108
2021,Horsham 005D,E01031675,729,246,94,152,483,371,112
2021,Horsham 009A,E01031677,767,236,84,152,531,456,75
2021,Horsham 009B,E01031678,1001,339,137,202,662,550,112
2021,Horsham 008E,E01031679,722,226,84,142,496,330,166
2021,Horsham 009C,E01031680,829,304,141,163,525,432,93
2021,Horsham 009D,E01031681,928,284,105,179,644,544,100
2021,Horsham 009E,E01031682,649,198,74,124,451,370,81
2021,Horsham 009F,E01031683,828,221,79,142,607,516,91
2021,Horsham 016C,E01031684,701,289,115,174,412,326,86
2021,Horsham 016D,E01031685,706,267,99,168,439,370,69
2021,Horsham 016E,E01031686,598,265,118,147,333,287,46
2021,Horsham 014E,E01031687,748,270,105,165,478,362,116
2021,Horsham 006E,E01031688,625,206,84,122,419,351,68
2021,Horsham 003E,E01031689,800,238,93,145,562,480,82
2021,Horsham 007D,E01031690,682,246,100,146,436,336,100
2021,Horsham 006F,E01031691,880,280,98,182,600,502,98
2021,Mid Sussex 007B,E01031693,929,300,132,168,629,492,137
2021,Mid Sussex 006A,E01031694,844,274,123,151,570,420,150
2021,Mid Sussex 003A,E01031695,729,238,85,153,491,399,92
2021,Mid Sussex 003B,E01031696,672,227,78,149,445,366,79
2021,Mid Sussex 007C,E01031697,554,189,87,102,365,259,106
2021,Mid Sussex 016A,E01031698,882,300,123,177,582,409,173
2021,Mid Sussex 012A,E01031699,961,255,88,167,706,609,97
2021,Mid Sussex 012B,E01031700,939,276,94,182,663,561,102
2021,Mid Sussex 012C,E01031701,1037,306,101,205,731,632,99
2021,Mid Sussex 015A,E01031702,761,257,104,153,504,423,81
2021,Mid Sussex 015B,E01031703,720,225,104,121,495,408,87
2021,Mid Sussex 013A,E01031704,890,262,101,161,628,520,108
2021,Mid Sussex 014A,E01031705,810,249,86,163,561,493,68
2021,Mid Sussex 013B,E01031706,797,260,89,171,537,468,69
2021,Mid Sussex 014B,E01031707,677,233,83,150,444,389,55
2021,Mid Sussex 014C,E01031708,984,257,90,167,727,628,99
2021,Mid Sussex 014D,E01031709,837,240,81,159,597,511,86
2021,Mid Sussex 015C,E01031710,698,244,95,149,454,394,60
2021,Mid Sussex 013D,E01031712,775,246,73,173,529,443,86
2021,Mid Sussex 013E,E01031713,828,274,101,173,554,465,89
2021,Mid Sussex 012D,E01031714,983,300,115,185,683,599,84
2021,Mid Sussex 015D,E01031715,906,267,97,170,639,539,100
2021,Mid Sussex 014E,E01031716,557,181,62,119,376,318,58
2021,Mid Sussex 014F,E01031717,767,217,70,147,550,495,55
2021,Mid Sussex 002A,E01031718,956,291,107,184,665,543,122
2021,Mid Sussex 002B,E01031719,931,271,100,171,660,536,124
2021,Mid Sussex 002C,E01031720,681,235,94,141,446,354,92
2021,Mid Sussex 005A,E01031721,856,296,117,179,560,462,98
2021,Mid Sussex 002D,E01031722,660,196,82,114,464,359,105
2021,Mid Sussex 005B,E01031723,814,264,118,146,550,417,133
2021,Mid Sussex 005C,E01031724,695,237,95,142,458,387,71
2021,Mid Sussex 005D,E01031725,693,234,87,147,459,368,91
2021,Mid Sussex 011A,E01031726,788,262,113,149,526,428,98
2021,Mid Sussex 007D,E01031727,801,278,127,151,523,362,161
2021,Mid Sussex 003C,E01031729,1078,360,128,232,718,573,145
2021,Mid Sussex 003D,E01031730,1045,298,102,196,747,646,101
2021,Mid Sussex 001A,E01031731,990,328,121,207,662,567,95
2021,Mid Sussex 001B,E01031732,868,276,112,164,592,502,90
2021,Mid Sussex 001C,E01031733,906,259,90,169,647,528,119
2021,Mid Sussex 001D,E01031734,794,256,97,159,538,468,70
2021,Mid Sussex 003E,E01031735,758,241,92,149,517,442,75
2021,Mid Sussex 004A,E01031736,753,266,123,143,487,365,122
2021,Mid Sussex 004B,E01031737,825,263,106,157,562,473,89
2021,Mid Sussex 004C,E01031738,727,223,69,154,504,416,88
2021,Mid Sussex 004D,E01031739,982,268,95,173,714,602,112
2021,Mid Sussex 004E,E01031740,621,214,91,123,407,332,75
2021,Mid Sussex 001E,E01031741,1203,340,132,208,863,745,118
2021,Mid Sussex 001G,E01031743,927,286,108,178,641,543,98
2021,Mid Sussex 017A,E01031744,859,280,102,178,579,463,116
2021,Mid Sussex 017B,E01031745,897,309,130,179,588,495,93
2021,Mid Sussex 017C,E01031746,819,273,88,185,546,473,73
2021,Mid Sussex 017D,E01031747,718,265,108,157,453,362,91
2021,Mid Sussex 017E,E01031748,653,220,95,125,433,341,92
2021,Mid Sussex 011C,E01031749,798,226,76,150,572,496,76
2021,Mid Sussex 011D,E01031750,749,213,81,132,536,475,61
2021,Mid Sussex 009A,E01031751,1473,396,137,259,1077,913,164
2021,Mid Sussex 010A,E01031752,850,291,99,192,559,496,63
2021,Mid Sussex 010B,E01031753,700,216,89,127,484,402,82
2021,Mid Sussex 010C,E01031754,879,235,83,152,644,560,84
2021,Mid Sussex 010D,E01031755,798,232,75,157,566,494,72
2021,Mid Sussex 010E,E01031757,771,223,83,140,548,487,61
2021,Mid Sussex 008A,E01031758,643,232,91,141,411,328,83
2021,Mid Sussex 009B,E01031759,918,240,98,142,678,561,117
2021,Mid Sussex 008B,E01031760,926,280,100,180,646,538,108
2021,Mid Sussex 011F,E01031763,1026,310,136,174,716,573,143
2021,Mid Sussex 006B,E01031764,661,218,99,119,443,328,115
2021,Mid Sussex 006C,E01031765,749,239,95,144,510,381,129
2021,Mid Sussex 006D,E01031766,1044,358,146,212,686,526,160
2021,Mid Sussex 016B,E01031767,1038,327,143,184,711,535,176
2021,Mid Sussex 017F,E01031768,674,268,105,163,406,309,97
2021,Mid Sussex 016C,E01031769,848,292,84,208,556,443,113
2021,Mid Sussex 016D,E01031770,841,288,117,171,553,414,139
2021,Mid Sussex 016E,E01031771,735,258,106,152,477,389,88
2021,Mid Sussex 008C,E01031772,917,309,95,214,608,497,111
2021,Mid Sussex 008D,E01031773,800,263,108,155,537,421,116
2021,Mid Sussex 008E,E01031774,1165,345,143,202,820,668,152
2021,Mid Sussex 008F,E01031775,747,269,106,163,478,389,89
2021,Worthing 005A,E01031776,876,290,89,201,586,518,68
2021,Worthing 005B,E01031777,948,300,97,203,648,576,72
2021,Worthing 004A,E01031778,772,232,82,150,540,467,73
2021,Worthing 009A,E01031779,536,193,56,137,343,315,28
2021,Worthing 005C,E01031780,801,263,101,162,538,472,66
2021,Worthing 005D,E01031781,872,281,95,186,591,514,77
2021,Worthing 007A,E01031782,763,281,84,197,482,421,61
2021,Worthing 006A,E01031783,665,258,90,168,407,351,56
2021,Worthing 006B,E01031785,721,250,81,169,471,407,64
2021,Worthing 006C,E01031786,752,240,70,170,512,444,68
2021,Worthing 011A,E01031787,1063,303,105,198,760,680,80
2021,Worthing 011B,E01031788,1139,353,114,239,786,692,94
2021,Worthing 010A,E01031790,817,251,78,173,566,491,75
2021,Worthing 008A,E01031791,1047,336,110,226,711,612,99
2021,Worthing 003A,E01031792,628,211,75,136,417,356,61
2021,Worthing 001A,E01031793,627,208,64,144,419,364,55
2021,Worthing 003B,E01031794,567,195,64,131,372,321,51
2021,Worthing 003C,E01031795,811,282,94,188,529,466,63
2021,Worthing 008B,E01031796,864,268,85,183,596,530,66
2021,Worthing 004B,E01031797,663,216,73,143,447,397,50
2021,Worthing 005E,E01031798,867,286,90,196,581,494,87
2021,Worthing 008C,E01031799,835,282,93,189,553,487,66
2021,Worthing 004C,E01031800,819,293,102,191,526,465,61
2021,Worthing 008D,E01031801,881,261,82,179,620,532,88
2021,Worthing 013A,E01031802,558,220,80,140,338,298,40
2021,Worthing 013B,E01031803,691,262,97,165,429,343,86
2021,Worthing 013C,E01031804,679,243,96,147,436,370,66
2021,Worthing 013D,E01031805,634,237,95,142,397,329,68
2021,Worthing 013E,E01031806,877,291,98,193,586,527,59
2021,Worthing 010B,E01031807,770,236,75,161,534,444,90
2021,Worthing 011D,E01031808,840,244,103,141,596,527,69
2021,Worthing 010C,E01031809,886,248,85,163,638,563,75
2021,Worthing 010D,E01031810,951,283,100,183,668,570,98
2021,Worthing 010E,E01031811,678,194,65,129,484,410,74
2021,Worthing 012A,E01031812,656,186,72,114,470,412,58
2021,Worthing 012B,E01031813,868,297,95,202,571,484,87
2021,Worthing 012C,E01031814,822,250,100,150,572,484,88
2021,Worthing 012D,E01031815,658,212,90,122,446,378,68
2021,Worthing 012E,E01031816,867,296,84,212,571,497,74
2021,Worthing 006D,E01031817,932,323,127,196,609,525,84
2021,Worthing 003D,E01031818,958,333,109,224,625,548,77
2021,Worthing 001B,E01031820,709,283,120,163,426,356,70
2021,Worthing 001C,E01031821,818,288,94,194,530,473,57
2021,Worthing 002A,E01031822,749,249,93,156,500,416,84
2021,Worthing 004D,E01031823,804,268,104,164,536,430,106
2021,Worthing 004E,E01031824,653,242,93,149,411,348,63
2021,Worthing 002B,E01031825,699,215,89,126,484,414,70
2021,Worthing 002C,E01031826,712,239,85,154,473,403,70
2021,Worthing 002D,E01031827,695,226,82,144,469,408,61
2021,Worthing 001D,E01031828,552,202,82,120,350,282,68
2021,Worthing 001E,E01031829,653,238,96,142,415,345,70
2021,Worthing 003E,E01031830,689,246,80,166,443,387,56
2021,Worthing 009B,E01031831,834,243,85,158,591,523,68
2021,Worthing 009C,E01031832,727,260,87,173,467,403,64
2021,Worthing 009D,E01031833,821,292,94,198,529,457,72
2021,Worthing 009E,E01031834,770,268,99,169,502,452,50
2021,Worthing 011E,E01031835,1068,283,108,175,785,683,102
2021,Worthing 007C,E01031836,785,271,92,179,514,459,55
2021,Worthing 008E,E01031837,1032,308,114,194,724,654,70
2021,Worthing 007D,E01031838,769,258,79,179,511,434,77
2021,Worthing 002E,E01031839,783,258,94,164,525,465,60
2021,Worthing 007E,E01031840,861,290,94,196,571,518,53
2021,Wiltshire 012A,E01031841,885,290,135,155,595,453,142
2021,Wiltshire 038A,E01031842,956,312,128,184,644,501,143
2021,Wiltshire 029A,E01031843,849,307,138,169,542,408,134
2021,Wiltshire 028A,E01031845,785,229,94,135,556,427,129
2021,Wiltshire 028B,E01031846,774,272,90,182,502,394,108
2021,Wiltshire 029B,E01031847,945,292,123,169,653,528,125
2021,Wiltshire 028C,E01031848,926,297,107,190,629,480,149
2021,Wiltshire 029C,E01031849,872,228,86,142,644,489,155
2021,Wiltshire 025A,E01031850,896,245,89,156,651,570,81
2021,Wiltshire 025B,E01031851,736,219,69,150,517,437,80
2021,Wiltshire 025C,E01031852,993,301,105,196,692,589,103
2021,Wiltshire 026A,E01031853,659,198,76,122,461,379,82
2021,Wiltshire 026B,E01031854,792,256,103,153,536,451,85
2021,Wiltshire 026C,E01031855,648,249,79,170,399,330,69
2021,Wiltshire 026D,E01031856,667,233,86,147,434,364,70
2021,Wiltshire 034B,E01031857,754,251,85,166,503,405,98
2021,Wiltshire 034C,E01031858,840,275,110,165,565,428,137
2021,Wiltshire 065B,E01031859,762,185,66,119,577,506,71
2021,Wiltshire 065A,E01031860,774,201,67,134,573,484,89
2021,Wiltshire 019A,E01031861,1282,436,166,270,846,686,160
2021,Wiltshire 019B,E01031862,721,243,75,168,478,424,54
2021,Wiltshire 019C,E01031863,520,166,74,92,354,250,104
2021,Wiltshire 019D,E01031864,584,207,101,106,377,275,102
2021,Wiltshire 019E,E01031865,713,207,62,145,506,395,111
2021,Wiltshire 024A,E01031866,773,270,113,157,503,346,157
2021,Wiltshire 038B,E01031867,901,236,96,140,665,553,112
2021,Wiltshire 012B,E01031868,931,283,117,166,648,437,211
2021,Wiltshire 024B,E01031869,910,289,90,199,621,524,97
2021,Wiltshire 024C,E01031870,857,263,95,168,594,482,112
2021,Wiltshire 024D,E01031871,889,323,135,188,566,409,157
2021,Wiltshire 028D,E01031872,681,214,77,137,467,379,88
2021,Wiltshire 012C,E01031873,960,289,116,173,671,487,184
2021,Wiltshire 012D,E01031874,694,242,101,141,452,328,124
2021,Wiltshire 028E,E01031876,753,258,112,146,495,371,124
2021,Wiltshire 029D,E01031877,979,323,151,172,656,463,193
2021,Wiltshire 066A,E01031879,1114,219,74,145,895,689,206
2021,Wiltshire 038C,E01031882,1011,269,94,175,742,556,186
2021,Wiltshire 034D,E01031883,848,268,98,170,580,438,142
2021,Wiltshire 012E,E01031884,759,251,108,143,508,389,119
2021,Wiltshire 002A,E01031885,834,268,105,163,566,427,139
2021,Wiltshire 004A,E01031886,655,214,88,126,441,328,113
2021,Wiltshire 001A,E01031887,839,286,127,159,553,448,105
2021,Wiltshire 017A,E01031888,682,240,100,140,442,323,119
2021,Wiltshire 017B,E01031889,1319,346,115,231,973,791,182
2021,Wiltshire 017C,E01031890,796,267,111,156,529,439,90
2021,Wiltshire 004B,E01031892,708,244,116,128,464,340,124
2021,Wiltshire 004C,E01031893,895,267,103,164,628,497,131
2021,Wiltshire 004D,E01031894,723,233,100,133,490,357,133
2021,Wiltshire 015A,E01031895,1275,335,106,229,940,813,127
2021,Wiltshire 015B,E01031896,645,177,57,120,468,413,55
2021,Wiltshire 015C,E01031897,1028,277,106,171,751,633,118
2021,Wiltshire 015D,E01031898,722,194,68,126,528,445,83
2021,Wiltshire 016B,E01031901,704,223,85,138,481,394,87
2021,Wiltshire 016C,E01031902,990,250,75,175,740,651,89
2021,Wiltshire 016D,E01031903,1170,368,116,252,802,689,113
2021,Wiltshire 013B,E01031904,1305,411,177,234,894,715,179
2021,Wiltshire 010A,E01031905,744,212,69,143,532,457,75
2021,Wiltshire 010B,E01031906,884,237,83,154,647,560,87
2021,Wiltshire 009A,E01031907,1363,378,144,234,985,846,139
2021,Wiltshire 010C,E01031908,883,271,85,186,612,522,90
2021,Wiltshire 010D,E01031909,618,190,68,122,428,375,53
2021,Wiltshire 009B,E01031910,840,229,75,154,611,531,80
2021,Wiltshire 011A,E01031911,674,200,72,128,474,419,55
2021,Wiltshire 011B,E01031912,756,172,58,114,584,510,74
2021,Wiltshire 011C,E01031913,781,238,76,162,543,465,78
2021,Wiltshire 009C,E01031914,588,201,69,132,387,341,46
2021,Wiltshire 009D,E01031915,851,217,76,141,634,563,71
2021,Wiltshire 014A,E01031916,623,204,64,140,419,355,64
2021,Wiltshire 011D,E01031917,727,198,65,133,529,474,55
2021,Wiltshire 011E,E01031918,1158,315,89,226,843,735,108
2021,Wiltshire 009E,E01031919,787,238,98,140,549,456,93
2021,Wiltshire 009F,E01031920,716,220,62,158,496,440,56
2021,Wiltshire 014B,E01031921,751,221,77,144,530,475,55
2021,Wiltshire 014C,E01031922,750,197,73,124,553,469,84
2021,Wiltshire 014D,E01031923,702,203,65,138,499,440,59
2021,Wiltshire 014E,E01031924,951,267,81,186,684,594,90
2021,Wiltshire 010E,E01031925,628,183,57,126,445,400,45
2021,Wiltshire 010F,E01031926,786,238,64,174,548,490,58
2021,Wiltshire 010G,E01031927,610,201,69,132,409,361,48
2021,Wiltshire 011F,E01031928,546,167,47,120,379,326,53
2021,Wiltshire 017D,E01031929,596,188,81,107,408,324,84
2021,Wiltshire 017E,E01031930,783,212,75,137,571,483,88
2021,Wiltshire 018A,E01031931,909,300,121,179,609,502,107
2021,Wiltshire 018B,E01031932,683,234,75,159,449,387,62
2021,Wiltshire 018C,E01031933,849,251,81,170,598,517,81
2021,Wiltshire 001B,E01031934,917,283,114,169,634,532,102
2021,Wiltshire 001C,E01031935,840,238,95,143,602,480,122
2021,Wiltshire 001D,E01031936,629,196,65,131,433,379,54
2021,Wiltshire 013C,E01031937,502,168,70,98,334,257,77
2021,Wiltshire 013D,E01031938,851,239,88,151,612,494,118
2021,Wiltshire 008A,E01031939,1170,376,157,219,794,611,183
2021,Wiltshire 008B,E01031940,1085,361,131,230,724,560,164
2021,Wiltshire 018D,E01031941,876,255,88,167,621,497,124
2021,Wiltshire 018E,E01031942,659,209,80,129,450,342,108
2021,Wiltshire 007B,E01031944,559,143,52,91,416,329,87
2021,Wiltshire 007D,E01031946,2369,300,90,210,2069,1531,538
2021,Wiltshire 002B,E01031947,767,263,94,169,504,448,56
2021,Wiltshire 002C,E01031948,1387,406,149,257,981,831,150
2021,Wiltshire 002D,E01031949,955,288,102,186,667,561,106
2021,Wiltshire 008C,E01031950,730,231,104,127,499,362,137
2021,Wiltshire 008D,E01031951,699,216,110,106,483,370,113
2021,Wiltshire 018F,E01031952,1107,342,112,230,765,658,107
2021,Wiltshire 003B,E01031955,795,249,89,160,546,448,98
2021,Wiltshire 003C,E01031956,668,180,60,120,488,384,104
2021,Wiltshire 005A,E01031957,735,220,87,133,515,385,130
2021,Wiltshire 005B,E01031958,667,189,73,116,478,356,122
2021,Wiltshire 005C,E01031959,904,281,119,162,623,487,136
2021,Wiltshire 005D,E01031960,717,199,83,116,518,399,119
2021,Wiltshire 007E,E01031961,712,216,86,130,496,392,104
2021,Wiltshire 003D,E01031962,682,210,78,132,472,395,77
2021,Wiltshire 006A,E01031963,953,260,92,168,693,606,87
2021,Wiltshire 006B,E01031964,992,263,84,179,729,642,87
2021,Wiltshire 007F,E01031965,622,199,63,136,423,351,72
2021,Wiltshire 007G,E01031966,1388,386,119,267,1002,854,148
2021,Wiltshire 006C,E01031967,1111,301,99,202,810,709,101
2021,Wiltshire 007H,E01031968,833,262,95,167,571,466,105
2021,Wiltshire 006D,E01031969,727,211,72,139,516,443,73
2021,Wiltshire 060A,E01031970,777,227,87,140,550,452,98
2021,Wiltshire 060B,E01031971,598,168,65,103,430,377,53
2021,Wiltshire 060C,E01031972,720,247,122,125,473,361,112
2021,Wiltshire 062A,E01031973,855,306,147,159,549,400,149
2021,Wiltshire 048A,E01031974,611,160,53,107,451,380,71
2021,Wiltshire 048B,E01031975,544,169,50,119,375,345,30
2021,Wiltshire 048C,E01031976,1319,339,111,228,980,848,132
2021,Wiltshire 048E,E01031978,915,215,66,149,700,608,92
2021,Wiltshire 048F,E01031979,1006,286,83,203,720,614,106
2021,Wiltshire 052A,E01031980,1451,369,124,245,1082,966,116
2021,Wiltshire 052B,E01031981,686,217,68,149,469,408,61
2021,Wiltshire 052C,E01031982,712,245,81,164,467,419,48
2021,Wiltshire 052D,E01031983,884,281,93,188,603,527,76
2021,Wiltshire 051A,E01031984,1423,429,137,292,994,858,136
2021,Wiltshire 051B,E01031985,632,198,63,135,434,361,73
2021,Wiltshire 051C,E01031986,586,178,45,133,408,353,55
2021,Wiltshire 045B,E01031988,1596,278,81,197,1318,1004,314
2021,Wiltshire 046A,E01031989,1045,257,78,179,788,650,138
2021,Wiltshire 054A,E01031990,951,380,174,206,571,421,150
2021,Wiltshire 061A,E01031991,920,335,135,200,585,397,188
2021,Wiltshire 062B,E01031992,653,246,112,134,407,318,89
2021,Wiltshire 062C,E01031993,668,239,77,162,429,358,71
2021,Wiltshire 062D,E01031994,596,228,82,146,368,310,58
2021,Wiltshire 062E,E01031995,925,294,125,169,631,483,148
2021,Wiltshire 046B,E01031996,740,212,76,136,528,487,41
2021,Wiltshire 046C,E01031997,763,185,61,124,578,495,83
2021,Wiltshire 046D,E01031999,1218,291,96,195,927,804,123
2021,Wiltshire 057A,E01032000,1112,320,132,188,792,617,175
2021,Wiltshire 055A,E01032001,728,257,81,176,471,395,76
2021,Wiltshire 055B,E01032002,724,185,60,125,539,479,60
2021,Wiltshire 055C,E01032003,929,217,75,142,712,627,85
2021,Wiltshire 054B,E01032004,1103,368,163,205,735,559,176
2021,Wiltshire 059A,E01032005,587,184,53,131,403,343,60
2021,Wiltshire 059B,E01032006,614,198,77,121,416,341,75
2021,Wiltshire 059C,E01032007,945,276,81,195,669,589,80
2021,Wiltshire 058A,E01032008,687,239,84,155,448,378,70
2021,Wiltshire 058B,E01032009,778,266,96,170,512,417,95
2021,Wiltshire 050A,E01032010,964,344,163,181,620,441,179
2021,Wiltshire 057C,E01032012,759,274,88,186,485,401,84
2021,Wiltshire 049A,E01032013,992,300,118,182,692,578,114
2021,Wiltshire 056A,E01032014,913,233,80,153,680,566,114
2021,Wiltshire 056B,E01032015,675,200,62,138,475,412,63
2021,Wiltshire 056C,E01032016,717,205,75,130,512,435,77
2021,Wiltshire 051D,E01032017,702,223,83,140,479,414,65
2021,Wiltshire 053A,E01032018,736,269,111,158,467,399,68
2021,Wiltshire 053B,E01032019,668,238,91,147,430,371,59
2021,Wiltshire 053C,E01032020,698,237,96,141,461,395,66
2021,Wiltshire 056D,E01032021,894,224,73,151,670,575,95
2021,Wiltshire 058C,E01032022,851,231,108,123,620,500,120
2021,Wiltshire 059D,E01032023,727,251,100,151,476,419,57
2021,Wiltshire 055D,E01032024,1396,345,93,252,1051,933,118
2021,Wiltshire 053D,E01032025,715,204,76,128,511,440,71
2021,Wiltshire 045D,E01032026,832,262,114,148,570,467,103
2021,Wiltshire 054C,E01032027,629,193,90,103,436,329,107
2021,Wiltshire 061B,E01032029,658,235,86,149,423,309,114
2021,Wiltshire 061C,E01032030,785,310,126,184,475,383,92
2021,Wiltshire 061D,E01032031,519,192,89,103,327,242,85
2021,Wiltshire 049B,E01032032,748,222,90,132,526,437,89
2021,Wiltshire 049C,E01032033,676,192,63,129,484,377,107
2021,Wiltshire 049D,E01032034,689,236,91,145,453,351,102
2021,Wiltshire 050B,E01032035,688,230,96,134,458,346,112
2021,Wiltshire 050C,E01032036,665,243,118,125,422,316,106
2021,Wiltshire 050D,E01032037,641,210,68,142,431,357,74
2021,Wiltshire 054D,E01032038,602,200,62,138,402,314,88
2021,Wiltshire 054E,E01032039,1108,282,93,189,826,707,119
2021,Wiltshire 054F,E01032040,657,230,74,156,427,367,60
2021,Wiltshire 060D,E01032041,918,292,111,181,626,487,139
2021,Wiltshire 060E,E01032042,848,289,101,188,559,464,95
2021,Wiltshire 021A,E01032043,533,195,80,115,338,265,73
2021,Wiltshire 021B,E01032044,676,235,91,144,441,350,91
2021,Wiltshire 027A,E01032045,772,281,100,181,491,394,97
2021,Wiltshire 027B,E01032046,713,216,77,139,497,428,69
2021,Wiltshire 027C,E01032047,657,253,98,155,404,340,64
2021,Wiltshire 027D,E01032048,704,240,75,165,464,405,59
2021,Wiltshire 027E,E01032049,650,246,107,139,404,335,69
2021,Wiltshire 047A,E01032051,637,243,98,145,394,313,81
2021,Wiltshire 039A,E01032052,586,193,71,122,393,320,73
2021,Wiltshire 037A,E01032053,678,228,75,153,450,383,67
2021,Wiltshire 039B,E01032054,595,209,80,129,386,325,61
2021,Wiltshire 039C,E01032055,526,184,75,109,342,269,73
2021,Wiltshire 039D,E01032056,604,194,77,117,410,324,86
2021,Wiltshire 021C,E01032057,592,212,87,125,380,304,76
2021,Wiltshire 023A,E01032058,629,213,73,140,416,342,74
2021,Wiltshire 023B,E01032059,844,292,134,158,552,428,124
2021,Wiltshire 023C,E01032060,704,270,108,162,434,335,99
2021,Wiltshire 023D,E01032061,490,172,83,89,318,264,54
2021,Wiltshire 022A,E01032062,818,236,84,152,582,515,67
2021,Wiltshire 020A,E01032063,1143,333,107,226,810,722,88
2021,Wiltshire 020B,E01032064,608,180,57,123,428,363,65
2021,Wiltshire 020C,E01032065,772,225,76,149,547,473,74
2021,Wiltshire 022B,E01032066,870,254,81,173,616,531,85
2021,Wiltshire 022C,E01032067,671,225,94,131,446,386,60
2021,Wiltshire 022D,E01032068,629,183,63,120,446,386,60
2021,Wiltshire 022E,E01032069,669,215,62,153,454,383,71
2021,Wiltshire 021D,E01032070,826,247,83,164,579,488,91
2021,Wiltshire 021F,E01032072,1041,286,95,191,755,651,104
2021,Wiltshire 020D,E01032073,733,210,54,156,523,463,60
2021,Wiltshire 020E,E01032074,541,137,41,96,404,342,62
2021,Wiltshire 047B,E01032075,630,215,88,127,415,301,114
2021,Wiltshire 047C,E01032076,547,184,82,102,363,270,93
2021,Wiltshire 030A,E01032077,840,265,98,167,575,461,114
2021,Wiltshire 030B,E01032078,1476,418,146,272,1058,910,148
2021,Wiltshire 030C,E01032079,720,253,81,172,467,407,60
2021,Wiltshire 030D,E01032080,1029,336,101,235,693,590,103
2021,Wiltshire 047D,E01032081,651,232,99,133,419,323,96
2021,Wiltshire 047E,E01032082,573,207,76,131,366,280,86
2021,Wiltshire 037B,E01032083,1163,373,130,243,790,641,149
2021,Wiltshire 031A,E01032085,873,229,67,162,644,580,64
2021,Wiltshire 031C,E01032087,1071,335,120,215,736,636,100
2021,Wiltshire 036A,E01032088,732,210,69,141,522,451,71
2021,Wiltshire 036B,E01032089,883,235,72,163,648,580,68
2021,Wiltshire 036C,E01032090,671,204,62,142,467,409,58
2021,Wiltshire 036D,E01032091,623,180,65,115,443,389,54
2021,Wiltshire 035A,E01032092,776,256,82,174,520,466,54
2021,Wiltshire 035B,E01032093,1135,354,115,239,781,679,102
2021,Wiltshire 035C,E01032094,1253,343,108,235,910,830,80
2021,Wiltshire 035D,E01032095,924,293,106,187,631,552,79
2021,Wiltshire 033A,E01032096,820,295,91,204,525,466,59
2021,Wiltshire 033B,E01032097,958,332,112,220,626,520,106
2021,Wiltshire 033C,E01032098,759,235,72,163,524,461,63
2021,Wiltshire 032B,E01032100,850,236,90,146,614,521,93
2021,Wiltshire 032C,E01032101,821,238,76,162,583,513,70
2021,Wiltshire 032D,E01032102,1182,358,92,266,824,707,117
2021,Wiltshire 044A,E01032103,831,232,85,147,599,507,92
2021,Wiltshire 042A,E01032104,718,220,70,150,498,409,89
2021,Wiltshire 042B,E01032105,659,197,59,138,462,388,74
2021,Wiltshire 044B,E01032106,638,223,80,143,415,345,70
2021,Wiltshire 042C,E01032107,673,126,31,95,547,419,128
2021,Wiltshire 042D,E01032108,592,159,52,107,433,366,67
2021,Wiltshire 044C,E01032109,713,204,69,135,509,420,89
2021,Wiltshire 043A,E01032110,1170,355,123,232,815,671,144
2021,Wiltshire 043B,E01032111,635,201,78,123,434,352,82
2021,Wiltshire 043C,E01032112,781,248,90,158,533,464,69
2021,Wiltshire 043D,E01032113,696,231,71,160,465,400,65
2021,Wiltshire 044D,E01032114,709,215,76,139,494,415,79
2021,Wiltshire 064A,E01032115,815,238,74,164,577,498,79
2021,Wiltshire 063D,E01032117,1368,419,130,289,949,808,141
2021,Wiltshire 063C,E01032118,744,223,70,153,521,446,75
2021,Wiltshire 064B,E01032119,1035,238,73,165,797,682,115
2021,Wiltshire 039E,E01032121,1038,312,109,203,726,605,121
2021,Bromsgrove 009A,E01032122,1046,300,107,193,746,574,172
2021,Bromsgrove 009B,E01032123,733,210,86,124,523,393,130
2021,Bromsgrove 009C,E01032124,748,223,69,154,525,452,73
2021,Bromsgrove 009D,E01032125,690,216,81,135,474,389,85
2021,Bromsgrove 003A,E01032126,886,283,72,211,603,533,70
2021,Bromsgrove 007A,E01032127,895,257,89,168,638,544,94
2021,Bromsgrove 007B,E01032128,669,195,63,132,474,420,54
2021,Bromsgrove 007C,E01032129,675,191,55,136,484,412,72
2021,Bromsgrove 013B,E01032131,691,209,54,155,482,405,77
2021,Bromsgrove 013C,E01032132,890,264,75,189,626,562,64
2021,Bromsgrove 004A,E01032133,639,209,62,147,430,375,55
2021,Bromsgrove 005A,E01032134,718,206,69,137,512,412,100
2021,Bromsgrove 004B,E01032135,764,231,88,143,533,438,95
2021,Bromsgrove 002A,E01032136,681,254,107,147,427,313,114
2021,Bromsgrove 002B,E01032137,752,221,80,141,531,408,123
2021,Bromsgrove 001A,E01032138,744,224,90,134,520,407,113
2021,Bromsgrove 001B,E01032139,1116,330,113,217,786,628,158
2021,Bromsgrove 001C,E01032140,847,271,95,176,576,475,101
2021,Bromsgrove 001D,E01032141,719,221,84,137,498,405,93
2021,Bromsgrove 006A,E01032142,1325,349,114,235,976,829,147
2021,Bromsgrove 006B,E01032143,818,238,83,155,580,442,138
2021,Bromsgrove 006C,E01032144,913,268,118,150,645,485,160
2021,Bromsgrove 004C,E01032145,683,208,58,150,475,400,75
2021,Bromsgrove 005B,E01032146,763,244,90,154,519,443,76
2021,Bromsgrove 004D,E01032147,487,134,35,99,353,294,59
2021,Bromsgrove 008A,E01032148,522,147,63,84,375,292,83
2021,Bromsgrove 006D,E01032149,615,196,75,121,419,316,103
2021,Bromsgrove 008B,E01032150,700,208,77,131,492,390,102
2021,Bromsgrove 008C,E01032151,712,211,69,142,501,415,86
2021,Bromsgrove 007D,E01032152,604,195,66,129,409,348,61
2021,Bromsgrove 008D,E01032153,1119,306,103,203,813,655,158
2021,Bromsgrove 010A,E01032154,963,264,75,189,699,600,99
2021,Bromsgrove 008E,E01032155,868,246,86,160,622,511,111
2021,Bromsgrove 011A,E01032156,805,236,58,178,569,467,102
2021,Bromsgrove 011B,E01032157,579,171,60,111,408,338,70
2021,Bromsgrove 012A,E01032158,705,220,72,148,485,406,79
2021,Bromsgrove 010B,E01032159,897,306,102,204,591,497,94
2021,Bromsgrove 010C,E01032160,856,250,75,175,606,515,91
2021,Bromsgrove 010D,E01032161,901,278,80,198,623,545,78
2021,Bromsgrove 012B,E01032162,886,250,77,173,636,545,91
2021,Bromsgrove 002C,E01032168,492,142,49,93,350,305,45
2021,Bromsgrove 002D,E01032169,542,167,67,100,375,279,96
2021,Bromsgrove 003B,E01032170,738,195,72,123,543,472,71
2021,Bromsgrove 003C,E01032171,669,168,52,116,501,443,58
2021,Bromsgrove 003D,E01032172,740,233,82,151,507,435,72
2021,Bromsgrove 011C,E01032173,873,282,85,197,591,500,91
2021,Bromsgrove 013D,E01032174,820,277,100,177,543,460,83
2021,Bromsgrove 011D,E01032175,775,261,90,171,514,438,76
2021,Bromsgrove 002E,E01032176,1120,381,153,228,739,549,190
2021,Bromsgrove 005C,E01032177,942,267,98,169,675,566,109
2021,Bromsgrove 005D,E01032178,503,154,64,90,349,289,60
2021,Malvern Hills 003A,E01032179,739,241,88,153,498,388,110
2021,Malvern Hills 003B,E01032180,1009,335,113,222,674,536,138
2021,Malvern Hills 002A,E01032181,1021,351,145,206,670,523,147
2021,Malvern Hills 003C,E01032182,1141,366,153,213,775,623,152
2021,Malvern Hills 003D,E01032183,741,224,73,151,517,432,85
2021,Malvern Hills 009A,E01032184,568,199,64,135,369,324,45
2021,Malvern Hills 009B,E01032185,588,222,89,133,366,313,53
2021,Malvern Hills 009C,E01032186,546,175,56,119,371,309,62
2021,Malvern Hills 009D,E01032187,680,246,84,162,434,376,58
2021,Malvern Hills 006A,E01032188,925,332,105,227,593,529,64
2021,Malvern Hills 006B,E01032189,1357,410,114,296,947,792,155
2021,Malvern Hills 002B,E01032190,966,333,126,207,633,500,133
2021,Malvern Hills 008A,E01032191,1408,417,147,270,991,810,181
2021,Malvern Hills 008B,E01032192,976,271,89,182,705,592,113
2021,Malvern Hills 001A,E01032193,1071,376,144,232,695,517,178
2021,Malvern Hills 004A,E01032194,593,204,59,145,389,335,54
2021,Malvern Hills 004B,E01032195,733,251,95,156,482,403,79
2021,Malvern Hills 004C,E01032196,746,252,90,162,494,420,74
2021,Malvern Hills 004D,E01032197,685,232,94,138,453,391,62
2021,Malvern Hills 011A,E01032198,1025,358,131,227,667,454,213
2021,Malvern Hills 002C,E01032199,927,283,120,163,644,481,163
2021,Malvern Hills 011B,E01032200,1102,396,150,246,706,546,160
2021,Malvern Hills 007A,E01032201,681,236,74,162,445,384,61
2021,Malvern Hills 007B,E01032202,674,243,77,166,431,384,47
2021,Malvern Hills 007C,E01032203,682,239,81,158,443,386,57
2021,Malvern Hills 007D,E01032204,614,242,57,185,372,321,51
2021,Malvern Hills 005A,E01032205,466,174,52,122,292,232,60
2021,Malvern Hills 005B,E01032206,543,188,51,137,355,302,53
2021,Malvern Hills 005C,E01032207,911,301,104,197,610,500,110
2021,Malvern Hills 010A,E01032208,681,251,119,132,430,348,82
2021,Malvern Hills 010B,E01032209,517,176,79,97,341,254,87
2021,Malvern Hills 010C,E01032210,452,167,59,108,285,260,25
2021,Malvern Hills 008C,E01032211,825,262,102,160,563,444,119
2021,Malvern Hills 001B,E01032212,1085,351,130,221,734,568,166
2021,Malvern Hills 001C,E01032213,786,286,113,173,500,348,152
2021,Malvern Hills 001D,E01032214,896,299,94,205,597,498,99
2021,Malvern Hills 011C,E01032215,429,144,45,99,285,243,42
2021,Malvern Hills 011D,E01032216,772,263,92,171,509,418,91
2021,Malvern Hills 005D,E01032217,738,268,103,165,470,359,111
2021,Malvern Hills 010D,E01032218,711,273,119,154,438,369,69
2021,Malvern Hills 010E,E01032219,712,255,111,144,457,392,65
2021,Malvern Hills 006C,E01032220,702,243,99,144,459,373,86
2021,Malvern Hills 006D,E01032221,600,235,92,143,365,297,68
2021,Malvern Hills 006E,E01032222,683,216,68,148,467,406,61
2021,Malvern Hills 002D,E01032223,1097,372,153,219,725,537,188
2021,Redditch 004A,E01032224,1009,251,82,169,758,681,77
2021,Redditch 004B,E01032225,488,131,39,92,357,325,32
2021,Redditch 001A,E01032226,1464,416,138,278,1048,919,129
2021,Redditch 001B,E01032227,446,115,38,77,331,284,47
2021,Redditch 013A,E01032228,684,203,86,117,481,383,98
2021,Redditch 013B,E01032229,690,206,60,146,484,416,68
2021,Redditch 013C,E01032230,709,208,70,138,501,416,85
2021,Redditch 013D,E01032231,958,298,107,191,660,530,130
2021,Redditch 003A,E01032232,699,225,92,133,474,420,54
2021,Redditch 003C,E01032234,779,224,72,152,555,505,50
2021,Redditch 003D,E01032235,745,232,72,160,513,468,45
2021,Redditch 006A,E01032236,917,235,75,160,682,594,88
2021,Redditch 006B,E01032237,703,180,60,120,523,453,70
2021,Redditch 006C,E01032238,731,178,55,123,553,473,80
2021,Redditch 004C,E01032239,906,262,89,173,644,564,80
2021,Redditch 002A,E01032240,616,164,56,108,452,408,44
2021,Redditch 002B,E01032241,567,161,47,114,406,365,41
2021,Redditch 002C,E01032242,708,181,47,134,527,454,73
2021,Redditch 001C,E01032243,627,184,59,125,443,389,54
2021,Redditch 001D,E01032244,697,190,53,137,507,441,66
2021,Redditch 002D,E01032245,646,192,55,137,454,404,50
2021,Redditch 012A,E01032246,679,194,64,130,485,414,71
2021,Redditch 012B,E01032247,665,180,50,130,485,426,59
2021,Redditch 012C,E01032248,712,192,59,133,520,453,67
2021,Redditch 012D,E01032249,806,204,49,155,602,551,51
2021,Redditch 010A,E01032250,592,144,46,98,448,408,40
2021,Redditch 010B,E01032251,870,229,69,160,641,576,65
2021,Redditch 010C,E01032252,579,140,49,91,439,390,49
2021,Redditch 009A,E01032253,876,210,64,146,666,580,86
2021,Redditch 010D,E01032254,1118,290,98,192,828,743,85
2021,Redditch 007A,E01032255,727,181,48,133,546,463,83
2021,Redditch 011A,E01032256,666,184,56,128,482,434,48
2021,Redditch 011B,E01032257,733,219,73,146,514,437,77
2021,Redditch 011C,E01032258,767,220,71,149,547,479,68
2021,Redditch 008A,E01032259,678,202,63,139,476,408,68
2021,Redditch 011D,E01032260,592,168,50,118,424,376,48
2021,Redditch 012E,E01032261,683,183,58,125,500,433,67
2021,Redditch 004D,E01032262,900,243,92,151,657,580,77
2021,Redditch 007B,E01032263,828,230,77,153,598,538,60
2021,Redditch 006D,E01032264,857,232,74,158,625,575,50
2021,Redditch 009B,E01032265,724,216,71,145,508,453,55
2021,Redditch 007C,E01032266,769,190,68,122,579,503,76
2021,Redditch 009C,E01032267,860,202,67,135,658,600,58
2021,Redditch 009D,E01032268,591,157,50,107,434,385,49
2021,Redditch 008B,E01032269,823,233,80,153,590,505,85
2021,Redditch 008C,E01032270,764,192,50,142,572,500,72
2021,Redditch 008D,E01032271,1166,318,91,227,848,721,127
2021,Redditch 008E,E01032272,541,157,45,112,384,339,45
2021,Redditch 005A,E01032273,656,208,77,131,448,377,71
2021,Redditch 007D,E01032274,638,181,66,115,457,416,41
2021,Redditch 005B,E01032275,669,162,43,119,507,442,65
2021,Redditch 009E,E01032276,747,216,59,157,531,461,70
2021,Redditch 005C,E01032277,615,159,54,105,456,400,56
2021,Redditch 005D,E01032278,668,168,46,122,500,458,42
2021,Worcester 004A,E01032279,637,212,57,155,425,367,58
2021,Worcester 007A,E01032280,861,240,89,151,621,516,105
2021,Worcester 007B,E01032281,833,220,75,145,613,511,102
2021,Worcester 007C,E01032282,1068,258,91,167,810,709,101
2021,Worcester 013A,E01032283,844,281,93,188,563,485,78
2021,Worcester 013B,E01032284,945,295,96,199,650,556,94
2021,Worcester 011A,E01032285,857,253,81,172,604,505,99
2021,Worcester 012A,E01032286,1287,385,121,264,902,784,118
2021,Worcester 012B,E01032287,855,258,81,177,597,538,59
2021,Worcester 012C,E01032288,767,233,80,153,534,458,76
2021,Worcester 012D,E01032289,640,215,61,154,425,352,73
2021,Worcester 012E,E01032290,632,199,65,134,433,370,63
2021,Worcester 011B,E01032292,838,250,63,187,588,505,83
2021,Worcester 011D,E01032294,738,261,97,164,477,411,66
2021,Worcester 001A,E01032296,831,250,92,158,581,502,79
2021,Worcester 001B,E01032297,797,233,69,164,564,489,75
2021,Worcester 001C,E01032298,847,273,94,179,574,478,96
2021,Worcester 001D,E01032299,807,202,64,138,605,506,99
2021,Worcester 001E,E01032300,712,217,77,140,495,397,98
2021,Worcester 005A,E01032301,664,161,44,117,503,451,52
2021,Worcester 005B,E01032302,605,172,50,122,433,386,47
2021,Worcester 002A,E01032303,536,202,48,154,334,305,29
2021,Worcester 002B,E01032304,658,185,53,132,473,421,52
2021,Worcester 010A,E01032305,915,248,60,188,667,586,81
2021,Worcester 010B,E01032306,782,212,48,164,570,503,67
2021,Worcester 010C,E01032307,797,274,73,201,523,458,65
2021,Worcester 013D,E01032308,984,280,95,185,704,604,100
2021,Worcester 010D,E01032309,828,232,80,152,596,523,73
2021,Worcester 005C,E01032310,827,221,84,137,606,542,64
2021,Worcester 005D,E01032311,692,237,55,182,455,415,40
2021,Worcester 004B,E01032312,833,233,74,159,600,532,68
2021,Worcester 005E,E01032313,556,191,51,140,365,314,51
2021,Worcester 006A,E01032314,533,221,96,125,312,274,38
2021,Worcester 006B,E01032315,738,379,217,162,359,323,36
2021,Worcester 006C,E01032316,505,162,66,96,343,296,47
2021,Worcester 006D,E01032317,723,248,100,148,475,403,72
2021,Worcester 009A,E01032318,671,253,78,175,418,351,67
2021,Worcester 009B,E01032319,839,341,123,218,498,413,85
2021,Worcester 009C,E01032320,865,301,123,178,564,484,80
2021,Worcester 009D,E01032321,892,297,94,203,595,514,81
2021,Worcester 009E,E01032322,839,247,99,148,592,524,68
2021,Worcester 014A,E01032323,737,211,65,146,526,460,66
2021,Worcester 014B,E01032324,767,214,72,142,553,473,80
2021,Worcester 014C,E01032325,920,259,75,184,661,573,88
2021,Worcester 014D,E01032326,688,215,74,141,473,411,62
2021,Worcester 004C,E01032327,1124,314,94,220,810,691,119
2021,Worcester 004D,E01032328,693,201,55,146,492,426,66
2021,Worcester 004E,E01032329,1029,306,106,200,723,627,96
2021,Worcester 003A,E01032330,648,174,37,137,474,427,47
2021,Worcester 002C,E01032331,563,178,54,124,385,338,47
2021,Worcester 002D,E01032332,477,170,49,121,307,272,35
2021,Worcester 005F,E01032333,885,296,83,213,589,521,68
2021,Worcester 003B,E01032334,1391,303,84,219,1088,950,138
2021,Worcester 003C,E01032335,860,237,66,171,623,517,106
2021,Worcester 003D,E01032336,863,191,65,126,672,587,85
2021,Worcester 008A,E01032337,1311,354,121,233,957,827,130
2021,Worcester 008B,E01032338,1148,290,88,202,858,753,105
2021,Worcester 008C,E01032339,926,258,86,172,668,580,88
2021,Wychavon 013A,E01032340,900,274,93,181,626,538,88
2021,Wychavon 013B,E01032341,654,205,84,121,449,369,80
2021,Wychavon 016A,E01032342,1598,412,143,269,1186,1012,174
2021,Wychavon 016B,E01032344,1124,340,116,224,784,643,141
2021,Wychavon 007A,E01032345,747,215,97,118,532,398,134
2021,Wychavon 007B,E01032346,684,198,75,123,486,380,106
2021,Wychavon 019A,E01032347,628,205,87,118,423,345,78
2021,Wychavon 019B,E01032348,637,203,83,120,434,350,84
2021,Wychavon 013C,E01032349,926,276,97,179,650,501,149
2021,Wychavon 013D,E01032350,556,190,64,126,366,297,69
2021,Wychavon 018A,E01032351,706,277,137,140,429,313,116
2021,Wychavon 018B,E01032352,706,229,85,144,477,368,109
2021,Wychavon 018C,E01032353,716,253,92,161,463,386,77
2021,Wychavon 009A,E01032355,710,231,90,141,479,359,120
2021,Wychavon 009B,E01032356,593,192,61,131,401,327,74
2021,Wychavon 004A,E01032357,490,120,37,83,370,319,51
2021,Wychavon 004B,E01032358,670,220,72,148,450,381,69
2021,Wychavon 003A,E01032359,739,174,59,115,565,469,96
2021,Wychavon 003B,E01032360,907,279,74,205,628,514,114
2021,Wychavon 003C,E01032361,802,227,79,148,575,488,87
2021,Wychavon 005B,E01032363,782,238,82,156,544,470,74
2021,Wychavon 005C,E01032364,810,263,99,164,547,459,88
2021,Wychavon 004C,E01032365,792,266,66,200,526,442,84
2021,Wychavon 005D,E01032366,726,194,77,117,532,444,88
2021,Wychavon 004D,E01032367,622,188,65,123,434,359,75
2021,Wychavon 002A,E01032368,531,167,51,116,364,327,37
2021,Wychavon 002B,E01032369,647,185,62,123,462,405,57
2021,Wychavon 002C,E01032370,579,184,68,116,395,332,63
2021,Wychavon 002D,E01032371,643,205,65,140,438,378,60
2021,Wychavon 019C,E01032372,684,234,93,141,450,345,105
2021,Wychavon 019D,E01032373,582,177,68,109,405,304,101
2021,Wychavon 018D,E01032374,686,220,88,132,466,380,86
2021,Wychavon 010A,E01032375,514,184,85,99,330,261,69
2021,Wychavon 015A,E01032376,763,234,83,151,529,414,115
2021,Wychavon 014B,E01032377,943,262,88,174,681,583,98
2021,Wychavon 014C,E01032378,882,236,84,152,646,555,91
2021,Wychavon 016C,E01032379,970,294,104,190,676,582,94
2021,Wychavon 016D,E01032380,676,208,78,130,468,394,74
2021,Wychavon 017A,E01032381,946,251,74,177,695,597,98
2021,Wychavon 010B,E01032382,648,229,92,137,419,332,87
2021,Wychavon 010C,E01032383,640,196,79,117,444,348,96
2021,Wychavon 015B,E01032384,827,221,78,143,606,519,87
2021,Wychavon 015C,E01032385,975,281,97,184,694,595,99
2021,Wychavon 001B,E01032386,713,216,84,132,497,378,119
2021,Wychavon 001C,E01032387,771,206,71,135,565,452,113
2021,Wychavon 013E,E01032388,622,210,71,139,412,322,90
2021,Wychavon 013F,E01032389,560,182,78,104,378,304,74
2021,Wychavon 011A,E01032390,819,245,96,149,574,448,126
2021,Wychavon 011B,E01032391,672,185,57,128,487,388,99
2021,Wychavon 008A,E01032392,829,258,110,148,571,413,158
2021,Wychavon 008B,E01032393,838,266,102,164,572,466,106
2021,Wychavon 008C,E01032394,601,198,78,120,403,298,105
2021,Wychavon 007C,E01032395,698,218,84,134,480,337,143
2021,Wychavon 015D,E01032396,1047,259,87,172,788,667,121
2021,Wychavon 017B,E01032397,1072,325,108,217,747,629,118
2021,Wychavon 017C,E01032398,993,235,82,153,758,652,106
2021,Wychavon 006A,E01032399,1131,360,126,234,771,618,153
2021,Wychavon 006B,E01032400,1282,383,113,270,899,717,182
2021,Wychavon 001D,E01032401,1300,357,137,220,943,742,201
2021,Wychavon 009C,E01032402,962,256,84,172,706,597,109
2021,Wychavon 009D,E01032403,1250,361,115,246,889,732,157
2021,Wychavon 006C,E01032404,1167,331,120,211,836,629,207
2021,Wychavon 012A,E01032405,744,223,73,150,521,438,83
2021,Wychavon 012B,E01032406,547,192,78,114,355,286,69
2021,Wychavon 012C,E01032407,618,210,78,132,408,345,63
2021,Wychavon 012D,E01032408,546,174,43,131,372,309,63
2021,Wychavon 012E,E01032409,1191,321,117,204,870,754,116
2021,Wychavon 010D,E01032410,658,196,77,119,462,376,86
2021,Wychavon 010E,E01032411,871,242,84,158,629,511,118
2021,Wychavon 019E,E01032412,567,171,81,90,396,300,96
2021,Wychavon 019F,E01032413,536,198,79,119,338,258,80
2021,Wychavon 011C,E01032414,676,226,80,146,450,362,88
2021,Wychavon 011D,E01032415,868,313,136,177,555,461,94
2021,Wychavon 008D,E01032416,534,175,72,103,359,263,96
2021,Wychavon 007D,E01032417,762,234,92,142,528,410,118
2021,Wyre Forest 010A,E01032418,607,196,70,126,411,357,54
2021,Wyre Forest 010B,E01032419,470,152,62,90,318,266,52
2021,Wyre Forest 010C,E01032420,654,191,73,118,463,400,63
2021,Wyre Forest 010D,E01032421,566,188,60,128,378,322,56
2021,Wyre Forest 010E,E01032422,745,229,50,179,516,448,68
2021,Wyre Forest 014A,E01032423,633,224,84,140,409,359,50
2021,Wyre Forest 014B,E01032424,547,174,55,119,373,321,52
2021,Wyre Forest 014C,E01032425,570,166,47,119,404,326,78
2021,Wyre Forest 014D,E01032426,605,184,56,128,421,372,49
2021,Wyre Forest 011A,E01032427,635,229,67,162,406,347,59
2021,Wyre Forest 011B,E01032428,729,220,94,126,509,413,96
2021,Wyre Forest 011C,E01032429,586,188,50,138,398,322,76
2021,Wyre Forest 005A,E01032430,797,267,101,166,530,412,118
2021,Wyre Forest 001A,E01032431,725,231,104,127,494,374,120
2021,Wyre Forest 001B,E01032432,613,191,52,139,422,329,93
2021,Wyre Forest 001C,E01032433,748,230,79,151,518,403,115
2021,Wyre Forest 004A,E01032434,956,292,77,215,664,580,84
2021,Wyre Forest 004B,E01032435,681,230,71,159,451,411,40
2021,Wyre Forest 003A,E01032436,767,240,51,189,527,458,69
2021,Wyre Forest 004C,E01032437,827,263,78,185,564,478,86
2021,Wyre Forest 003B,E01032438,766,207,58,149,559,481,78
2021,Wyre Forest 001D,E01032439,619,215,73,142,404,337,67
2021,Wyre Forest 001E,E01032440,500,147,31,116,353,308,45
2021,Wyre Forest 002A,E01032441,553,179,49,130,374,315,59
2021,Wyre Forest 002B,E01032442,892,284,79,205,608,518,90
2021,Wyre Forest 002C,E01032443,570,182,61,121,388,328,60
2021,Wyre Forest 002D,E01032444,579,190,50,140,389,346,43
2021,Wyre Forest 002E,E01032445,666,213,56,157,453,370,83
2021,Wyre Forest 003C,E01032446,687,216,75,141,471,402,69
2021,Wyre Forest 003D,E01032447,759,202,48,154,557,473,84
2021,Wyre Forest 003E,E01032448,594,170,47,123,424,353,71
2021,Wyre Forest 007A,E01032449,819,243,73,170,576,506,70
2021,Wyre Forest 006A,E01032451,675,189,55,134,486,414,72
2021,Wyre Forest 006B,E01032452,710,231,71,160,479,406,73
2021,Wyre Forest 006C,E01032453,710,218,49,169,492,426,66
2021,Wyre Forest 006D,E01032454,878,284,101,183,594,522,72
2021,Wyre Forest 012A,E01032455,676,189,54,135,487,419,68
2021,Wyre Forest 012B,E01032456,526,168,48,120,358,302,56
2021,Wyre Forest 012C,E01032457,670,199,48,151,471,396,75
2021,Wyre Forest 012D,E01032458,673,208,66,142,465,398,67
2021,Wyre Forest 012E,E01032459,699,223,69,154,476,411,65
2021,Wyre Forest 013A,E01032460,863,237,69,168,626,531,95
2021,Wyre Forest 013B,E01032461,881,279,95,184,602,505,97
2021,Wyre Forest 013C,E01032462,1084,348,141,207,736,620,116
2021,Wyre Forest 013D,E01032463,667,197,57,140,470,379,91
2021,Wyre Forest 007B,E01032464,552,177,42,135,375,328,47
2021,Wyre Forest 007C,E01032465,618,208,47,161,410,363,47
2021,Wyre Forest 007D,E01032466,573,166,50,116,407,356,51
2021,Wyre Forest 007E,E01032467,495,161,63,98,334,274,60
2021,Wyre Forest 007F,E01032468,444,135,45,90,309,249,60
2021,Wyre Forest 009A,E01032469,710,231,74,157,479,418,61
2021,Wyre Forest 009C,E01032471,494,188,52,136,306,265,41
2021,Wyre Forest 011D,E01032472,571,191,81,110,380,273,107
2021,Wyre Forest 011E,E01032473,594,219,85,134,375,287,88
2021,Wyre Forest 008A,E01032474,916,272,83,189,644,553,91
2021,Wyre Forest 008B,E01032475,905,286,73,213,619,539,80
2021,Wyre Forest 008C,E01032476,726,242,78,164,484,409,75
2021,Wyre Forest 008D,E01032477,495,155,65,90,340,280,60
2021,Wyre Forest 008E,E01032478,703,212,57,155,491,410,81
2021,Wyre Forest 001F,E01032479,1043,330,128,202,713,586,127
2021,Wyre Forest 005B,E01032480,738,229,68,161,509,438,71
2021,Wyre Forest 005C,E01032481,722,283,89,194,439,365,74
2021,Wyre Forest 005D,E01032482,616,191,73,118,425,355,70
2021,Sunderland 032F,E01032483,746,203,49,154,543,479,64
2021,Sunderland 032G,E01032484,592,154,36,118,438,382,56
2021,Blackburn with Darwen 018E,E01032485,1035,306,112,194,729,569,160
2021,Blackburn with Darwen 018F,E01032486,632,191,66,125,441,354,87
2021,Leeds 097F,E01032487,440,128,30,98,312,277,35
2021,Leeds 097G,E01032488,868,229,67,162,639,545,94
2021,Leeds 102F,E01032489,1274,277,85,192,997,882,115
2021,Leeds 102G,E01032490,790,181,46,135,609,526,83
2021,Leeds 102H,E01032491,667,169,43,126,498,433,65
2021,Leeds 102I,E01032492,1125,281,87,194,844,755,89
2021,Leeds 033F,E01032493,792,166,40,126,626,562,64
2021,Leeds 033G,E01032494,848,279,95,184,569,507,62
2021,Leeds 105F,E01032496,1209,281,72,209,928,817,111
2021,Leeds 099E,E01032497,645,200,49,151,445,410,35
2021,Leeds 099F,E01032498,735,171,52,119,564,499,65
2021,Leeds 067G,E01032499,866,241,67,174,625,544,81
2021,Leeds 067H,E01032500,638,168,62,106,470,429,41
2021,Leeds 017E,E01032501,595,166,46,120,429,371,58
2021,Leeds 017F,E01032502,894,275,69,206,619,565,54
2021,Leeds 007E,E01032503,679,218,85,133,461,348,113
2021,Leeds 007F,E01032504,754,249,92,157,505,402,103
2021,Liverpool 050F,E01032505,560,157,46,111,403,353,50
2021,Liverpool 050G,E01032506,717,220,76,144,497,439,58
2021,Liverpool 050H,E01032507,809,187,58,129,622,565,57
2021,Liverpool 027G,E01032508,735,204,61,143,531,454,77
2021,Liverpool 027H,E01032509,545,178,58,120,367,344,23
2021,Liverpool 008F,E01032510,1069,244,61,183,825,734,91
2021,Liverpool 008G,E01032511,579,186,56,130,393,356,37
2021,Westminster 010F,E01032512,874,310,122,188,564,471,93
2021,Westminster 010G,E01032513,496,180,61,119,316,257,59
2021,Bristol 053E,E01032514,688,224,63,161,464,419,45
2021,Bristol 053F,E01032515,793,251,80,171,542,474,68
2021,Bristol 001G,E01032516,943,290,98,192,653,550,103
2021,Bristol 001H,E01032517,909,262,92,170,647,569,78
2021,Bristol 018E,E01032518,836,313,87,226,523,473,50
2021,Bristol 018F,E01032519,664,230,73,157,434,391,43
2021,Nottingham 028E,E01032520,1076,292,122,170,784,637,147
2021,Nottingham 028F,E01032522,1203,302,139,163,901,726,175
2021,West Suffolk 003B,E01032523,1267,174,55,119,1093,839,254
2021,West Suffolk 003C,E01032524,607,171,75,96,436,342,94
2021,West Suffolk 003D,E01032526,999,268,106,162,731,562,169
2021,Coventry 035G,E01032527,750,205,63,142,545,503,42
2021,Coventry 035H,E01032528,637,178,51,127,459,416,43
2021,Coventry 038E,E01032529,602,118,41,77,484,448,36
2021,Coventry 038F,E01032530,926,220,63,157,706,650,56
2021,Coventry 036F,E01032532,751,176,72,104,575,500,75
2021,Coventry 036G,E01032533,874,262,96,166,612,491,121
2021,Coventry 037F,E01032534,758,210,62,148,548,506,42
2021,Coventry 037G,E01032535,631,154,37,117,477,426,51
2021,Coventry 001F,E01032536,1089,276,82,194,813,743,70
2021,Coventry 001G,E01032537,861,252,78,174,609,546,63
2021,Coventry 001H,E01032538,1062,282,98,184,780,691,89
2021,Hartlepool 003G,E01032540,442,141,37,104,301,261,40
2021,Hartlepool 003H,E01032541,807,284,89,195,523,468,55
2021,Stockton-on-Tees 009F,E01032542,823,257,65,192,566,491,75
2021,Stockton-on-Tees 009G,E01032543,689,274,69,205,415,367,48
2021,Stockton-on-Tees 009H,E01032544,937,244,63,181,693,609,84
2021,Darlington 002E,E01032545,853,256,80,176,597,528,69
2021,Darlington 002F,E01032546,850,254,66,188,596,511,85
2021,Redcar and Cleveland 019E,E01032548,582,183,66,117,399,331,68
2021,Redcar and Cleveland 019F,E01032549,1133,338,115,223,795,653,142
2021,Barnsley 010H,E01032551,1261,360,99,261,901,765,136
2021,Middlesbrough 018G,E01032552,733,240,74,166,493,420,73
2021,Oxford 002F,E01032554,1001,257,104,153,744,547,197
2021,Oxford 002G,E01032555,939,289,109,180,650,534,116
2021,Oldham 026E,E01032556,730,200,67,133,530,477,53
2021,Oldham 026F,E01032557,556,221,55,166,335,289,46
2021,Oldham 007E,E01032558,648,205,48,157,443,387,56
2021,Oldham 007F,E01032559,1434,355,100,255,1079,938,141
2021,Redcar and Cleveland 003E,E01032560,524,149,40,109,375,323,52
2021,Redcar and Cleveland 003F,E01032561,517,173,49,124,344,285,59
2021,Bromley 040D,E01032562,706,246,81,165,460,409,51
2021,Bromley 040E,E01032563,646,177,78,99,469,366,103
2021,Lewisham 037E,E01032564,594,207,70,137,387,329,58
2021,Lewisham 038E,E01032565,670,203,58,145,467,421,46
2021,Bexley 029D,E01032566,891,250,89,161,641,582,59
2021,Greenwich 033D,E01032567,805,215,64,151,590,523,67
2021,Bromley 041E,E01032568,739,237,96,141,502,434,68
2021,Croydon 045E,E01032569,780,294,100,194,486,419,67
2021,Bromley 042D,E01032570,739,241,91,150,498,413,85
2021,Tandridge 012D,E01032571,923,299,114,185,624,484,140
2021,Ealing 040D,E01032572,945,217,88,129,728,560,168
2021,Hounslow 029E,E01032573,1042,198,91,107,844,644,200
2021,Enfield 037E,E01032574,861,321,102,219,540,458,82
2021,Haringey 037D,E01032575,872,337,137,200,535,485,50
2021,Harrow 032E,E01032576,855,236,93,143,619,536,83
2021,Hillingdon 033E,E01032577,890,217,71,146,673,578,95
2021,Lewisham 039E,E01032579,1200,335,123,212,865,708,157
2021,Barking and Dagenham 023F,E01032580,635,231,76,155,404,362,42
2021,Redbridge 034G,E01032581,889,303,97,206,586,506,80
2021,Lambeth 036E,E01032582,1240,243,108,135,997,754,243
2021,Southwark 034D,E01032583,1107,232,86,146,875,638,237
2021,Southwark 034E,E01032584,683,180,77,103,503,393,110
2021,Sheffield 072E,E01032585,577,183,61,122,394,339,55
2021,North East Derbyshire 014D,E01032586,684,221,65,156,463,402,61
2021,Coventry 043E,E01032587,798,216,60,156,582,510,72
2021,Nuneaton and Bedworth 018E,E01032588,686,171,51,120,515,459,56
2021,Birmingham 132E,E01032589,647,204,79,125,443,403,40
2021,Solihull 030D,E01032590,1150,297,104,193,853,765,88
2021,Birmingham 133F,E01032591,730,206,75,131,524,461,63
2021,Sandwell 039F,E01032592,786,247,64,183,539,465,74
2021,Middlesbrough 020F,E01032593,1191,345,114,231,846,684,162
2021,Redcar and Cleveland 021E,E01032594,585,185,53,132,400,329,71
2021,Kingston upon Hull 033E,E01032595,745,259,62,197,486,418,68
2021,East Riding of Yorkshire 043F,E01032596,716,218,63,155,498,441,57
2021,Leicester 037F,E01032597,573,179,40,139,394,365,29
2021,Leicester 038E,E01032599,755,242,80,162,513,448,65
2021,Oadby and Wigston 008D,E01032600,975,315,101,214,660,587,73
2021,Oadby and Wigston 008E,E01032601,692,236,80,156,456,405,51
2021,Leicester 039E,E01032602,692,229,57,172,463,413,50
2021,Blaby 013F,E01032603,608,179,54,125,429,364,65
2021,Portsmouth 026D,E01032604,785,233,87,146,552,448,104
2021,Havant 018F,E01032605,842,250,79,171,592,496,96
2021,Leeds 067I,E01032606,1066,282,70,212,784,713,71
2021,Leeds 067J,E01032607,657,154,45,109,503,449,54
2021,Leeds 067K,E01032608,604,153,44,109,451,399,52
2021,Buckinghamshire 039F,E01032609,592,169,62,107,423,343,80
2021,Buckinghamshire 036F,E01032610,761,255,87,168,506,425,81
2021,East Cambridgeshire 011D,E01032611,892,213,93,120,679,534,145
2021,West Suffolk 015F,E01032612,1285,292,83,209,993,838,155
2021,Amber Valley 017E,E01032613,580,167,56,111,413,332,81
2021,Erewash 016E,E01032614,725,202,56,146,523,443,80
2021,East Hampshire 016D,E01032615,401,129,39,90,272,230,42
2021,East Hampshire 016E,E01032616,774,239,80,159,535,452,83
2021,Havant 020D,E01032617,727,249,83,166,478,405,73
2021,Havant 019D,E01032618,870,259,91,168,611,531,80
2021,Sevenoaks 016D,E01032619,724,226,85,141,498,396,102
2021,Tonbridge and Malling 014E,E01032620,1103,355,157,198,748,537,211
2021,Nottingham 038E,E01032621,640,198,54,144,442,387,55
2021,Gedling 016D,E01032622,654,210,51,159,444,388,56
2021,Sutton 025E,E01032623,793,238,117,121,555,403,152
2021,Epsom and Ewell 010F,E01032624,955,315,127,188,640,512,128
2021,East Hampshire 017E,E01032625,586,179,65,114,407,302,105
2021,Waverley 018F,E01032626,776,230,84,146,546,441,105
2021,Mendip 011F,E01032627,983,405,143,262,578,453,125
2021,East Devon 004G,E01032628,1237,425,163,262,812,643,169
2021,Sedgemoor 011E,E01032631,811,214,66,148,597,474,123
2021,Sedgemoor 011F,E01032632,774,246,91,155,528,428,100
2021,Sedgemoor 002G,E01032633,920,315,109,206,605,479,126
2021,Sedgemoor 011G,E01032634,609,192,70,122,417,338,79
2021,Somerset West and Taunton 003E,E01032635,882,323,106,217,559,479,80
2021,Somerset West and Taunton 001D,E01032636,842,298,102,196,544,474,70
2021,Southwark 035E,E01032637,778,96,49,47,682,410,272
2021,Southwark 035D,E01032638,858,91,40,51,767,518,249
2021,Southwark 014F,E01032639,1117,220,103,117,897,711,186
2021,Southwark 035B,E01032640,829,92,35,57,737,409,328
2021,Dorset 031A,E01032643,790,239,85,154,551,481,70
2021,Dorset 031B,E01032644,531,160,49,111,371,320,51
2021,Dorset 031C,E01032645,542,162,54,108,380,321,59
2021,Southwark 036B,E01032646,1053,138,57,81,915,593,322
2021,North Tyneside 011E,E01032647,1692,379,127,252,1313,1111,202
2021,North Tyneside 011F,E01032648,713,208,62,146,505,452,53
2021,North Tyneside 019F,E01032649,581,123,35,88,458,416,42
2021,North Tyneside 019G,E01032650,503,144,33,111,359,335,24
2021,Somerset West and Taunton 012D,E01032651,1058,264,92,172,794,650,144
2021,Somerset West and Taunton 012E,E01032652,1143,315,84,231,828,701,127
2021,Swale 004F,E01032653,703,205,77,128,498,400,98
2021,Swale 007G,E01032655,1052,266,90,176,786,628,158
2021,Swale 007H,E01032656,1352,372,102,270,980,775,205
2021,Plymouth 027F,E01032657,581,180,74,106,401,364,37
2021,Plymouth 027G,E01032658,654,205,80,125,449,398,51
2021,"Bournemouth, Christchurch and Poole 044C",E01032659,521,152,51,101,369,318,51
2021,"Bournemouth, Christchurch and Poole 044D",E01032660,802,237,86,151,565,507,58
2021,"Bournemouth, Christchurch and Poole 044E",E01032661,660,184,82,102,476,395,81
2021,"Bournemouth, Christchurch and Poole 044F",E01032662,463,159,48,111,304,269,35
2021,East Hampshire 012F,E01032664,515,125,50,75,390,321,69
2021,East Hampshire 012G,E01032665,718,199,78,121,519,422,97
2021,North Somerset 026B,E01032666,629,218,75,143,411,335,76
2021,North Somerset 026C,E01032667,599,179,59,120,420,348,72
2021,North Somerset 026D,E01032668,863,242,69,173,621,544,77
2021,North Somerset 027B,E01032669,856,252,72,180,604,522,82
2021,North Somerset 027C,E01032670,984,284,95,189,700,599,101
2021,North Somerset 027D,E01032671,727,216,66,150,511,435,76
2021,North Somerset 026E,E01032672,1514,428,145,283,1086,931,155
2021,North Somerset 026F,E01032673,588,171,55,116,417,344,73
2021,North Somerset 001E,E01032675,892,244,88,156,648,540,108
2021,North Somerset 001F,E01032676,1107,264,91,173,843,698,145
2021,North Somerset 003D,E01032677,1029,255,71,184,774,652,122
2021,North Somerset 003E,E01032678,855,240,79,161,615,514,101
2021,North Somerset 027E,E01032679,718,208,57,151,510,448,62
2021,North Somerset 006G,E01032680,861,325,150,175,536,408,128
2021,North Somerset 001G,E01032681,584,192,63,129,392,327,65
2021,North Somerset 003F,E01032682,540,175,56,119,365,321,44
2021,West Lindsey 001G,E01032683,997,295,122,173,702,559,143
2021,Salford 034D,E01032684,720,208,74,134,512,467,45
2021,Wiltshire 025E,E01032688,667,195,73,122,472,394,78
2021,Wiltshire 025F,E01032689,604,207,53,154,397,327,70
2021,Wiltshire 015F,E01032690,1003,258,93,165,745,627,118
2021,Wiltshire 015G,E01032691,757,201,71,130,556,480,76
2021,Wiltshire 025G,E01032692,648,159,46,113,489,427,62
2021,Wiltshire 025H,E01032693,904,255,83,172,649,570,79
2021,Wiltshire 064D,E01032694,1007,295,101,194,712,608,104
2021,Wiltshire 064C,E01032695,733,231,77,154,502,421,81
2021,Wiltshire 045F,E01032696,1199,309,119,190,890,688,202
2021,Wiltshire 066C,E01032697,792,164,46,118,628,549,79
2021,Wiltshire 007I,E01032699,1044,276,100,176,768,646,122
2021,Swindon 026B,E01032700,967,207,53,154,760,668,92
2021,Swindon 027A,E01032701,766,171,58,113,595,524,71
2021,Swindon 027B,E01032702,774,192,55,137,582,508,74
2021,Swindon 026C,E01032703,865,224,60,164,641,559,82
2021,Swindon 027C,E01032704,1047,247,61,186,800,702,98
2021,Swindon 026D,E01032705,877,207,66,141,670,591,79
2021,Swindon 021E,E01032706,967,185,62,123,782,687,95
2021,Swindon 021F,E01032707,1039,255,98,157,784,670,114
2021,Swindon 012F,E01032708,1046,225,67,158,821,724,97
2021,Swindon 026E,E01032709,788,193,57,136,595,523,72
2021,Swindon 028E,E01032710,783,193,66,127,590,515,75
2021,Swindon 027D,E01032711,959,195,52,143,764,668,96
2021,Swindon 027E,E01032712,1351,287,92,195,1064,935,129
2021,Swindon 026F,E01032713,1216,293,88,205,923,781,142
2021,Swindon 019E,E01032714,1010,171,54,117,839,776,63
2021,Swindon 019F,E01032715,733,136,58,78,597,523,74
2021,Swindon 012G,E01032716,900,227,79,148,673,617,56
2021,Southwark 014G,E01032719,813,183,79,104,630,497,133
2021,Bracknell Forest 006F,E01032724,931,176,63,113,755,659,96
2021,Bracknell Forest 009H,E01032726,913,220,83,137,693,604,89
2021,Bracknell Forest 006G,E01032728,1105,260,97,163,845,739,106
2021,Slough 009F,E01032729,836,234,98,136,602,538,64
2021,Slough 009G,E01032730,949,219,88,131,730,655,75
2021,Slough 013E,E01032731,791,198,84,114,593,519,74
2021,Slough 013F,E01032732,849,237,87,150,612,540,72
2021,Windsor and Maidenhead 005G,E01032733,697,149,73,76,548,460,88
2021,Windsor and Maidenhead 005H,E01032734,1013,201,74,127,812,687,125
2021,Swale 013F,E01032735,772,208,72,136,564,478,86
2021,Swale 013G,E01032737,751,188,50,138,563,442,121
2021,Southampton 022F,E01032738,1061,294,127,167,767,681,86
2021,City of London 001F,E01032739,1181,138,64,74,1043,583,460
2021,City of London 001G,E01032740,928,107,49,58,821,464,357
2021,Havering 013E,E01032741,843,171,54,117,672,567,105
2021,Havering 013F,E01032742,923,206,85,121,717,620,97
2021,Ealing 010F,E01032743,984,313,98,215,671,588,83
2021,Ealing 010G,E01032744,651,232,77,155,419,356,63
2021,Southampton 033C,E01032745,1149,482,245,237,667,591,76
2021,Southampton 034C,E01032746,890,118,36,82,772,676,96
2021,Southampton 034D,E01032748,1306,224,72,152,1082,900,182
2021,Southampton 022G,E01032750,583,187,72,115,396,346,50
2021,Southampton 033D,E01032751,984,268,103,165,716,606,110
2021,Southampton 009F,E01032753,877,300,170,130,577,471,106
2021,Southampton 033A,E01032755,376,162,46,116,214,186,28
2021,Wokingham 012H,E01032759,1057,241,85,156,816,693,123
2021,Tower Hamlets 004E,E01032764,1427,236,103,133,1191,939,252
2021,Tower Hamlets 004F,E01032765,923,213,79,134,710,586,124
2021,Tower Hamlets 021F,E01032767,1145,141,66,75,1004,667,337
2021,Tower Hamlets 025E,E01032768,995,118,51,67,877,643,234
2021,Tower Hamlets 025F,E01032769,853,196,71,125,657,474,183
2021,Tower Hamlets 032B,E01032770,1465,212,97,115,1253,924,329
2021,Tower Hamlets 033B,E01032771,959,139,62,77,820,543,277
2021,Tower Hamlets 032C,E01032772,1249,273,92,181,976,680,296
2021,Tower Hamlets 032E,E01032774,932,205,79,126,727,540,187
2021,Tower Hamlets 031F,E01032775,799,108,32,76,691,522,169
2021,Tower Hamlets 034D,E01032776,1366,198,84,114,1168,823,345
2021,Tower Hamlets 035A,E01032777,754,124,44,80,630,497,133
2021,Tower Hamlets 035C,E01032779,891,144,51,93,747,519,228
2021,Tower Hamlets 035D,E01032780,1349,188,73,115,1161,790,371
2021,Tower Hamlets 033C,E01032781,1020,168,63,105,852,625,227
2021,Tower Hamlets 033D,E01032782,1400,240,109,131,1160,779,381
2021,Tower Hamlets 031G,E01032783,723,166,73,93,557,473,84
2021,Tower Hamlets 004G,E01032784,1070,209,91,118,861,727,134
2021,Tower Hamlets 010E,E01032785,1454,332,144,188,1122,868,254
2021,Tower Hamlets 010F,E01032786,683,238,53,185,445,377,68
2021,Tower Hamlets 011F,E01032787,1065,364,134,230,701,583,118
2021,Hammersmith and Fulham 023D,E01032788,953,183,72,111,770,567,203
2021,Hammersmith and Fulham 023E,E01032789,672,160,56,104,512,401,111
2021,Hammersmith and Fulham 023F,E01032790,513,154,70,84,359,246,113
2021,Cambridge 003F,E01032792,743,151,52,99,592,487,105
2021,Cambridge 014D,E01032794,601,146,52,94,455,344,111
2021,Gravesham 002F,E01032799,733,182,68,114,551,449,102
2021,Gravesham 002G,E01032800,650,130,39,91,520,431,89
2021,Cambridge 003G,E01032802,778,174,65,109,604,524,80
2021,Southwark 036C,E01032803,1086,132,56,76,954,614,340
2021,Canterbury 020F,E01032807,701,211,100,111,490,408,82
2021,Canterbury 020G,E01032808,826,262,116,146,564,480,84
2021,Ashford 001F,E01032810,764,223,77,146,541,473,68
2021,Ashford 003D,E01032811,877,238,56,182,639,542,97
2021,Ashford 001G,E01032812,913,252,93,159,661,504,157
2021,Ashford 012E,E01032813,1053,247,77,170,806,663,143
2021,Ashford 012F,E01032814,1072,279,88,191,793,625,168
2021,Ashford 009F,E01032815,497,142,50,92,355,294,61
2021,Ashford 008E,E01032816,1159,276,87,189,883,741,142
2021,Ashford 009G,E01032817,660,173,53,120,487,405,82
2021,Ashford 009H,E01032818,860,238,72,166,622,521,101
2021,Ashford 009I,E01032819,959,269,92,177,690,560,130
2021,Ashford 016B,E01032820,1466,363,122,241,1103,947,156
2021,Ashford 016A,E01032821,1620,419,162,257,1201,979,222
2021,Ashford 003E,E01032822,678,207,75,132,471,394,77
2021,Ashford 008F,E01032823,779,211,70,141,568,482,86
2021,Ashford 009J,E01032824,759,204,67,137,555,480,75
2021,Tonbridge and Malling 007E,E01032825,1549,407,149,258,1142,926,216
2021,Tonbridge and Malling 007F,E01032826,887,232,95,137,655,482,173
2021,Tonbridge and Malling 007G,E01032827,1050,277,104,173,773,610,163
2021,Tonbridge and Malling 007H,E01032828,584,175,70,105,409,322,87
2021,Tonbridge and Malling 014F,E01032829,869,268,128,140,601,442,159
2021,Tonbridge and Malling 002G,E01032830,1166,346,122,224,820,692,128
2021,Eastbourne 014B,E01032831,655,214,76,138,441,352,89
2021,Eastbourne 014C,E01032832,571,220,74,146,351,294,57
2021,Eastbourne 014D,E01032833,580,151,30,121,429,366,63
2021,Southwark 035C,E01032834,797,79,34,45,718,409,309
2021,Crawley 004F,E01032835,1159,265,104,161,894,800,94
2021,Crawley 004G,E01032836,1112,349,132,217,763,675,88
2021,Mid Sussex 009E,E01032837,1146,287,105,182,859,722,137
2021,Mid Sussex 009F,E01032838,854,209,67,142,645,561,84
2021,Mid Sussex 009G,E01032839,688,171,77,94,517,421,96
2021,Basingstoke and Deane 010G,E01032841,1613,306,112,194,1307,1163,144
2021,Basingstoke and Deane 011E,E01032842,926,113,44,69,813,739,74
2021,Basingstoke and Deane 007H,E01032843,1148,230,79,151,918,788,130
2021,Basingstoke and Deane 007I,E01032844,1555,296,103,193,1259,1107,152
2021,Basingstoke and Deane 012E,E01032845,1067,234,94,140,833,744,89
2021,Basingstoke and Deane 012F,E01032846,1037,185,74,111,852,758,94
2021,Basingstoke and Deane 011F,E01032847,1234,242,87,155,992,881,111
2021,Basingstoke and Deane 021E,E01032848,956,236,73,163,720,622,98
2021,Basingstoke and Deane 021F,E01032849,895,196,66,130,699,592,107
2021,Basingstoke and Deane 021G,E01032850,837,214,87,127,623,532,91
2021,Hart 005E,E01032852,965,231,76,155,734,610,124
2021,Hart 005F,E01032853,1053,251,111,140,802,649,153
2021,Hart 005G,E01032854,942,222,91,131,720,566,154
2021,Hart 011D,E01032855,580,171,76,95,409,267,142
2021,Hart 011E,E01032856,1095,152,42,110,943,769,174
2021,Hart 005H,E01032857,621,132,48,84,489,412,77
2021,Rushmoor 009F,E01032858,1327,365,114,251,962,853,109
2021,Winchester 013F,E01032859,1030,269,101,168,761,613,148
2021,Winchester 013G,E01032860,962,208,67,141,754,645,109
2021,Leicester 042B,E01032862,1090,339,114,225,751,683,68
2021,Leicester 042C,E01032863,1135,352,96,256,783,718,65
2021,Leicester 042A,E01032865,1032,341,114,227,691,642,49
2021,Leicester 041B,E01032868,679,385,244,141,294,257,37
2021,Test Valley 005F,E01032870,975,290,112,178,685,569,116
2021,Test Valley 005G,E01032871,763,231,98,133,532,440,92
2021,Leicester 041C,E01032872,808,187,79,108,621,550,71
2021,Leicester 041D,E01032873,822,312,145,167,510,442,68
2021,Leeds 109G,E01032876,824,232,91,141,592,484,108
2021,Fareham 013F,E01032877,1285,269,88,181,1016,799,217
2021,Gosport 008F,E01032878,502,127,39,88,375,315,60
2021,Gosport 008G,E01032879,467,138,50,88,329,277,52
2021,Gosport 006F,E01032880,733,205,68,137,528,449,79
2021,Gosport 006G,E01032881,865,252,75,177,613,511,102
2021,Gosport 006H,E01032883,535,176,69,107,359,298,61
2021,Gosport 007F,E01032884,921,281,92,189,640,549,91
2021,Solihull 029F,E01032885,1070,165,56,109,905,771,134
2021,Solihull 029G,E01032886,1524,355,133,222,1169,963,206
2021,Walsall 018F,E01032888,924,289,75,214,635,555,80
2021,Rugby 014C,E01032891,1209,212,69,143,997,844,153
2021,Rugby 007F,E01032893,1117,298,90,208,819,682,137
2021,Rugby 007G,E01032894,1203,282,86,196,921,765,156
2021,Rugby 007H,E01032895,746,208,79,129,538,466,72
2021,East Staffordshire 011F,E01032896,853,171,52,119,682,605,77
2021,East Staffordshire 011G,E01032897,864,212,55,157,652,571,81
2021,East Staffordshire 011H,E01032898,627,124,48,76,503,447,56
2021,Lichfield 004F,E01032899,706,181,76,105,525,439,86
2021,Lichfield 004G,E01032900,1114,281,105,176,833,686,147
2021,Tamworth 010F,E01032901,1011,237,66,171,774,683,91
2021,Tamworth 010G,E01032902,722,184,72,112,538,472,66
2021,St. Helens 025C,E01032904,934,237,90,147,697,595,102
2021,St. Helens 025D,E01032905,1532,302,87,215,1230,1064,166
2021,Salford 034E,E01032906,1332,263,114,149,1069,968,101
2021,Salford 033F,E01032909,1421,175,74,101,1246,1061,185
2021,Salford 035B,E01032912,920,296,107,189,624,565,59
2021,Salford 035A,E01032914,1454,278,94,184,1176,1053,123
2021,Salford 036C,E01032915,1185,283,91,192,902,847,55
2021,Oldham 011E,E01032920,1145,353,83,270,792,702,90
2021,Oldham 020E,E01032922,1033,352,125,227,681,570,111
2021,Calderdale 008F,E01032923,999,285,83,202,714,637,77
2021,Barnsley 026F,E01032924,927,216,54,162,711,602,109
2021,Barnsley 026G,E01032925,655,180,37,143,475,420,55
2021,Rotherham 012E,E01032926,1010,234,47,187,776,683,93
2021,Rotherham 012F,E01032927,736,212,55,157,524,451,73
2021,Cheshire West and Chester 033E,E01032930,1128,309,140,169,819,730,89
2021,Cheshire West and Chester 033F,E01032931,701,172,69,103,529,455,74
2021,Gloucester 004E,E01032932,818,213,75,138,605,529,76
2021,Gloucester 015E,E01032933,912,266,71,195,646,575,71
2021,Gloucester 015G,E01032935,900,235,73,162,665,590,75
2021,Gloucester 004F,E01032937,741,210,95,115,531,464,67
2021,Tewkesbury 001F,E01032938,1287,291,75,216,996,840,156
2021,Tewkesbury 001G,E01032939,840,232,63,169,608,526,82
2021,Tewkesbury 001H,E01032940,899,238,64,174,661,569,92
2021,Cherwell 004G,E01032941,666,184,81,103,482,440,42
2021,Cherwell 004H,E01032942,885,161,57,104,724,645,79
2021,Cherwell 002E,E01032943,1292,293,80,213,999,846,153
2021,Cherwell 002F,E01032944,773,176,52,124,597,520,77
2021,Leeds 110G,E01032946,993,414,259,155,579,515,64
2021,West Oxfordshire 008G,E01032947,1062,313,98,215,749,642,107
2021,West Oxfordshire 008H,E01032948,989,273,105,168,716,586,130
2021,West Oxfordshire 013E,E01032949,854,220,65,155,634,549,85
2021,West Oxfordshire 013F,E01032950,1054,219,76,143,835,719,116
2021,West Oxfordshire 013G,E01032951,1147,252,92,160,895,773,122
2021,West Oxfordshire 008I,E01032952,728,212,87,125,516,453,63
2021,West Oxfordshire 013H,E01032953,1294,305,92,213,989,852,137
2021,Buckinghamshire 015D,E01032955,722,131,48,83,591,512,79
2021,Buckinghamshire 016D,E01032956,974,218,61,157,756,643,113
2021,Buckinghamshire 016E,E01032957,824,156,54,102,668,579,89
2021,Buckinghamshire 009E,E01032958,813,213,79,134,600,460,140
2021,Buckinghamshire 015E,E01032961,863,195,66,129,668,574,94
2021,Buckinghamshire 016F,E01032962,872,194,66,128,678,580,98
2021,North Northamptonshire 008B,E01032963,947,231,78,153,716,624,92
2021,North Northamptonshire 008C,E01032964,1037,243,65,178,794,690,104
2021,North Northamptonshire 008D,E01032965,1086,240,79,161,846,723,123
2021,North Northamptonshire 008E,E01032966,1554,344,108,236,1210,1048,162
2021,North Northamptonshire 008F,E01032967,1463,292,88,204,1171,997,174
2021,North Northamptonshire 013F,E01032969,896,217,64,153,679,566,113
2021,North Northamptonshire 013G,E01032970,1079,327,102,225,752,625,127
2021,North Northamptonshire 013H,E01032971,611,153,46,107,458,383,75
2021,North Northamptonshire 020B,E01032972,801,225,92,133,576,475,101
2021,North Northamptonshire 020C,E01032973,908,217,64,153,691,549,142
2021,North Northamptonshire 020D,E01032974,767,200,71,129,567,453,114
2021,West Northamptonshire 035A,E01032976,822,186,62,124,636,536,100
2021,West Northamptonshire 032D,E01032978,842,185,51,134,657,597,60
2021,West Northamptonshire 032E,E01032979,729,159,70,89,570,514,56
2021,West Northamptonshire 037D,E01032980,1070,222,62,160,848,737,111
2021,West Northamptonshire 037E,E01032981,1269,364,172,192,905,807,98
2021,West Northamptonshire 046E,E01032982,788,190,51,139,598,504,94
2021,West Northamptonshire 046F,E01032983,937,216,63,153,721,591,130
2021,West Northamptonshire 046G,E01032984,961,216,70,146,745,632,113
2021,West Northamptonshire 046H,E01032985,1267,311,117,194,956,795,161
2021,East Lindsey 004D,E01032986,499,168,51,117,331,263,68
2021,East Lindsey 004E,E01032987,642,189,59,130,453,378,75
2021,North Kesteven 013B,E01032988,991,244,62,182,747,647,100
2021,North Kesteven 013C,E01032989,1225,275,79,196,950,819,131
2021,North Kesteven 014E,E01032991,1191,298,82,216,893,766,127
2021,North Kesteven 014F,E01032992,664,182,57,125,482,419,63
2021,North Kesteven 013D,E01032993,1315,339,121,218,976,824,152
2021,North Kesteven 003H,E01032994,802,223,67,156,579,462,117
2021,South Holland 006F,E01032995,804,163,54,109,641,540,101
2021,South Holland 006G,E01032996,685,182,58,124,503,387,116
2021,South Kesteven 011E,E01032997,645,163,43,120,482,402,80
2021,South Kesteven 011F,E01032998,1054,276,88,188,778,655,123
2021,South Kesteven 011G,E01032999,612,177,58,119,435,360,75
2021,Hounslow 025F,E01033000,734,227,67,160,507,444,63
2021,Leeds 055F,E01033002,920,238,80,158,682,606,76
2021,Leeds 055G,E01033003,953,286,105,181,667,604,63
2021,Leeds 111A,E01033008,629,205,141,64,424,356,68
2021,Leeds 111B,E01033010,782,335,204,131,447,378,69
2021,Leeds 111C,E01033011,925,151,87,64,774,674,100
2021,Leeds 082E,E01033013,737,155,61,94,582,507,75
2021,Leeds 111D,E01033015,1188,126,59,67,1062,887,175
2021,Leeds 111E,E01033016,788,108,52,56,680,551,129
2021,Leeds 075E,E01033021,1082,250,67,183,832,757,75
2021,Dacorum 018G,E01033022,835,185,61,124,650,526,124
2021,Dacorum 018H,E01033023,1295,266,84,182,1029,855,174
2021,North Hertfordshire 017E,E01033024,893,220,93,127,673,572,101
2021,North Hertfordshire 017D,E01033025,789,169,55,114,620,524,96
2021,North Hertfordshire 017A,E01033026,893,197,75,122,696,590,106
2021,North Hertfordshire 017C,E01033027,879,183,65,118,696,599,97
2021,St Albans 018F,E01033028,780,211,83,128,569,466,103
2021,St Albans 018G,E01033029,883,263,109,154,620,476,144
2021,Hounslow 025G,E01033030,993,205,78,127,788,722,66
2021,Leeds 064E,E01033031,801,177,59,118,624,570,54
2021,Leeds 075F,E01033033,839,177,93,84,662,601,61
2021,Leeds 075G,E01033034,1287,127,43,84,1160,1005,155
2021,Leeds 064F,E01033035,544,256,93,163,288,264,24
2021,King's Lynn and West Norfolk 017E,E01033036,762,233,79,154,529,444,85
2021,King's Lynn and West Norfolk 017F,E01033037,784,228,82,146,556,459,97
2021,King's Lynn and West Norfolk 017G,E01033038,995,256,70,186,739,618,121
2021,King's Lynn and West Norfolk 017H,E01033039,448,131,44,87,317,242,75
2021,Breckland 010F,E01033040,1014,274,100,174,740,603,137
2021,Breckland 010G,E01033041,706,169,72,97,537,442,95
2021,Breckland 001F,E01033042,1105,362,120,242,743,548,195
2021,West Suffolk 011D,E01033043,624,189,53,136,435,362,73
2021,West Suffolk 012D,E01033044,777,195,57,138,582,449,133
2021,West Suffolk 012E,E01033045,714,199,67,132,515,427,88
2021,West Suffolk 011E,E01033046,538,141,53,88,397,328,69
2021,West Suffolk 011F,E01033047,568,170,61,109,398,337,61
2021,West Suffolk 013E,E01033048,631,165,52,113,466,384,82
2021,West Suffolk 013F,E01033049,502,118,44,74,384,293,91
2021,West Suffolk 012F,E01033050,638,177,64,113,461,388,73
2021,Tendring 002F,E01033051,968,358,96,262,610,504,106
2021,Uttlesford 008F,E01033052,835,254,93,161,581,423,158
2021,Uttlesford 008G,E01033053,1221,364,141,223,857,692,165
2021,Uttlesford 007D,E01033054,600,166,57,109,434,377,57
2021,Uttlesford 007E,E01033055,1195,356,122,234,839,665,174
2021,Uttlesford 007F,E01033056,747,247,93,154,500,404,96
2021,Coventry 042F,E01033058,639,272,151,121,367,323,44
2021,Bromsgrove 012D,E01033059,900,259,77,182,641,546,95
2021,Bromsgrove 014E,E01033060,565,161,68,93,404,306,98
2021,Bromsgrove 012E,E01033061,936,251,82,169,685,581,104
2021,Bromsgrove 014F,E01033062,1107,295,101,194,812,691,121
2021,Brentwood 007F,E01033063,868,176,64,112,692,565,127
2021,Brentwood 007G,E01033064,742,176,62,114,566,465,101
2021,York 013F,E01033067,765,271,91,180,494,415,79
2021,York 013G,E01033068,618,168,65,103,450,371,79
2021,York 013H,E01033069,593,174,82,92,419,343,76
2021,York 013I,E01033070,1077,449,251,198,628,530,98
2021,Lancaster 014E,E01033071,600,198,131,67,402,353,49
2021,Lancaster 016I,E01033072,1086,355,110,245,731,594,137
2021,Lancaster 014F,E01033073,633,263,156,107,370,309,61
2021,Sunderland 012F,E01033076,1065,316,71,245,749,689,60
2021,Sunderland 027F,E01033077,1054,307,79,228,747,663,84
2021,Bath and North East Somerset 010G,E01033078,803,291,123,168,512,383,129
2021,Bath and North East Somerset 010H,E01033079,570,228,92,136,342,269,73
2021,Bath and North East Somerset 009E,E01033080,1172,340,167,173,832,701,131
2021,Hounslow 031D,E01033081,887,216,96,120,671,547,124
2021,Hounslow 031C,E01033082,569,193,78,115,376,308,68
2021,Hounslow 018F,E01033083,1151,222,84,138,929,866,63
2021,Hounslow 018G,E01033084,895,288,108,180,607,554,53
2021,Haringey 020F,E01033086,497,191,52,139,306,272,34
2021,Maidstone 006F,E01033087,1031,222,74,148,809,695,114
2021,Maidstone 008F,E01033088,1284,311,92,219,973,808,165
2021,Maidstone 008G,E01033089,876,230,76,154,646,550,96
2021,Maidstone 006G,E01033091,986,227,79,148,759,646,113
2021,Maidstone 004G,E01033092,819,219,69,150,600,513,87
2021,Sefton 004F,E01033094,514,156,61,95,358,294,64
2021,Sefton 033F,E01033095,1343,364,84,280,979,887,92
2021,Sefton 004G,E01033097,605,158,58,100,447,378,69
2021,Wandsworth 038C,E01033098,1158,166,73,93,992,684,308
2021,Wandsworth 004E,E01033099,1236,224,108,116,1012,787,225
2021,Wandsworth 039B,E01033100,1162,211,85,126,951,774,177
2021,North West Leicestershire 011E,E01033102,895,227,76,151,668,555,113
2021,North West Leicestershire 011F,E01033103,1308,316,95,221,992,850,142
2021,Kingston upon Hull 029E,E01033104,898,148,60,88,750,637,113
2021,Kingston upon Hull 035D,E01033105,918,234,61,173,684,592,92
2021,Kingston upon Hull 035E,E01033107,737,194,37,157,543,449,94
2021,Kingston upon Hull 029F,E01033109,767,159,58,101,608,532,76
2021,Fenland 003H,E01033111,754,201,54,147,553,471,82
2021,Fenland 003I,E01033112,750,148,46,102,602,525,77
2021,South Cambridgeshire 020A,E01033113,631,173,64,109,458,386,72
2021,South Cambridgeshire 020B,E01033114,800,207,74,133,593,493,100
2021,South Cambridgeshire 020C,E01033115,725,202,63,139,523,438,85
2021,South Cambridgeshire 021D,E01033116,1413,390,144,246,1023,847,176
2021,South Cambridgeshire 020D,E01033117,720,195,71,124,525,446,79
2021,South Cambridgeshire 021E,E01033118,831,211,75,136,620,509,111
2021,South Cambridgeshire 006G,E01033120,789,199,59,140,590,519,71
2021,South Cambridgeshire 006H,E01033121,1345,269,95,174,1076,966,110
2021,Ipswich 012F,E01033122,1056,287,92,195,769,645,124
2021,Ipswich 011E,E01033123,910,258,71,187,652,567,85
2021,Ipswich 007F,E01033124,732,124,44,80,608,514,94
2021,Ipswich 007G,E01033125,791,217,66,151,574,503,71
2021,Ipswich 011F,E01033126,996,253,105,148,743,616,127
2021,Ipswich 014E,E01033127,870,242,76,166,628,527,101
2021,Ipswich 014F,E01033128,638,150,55,95,488,403,85
2021,Ipswich 007H,E01033129,799,228,98,130,571,478,93
2021,Ipswich 012G,E01033130,603,146,59,87,457,391,66
2021,Ipswich 014G,E01033131,689,266,87,179,423,364,59
2021,Wandsworth 038D,E01033132,1350,238,108,130,1112,721,391
2021,Wandsworth 004G,E01033133,830,127,53,74,703,513,190
2021,Wandsworth 010G,E01033135,753,97,34,63,656,493,163
2021,Chelmsford 014F,E01033137,856,218,62,156,638,535,103
2021,Chelmsford 009F,E01033138,836,205,73,132,631,555,76
2021,Chelmsford 009G,E01033139,984,189,60,129,795,691,104
2021,Chelmsford 022D,E01033140,1266,262,95,167,1004,833,171
2021,Chelmsford 005E,E01033142,1085,309,106,203,776,629,147
2021,Chelmsford 005F,E01033144,938,272,102,170,666,534,132
2021,Chelmsford 014G,E01033145,688,232,86,146,456,365,91
2021,Enfield 025F,E01033146,604,250,72,178,354,302,52
2021,Enfield 003F,E01033148,963,384,116,268,579,513,66
2021,Enfield 003G,E01033150,679,248,79,169,431,382,49
2021,Enfield 025G,E01033151,505,225,66,159,280,243,37
2021,Dorset 002D,E01033156,882,273,94,179,609,497,112
2021,Dorset 002E,E01033158,662,208,78,130,454,342,112
2021,Barrow-in-Furness 009F,E01033160,985,315,100,215,670,612,58
2021,County Durham 021D,E01033161,761,172,48,124,589,508,81
2021,County Durham 016F,E01033163,1046,229,71,158,817,704,113
2021,Derby 018F,E01033166,612,138,44,94,474,436,38
2021,Derby 018G,E01033167,529,155,33,122,374,346,28
2021,Derby 030E,E01033168,677,173,57,116,504,454,50
2021,Derby 030F,E01033169,940,229,71,158,711,596,115
2021,Derby 030G,E01033170,602,162,53,109,440,397,43
2021,Derby 024E,E01033171,869,175,59,116,694,636,58
2021,Derby 024F,E01033172,748,151,38,113,597,536,61
2021,Peterborough 016F,E01033173,1291,321,92,229,970,837,133
2021,Peterborough 022C,E01033174,1374,266,58,208,1108,953,155
2021,Peterborough 023B,E01033175,861,221,64,157,640,547,93
2021,Peterborough 023D,E01033177,957,225,74,151,732,606,126
2021,Peterborough 022D,E01033179,1597,389,128,261,1208,1056,152
2021,Peterborough 023F,E01033180,901,243,89,154,658,555,103
2021,Peterborough 022E,E01033181,941,243,72,171,698,600,98
2021,Peterborough 016G,E01033182,780,209,80,129,571,495,76
2021,Richmondshire 004H,E01033184,1286,256,72,184,1030,724,306
2021,Richmondshire 006F,E01033185,659,227,84,143,432,314,118
2021,Richmondshire 006G,E01033186,566,203,70,133,363,254,109
2021,Central Bedfordshire 014E,E01033188,745,227,87,140,518,432,86
2021,Central Bedfordshire 014F,E01033189,1560,355,127,228,1205,986,219
2021,Central Bedfordshire 014G,E01033190,841,205,80,125,636,516,120
2021,Central Bedfordshire 024E,E01033191,974,229,74,155,745,645,100
2021,Central Bedfordshire 024F,E01033192,937,219,68,151,718,622,96
2021,County Durham 030E,E01033195,356,175,120,55,181,149,32
2021,County Durham 030F,E01033197,383,214,158,56,169,112,57
2021,County Durham 021E,E01033198,565,175,39,136,390,356,34
2021,Dorset 047C,E01033200,1227,482,171,311,745,623,122
2021,County Durham 021F,E01033205,642,169,43,126,473,414,59
2021,County Durham 021G,E01033206,684,176,45,131,508,450,58
2021,Lambeth 004G,E01033208,1065,199,79,120,866,638,228
2021,Dover 012E,E01033209,493,147,56,91,346,277,69
2021,Dover 010G,E01033210,1153,412,137,275,741,603,138
2021,Dover 012F,E01033211,541,158,48,110,383,320,63
2021,Folkestone and Hythe 014C,E01033212,771,234,79,155,537,446,91
2021,Folkestone and Hythe 002E,E01033213,1069,305,95,210,764,648,116
2021,Folkestone and Hythe 002F,E01033214,1032,283,102,181,749,649,100
2021,Folkestone and Hythe 014D,E01033215,543,170,57,113,373,300,73
2021,Bolton 016E,E01033217,455,120,44,76,335,298,37
2021,Bolton 028F,E01033218,858,216,59,157,642,553,89
2021,Bolton 028G,E01033219,744,201,52,149,543,452,91
2021,Bolton 016F,E01033220,469,162,47,115,307,271,36
2021,Preston 017F,E01033223,586,267,136,131,319,280,39
2021,Preston 017G,E01033224,488,167,62,105,321,286,35
2021,Preston 017H,E01033226,472,163,66,97,309,271,38
2021,Knowsley 008F,E01033228,1108,311,72,239,797,726,71
2021,Isle of Wight 003D,E01033229,778,260,77,183,518,451,67
2021,Exeter 011F,E01033232,849,224,73,151,625,545,80
2021,Exeter 011G,E01033234,1161,358,106,252,803,674,129
2021,Exeter 015E,E01033235,505,178,60,118,327,261,66
2021,Exeter 015F,E01033236,405,149,64,85,256,207,49
2021,Isle of Wight 003E,E01033237,725,266,93,173,459,397,62
2021,Isle of Wight 012H,E01033239,775,340,134,206,435,344,91
2021,"Bournemouth, Christchurch and Poole 037D",E01033241,643,180,75,105,463,415,48
2021,"Bournemouth, Christchurch and Poole 038C",E01033242,594,134,57,77,460,398,62
2021,Bromsgrove 014G,E01033243,979,273,109,164,706,587,119
2021,North Northamptonshire 035D,E01033244,1471,346,122,224,1125,932,193
2021,North Northamptonshire 035E,E01033245,577,153,51,102,424,356,68
2021,Worcester 007E,E01033246,644,191,73,118,453,396,57
2021,Worcester 007F,E01033247,646,216,103,113,430,385,45
2021,Worcester 011E,E01033248,652,213,80,133,439,387,52
2021,Worcester 011F,E01033249,702,173,50,123,529,457,72
2021,Stratford-on-Avon 010D,E01033250,730,207,79,128,523,429,94
2021,Stratford-on-Avon 010E,E01033251,835,241,93,148,594,485,109
2021,Stratford-on-Avon 010F,E01033252,614,210,84,126,404,301,103
2021,Warwick 007H,E01033253,712,176,90,86,536,440,96
2021,Warwick 011G,E01033254,844,199,63,136,645,535,110
2021,Warwick 011H,E01033255,1381,362,117,245,1019,854,165
2021,Warwick 007I,E01033256,616,152,81,71,464,382,82
2021,Newcastle-under-Lyme 015H,E01033257,1274,335,100,235,939,802,137
2021,Doncaster 014E,E01033259,908,226,55,171,682,576,106
2021,Doncaster 014F,E01033260,857,235,68,167,622,535,87
2021,Sheffield 073A,E01033261,571,213,135,78,358,305,53
2021,Sheffield 073B,E01033262,1174,316,158,158,858,757,101
2021,Sheffield 073C,E01033263,1145,205,95,110,940,845,95
2021,Sheffield 073D,E01033264,1072,232,115,117,840,731,109
2021,Sheffield 074C,E01033265,626,217,113,104,409,372,37
2021,Sheffield 075G,E01033268,1113,363,151,212,750,675,75
2021,Sheffield 022G,E01033269,532,241,68,173,291,269,22
2021,Sheffield 022H,E01033270,961,237,84,153,724,653,71
2021,Sheffield 040E,E01033271,629,314,156,158,315,284,31
2021,Sheffield 040F,E01033272,895,246,117,129,649,588,61
2021,Sheffield 042F,E01033273,795,390,214,176,405,376,29
2021,Sheffield 042G,E01033274,866,450,259,191,416,387,29
2021,Sheffield 008F,E01033275,864,238,62,176,626,542,84
2021,Sheffield 073E,E01033276,539,211,114,97,328,300,28
2021,Sheffield 011E,E01033277,1111,399,106,293,712,627,85
2021,Sheffield 076F,E01033279,987,333,95,238,654,572,82
2021,Sheffield 008G,E01033280,805,253,83,170,552,462,90
2021,Rossendale 004G,E01033281,1200,312,100,212,888,769,119
2021,"Bournemouth, Christchurch and Poole 037E",E01033283,619,176,80,96,443,369,74
2021,"Bournemouth, Christchurch and Poole 038D",E01033285,773,221,83,138,552,476,76
2021,"Bournemouth, Christchurch and Poole 040C",E01033286,625,153,65,88,472,410,62
2021,"Bournemouth, Christchurch and Poole 040D",E01033288,667,153,53,100,514,430,84
2021,Cornwall 007E,E01033289,851,324,140,184,527,368,159
2021,Cornwall 004D,E01033291,750,302,120,182,448,351,97
2021,Cornwall 004E,E01033292,625,235,71,164,390,328,62
2021,Cornwall 034E,E01033294,1008,326,90,236,682,573,109
2021,North Lincolnshire 018F,E01033296,628,160,46,114,468,405,63
2021,North Lincolnshire 018G,E01033297,1044,280,75,205,764,657,107
2021,Warrington 017F,E01033299,1338,350,120,230,988,889,99
2021,Warrington 018F,E01033300,1049,152,58,94,897,807,90
2021,Warrington 018G,E01033302,851,198,54,144,653,593,60
2021,Warrington 017G,E01033303,650,147,37,110,503,456,47
2021,Vale of White Horse 006G,E01033305,767,148,46,102,619,542,77
2021,Vale of White Horse 006H,E01033306,1009,216,79,137,793,708,85
2021,Welwyn Hatfield 010E,E01033308,1076,516,248,268,560,525,35
2021,Welwyn Hatfield 002E,E01033310,1024,220,78,142,804,699,105
2021,Welwyn Hatfield 010F,E01033311,772,199,61,138,573,514,59
2021,Welwyn Hatfield 002F,E01033313,800,229,92,137,571,461,110
2021,Welwyn Hatfield 010G,E01033314,1098,370,170,200,728,638,90
2021,Mid Suffolk 010F,E01033316,1172,292,78,214,880,736,144
2021,Mid Suffolk 010G,E01033317,1032,295,92,203,737,628,109
2021,Mid Suffolk 010H,E01033319,1552,430,129,301,1122,936,186
2021,Lewisham 017E,E01033320,818,208,65,143,610,512,98
2021,Lewisham 017F,E01033322,758,168,67,101,590,472,118
2021,Lewisham 008E,E01033324,776,244,94,150,532,425,107
2021,Lewisham 008F,E01033325,1023,179,70,109,844,719,125
2021,Lewisham 041B,E01033327,1305,304,125,179,1001,834,167
2021,Brighton and Hove 027F,E01033328,762,240,93,147,522,441,81
2021,Brighton and Hove 027G,E01033329,854,214,80,134,640,556,84
2021,Salford 033E,E01033330,653,185,53,132,468,422,46
2021,South Gloucestershire 021F,E01033334,915,205,54,151,710,606,104
2021,South Gloucestershire 021G,E01033336,951,276,102,174,675,587,88
2021,South Gloucestershire 019F,E01033338,983,292,76,216,691,594,97
2021,South Gloucestershire 019G,E01033339,746,216,69,147,530,464,66
2021,Lewisham 041C,E01033341,632,204,66,138,428,373,55
2021,Bristol 025E,E01033342,740,208,103,105,532,477,55
2021,Bristol 060D,E01033344,732,239,135,104,493,404,89
2021,Bristol 059D,E01033347,1337,276,115,161,1061,930,131
2021,Bristol 059C,E01033348,686,225,75,150,461,407,54
2021,Bristol 061D,E01033350,789,150,58,92,639,552,87
2021,Bristol 054A,E01033352,1215,224,86,138,991,908,83
2021,Bristol 054B,E01033353,1041,231,96,135,810,738,72
2021,Bristol 056C,E01033356,653,226,66,160,427,385,42
2021,Bristol 054D,E01033358,889,336,133,203,553,491,62
2021,Bristol 039E,E01033359,1131,213,76,137,918,831,87
2021,Bristol 039F,E01033361,931,209,76,133,722,641,81
2021,Bristol 039G,E01033362,920,158,67,91,762,687,75
2021,Bristol 039H,E01033364,1190,267,93,174,923,829,94
2021,Bristol 059B,E01033366,622,249,95,154,373,340,33
2021,Bristol 025F,E01033367,783,229,92,137,554,488,66
2021,Bristol 056D,E01033369,566,229,81,148,337,309,28
2021,Bristol 054E,E01033370,618,187,66,121,431,396,35
2021,Cheshire East 050E,E01033372,645,172,57,115,473,394,79
2021,Cheshire East 050F,E01033373,567,175,53,122,392,327,65
2021,Cheshire East 053B,E01033375,1126,267,87,180,859,696,163
2021,Cheshire East 053A,E01033376,679,173,59,114,506,430,76
2021,Cheshire East 053E,E01033378,776,217,82,135,559,422,137
2021,Portsmouth 024E,E01033380,510,125,61,64,385,297,88
2021,Portsmouth 027D,E01033381,673,201,82,119,472,415,57
2021,Portsmouth 027B,E01033383,466,192,60,132,274,241,33
2021,Portsmouth 024F,E01033384,619,142,44,98,477,383,94
2021,Charnwood 001E,E01033386,955,303,96,207,652,584,68
2021,Chesterfield 010F,E01033387,725,194,59,135,531,470,61
2021,Chesterfield 010G,E01033388,842,279,85,194,563,490,73
2021,Mansfield 013G,E01033389,871,215,57,158,656,550,106
2021,Mansfield 013H,E01033390,1016,275,84,191,741,623,118
2021,Mansfield 013I,E01033391,564,168,48,120,396,335,61
2021,Mansfield 006G,E01033392,1283,340,112,228,943,815,128
2021,Newark and Sherwood 012G,E01033394,683,197,80,117,486,396,90
2021,Nottingham 026G,E01033395,508,307,213,94,201,176,25
2021,Nottingham 026H,E01033396,371,162,72,90,209,191,18
2021,Nottingham 006F,E01033397,902,260,56,204,642,581,61
2021,Nottingham 006G,E01033398,625,157,49,108,468,415,53
2021,Nottingham 023E,E01033399,573,340,192,148,233,207,26
2021,Nottingham 039B,E01033400,1087,344,190,154,743,655,88
2021,Nottingham 039C,E01033402,704,114,54,60,590,538,52
2021,Nottingham 039F,E01033407,674,139,77,62,535,493,42
2021,Nottingham 023H,E01033409,366,144,87,57,222,205,17
2021,Nottingham 031I,E01033410,640,300,196,104,340,295,45
2021,Nottingham 023I,E01033411,442,151,38,113,291,271,20
2021,Broxtowe 016F,E01033412,1108,324,109,215,784,686,98
2021,Broxtowe 016G,E01033413,1040,284,93,191,756,646,110
2021,North East Lincolnshire 009E,E01033414,1315,412,106,306,903,753,150
2021,Reading 019B,E01033415,1336,166,60,106,1170,1043,127
2021,Reading 010F,E01033417,772,140,66,74,632,557,75
2021,Reading 019A,E01033418,946,116,48,68,830,754,76
2021,Reading 020B,E01033420,777,83,40,43,694,627,67
2021,Reading 010G,E01033421,1308,245,91,154,1063,952,111
2021,Reading 019D,E01033422,852,165,66,99,687,596,91
2021,Reading 020A,E01033423,1063,179,89,90,884,790,94
2021,East Cambridgeshire 004F,E01033425,1144,298,101,197,846,730,116
2021,East Cambridgeshire 003F,E01033426,843,217,77,140,626,510,116
2021,East Cambridgeshire 006G,E01033427,734,178,62,116,556,464,92
2021,East Cambridgeshire 006H,E01033429,1091,272,75,197,819,692,127
2021,East Cambridgeshire 003G,E01033430,618,209,68,141,409,340,69
2021,Bedford 004F,E01033431,908,248,86,162,660,567,93
2021,Norwich 011G,E01033434,693,155,74,81,538,452,86
2021,Norwich 005G,E01033435,962,300,121,179,662,575,87
2021,Norwich 005H,E01033436,737,275,109,166,462,417,45
2021,Norwich 011H,E01033437,589,198,82,116,391,346,45
2021,Norwich 014A,E01033438,924,276,116,160,648,564,84
2021,Norwich 014C,E01033440,865,231,96,135,634,552,82
2021,Norwich 014D,E01033441,883,175,64,111,708,615,93
2021,East Suffolk 025F,E01033442,896,291,103,188,605,508,97
2021,East Suffolk 023B,E01033443,844,233,97,136,611,458,153
2021,East Suffolk 025G,E01033444,865,253,92,161,612,520,92
2021,East Suffolk 023C,E01033445,909,289,94,195,620,514,106
2021,East Suffolk 023D,E01033446,1144,412,166,246,732,544,188
2021,East Suffolk 025H,E01033447,681,238,91,147,443,362,81
2021,East Suffolk 023E,E01033448,543,176,77,99,367,289,78
2021,East Suffolk 023F,E01033449,900,286,121,165,614,486,128
2021,East Suffolk 028E,E01033450,903,354,129,225,549,452,97
2021,West Suffolk 007C,E01033452,948,229,92,137,719,577,142
2021,West Suffolk 007D,E01033454,1066,223,56,167,843,693,150
2021,Brent 031G,E01033455,519,208,84,124,311,254,57
2021,Brent 027F,E01033456,975,374,122,252,601,525,76
2021,Brent 035A,E01033457,1053,349,111,238,704,597,107
2021,Braintree 009E,E01033458,904,205,70,135,699,597,102
2021,Braintree 009F,E01033459,970,268,88,180,702,592,110
2021,Braintree 017F,E01033460,1094,254,102,152,840,699,141
2021,Braintree 017G,E01033461,855,233,74,159,622,498,124
2021,Braintree 017H,E01033462,597,148,56,92,449,382,67
2021,Brent 003G,E01033463,1617,427,148,279,1190,1019,171
2021,Hartlepool 001F,E01033465,1028,268,69,199,760,641,119
2021,Hartlepool 003I,E01033466,793,315,90,225,478,432,46
2021,Hartlepool 001G,E01033467,1111,243,59,184,868,731,137
2021,Middlesbrough 006E,E01033469,741,295,78,217,446,383,63
2021,Redcar and Cleveland 022G,E01033470,604,223,63,160,381,333,48
2021,Redcar and Cleveland 009F,E01033471,667,264,66,198,403,347,56
2021,Redcar and Cleveland 019G,E01033472,1087,374,114,260,713,601,112
2021,Redcar and Cleveland 013E,E01033473,749,250,61,189,499,440,59
2021,Stockton-on-Tees 027C,E01033474,1448,326,85,241,1122,956,166
2021,Stockton-on-Tees 028A,E01033475,1017,238,66,172,779,625,154
2021,Stockton-on-Tees 005F,E01033476,987,251,99,152,736,569,167
2021,Stockton-on-Tees 027A,E01033479,922,222,76,146,700,601,99
2021,Stockton-on-Tees 005G,E01033480,1496,360,135,225,1136,893,243
2021,Darlington 001E,E01033481,986,235,62,173,751,638,113
2021,Darlington 001F,E01033482,908,223,70,153,685,582,103
2021,Brent 031H,E01033485,782,281,87,194,501,418,83
2021,Islington 011E,E01033486,503,141,60,81,362,303,59
2021,Islington 011F,E01033487,894,98,34,64,796,630,166
2021,Islington 011G,E01033488,839,160,59,101,679,547,132
2021,Islington 022G,E01033489,866,142,68,74,724,459,265
2021,Islington 022H,E01033490,657,156,78,78,501,340,161
2021,Islington 011H,E01033491,1197,249,98,151,948,746,202
2021,Islington 006F,E01033493,1028,80,39,41,948,698,250
2021,Islington 006G,E01033494,893,145,59,86,748,540,208
2021,East Riding of Yorkshire 032G,E01033495,893,216,69,147,677,568,109
2021,East Riding of Yorkshire 032H,E01033496,823,239,84,155,584,489,95
2021,Milton Keynes 023E,E01033497,783,180,61,119,603,517,86
2021,Milton Keynes 023F,E01033498,927,251,91,160,676,594,82
2021,Milton Keynes 014E,E01033499,1203,215,71,144,988,868,120
2021,Milton Keynes 014F,E01033500,997,93,30,63,904,791,113
2021,Milton Keynes 016E,E01033501,1208,274,88,186,934,818,116
2021,Milton Keynes 033A,E01033503,1375,332,119,213,1043,895,148
2021,Milton Keynes 016F,E01033506,1153,233,70,163,920,784,136
2021,Milton Keynes 034C,E01033508,1506,311,95,216,1195,1036,159
2021,Milton Keynes 033B,E01033511,939,185,57,128,754,687,67
2021,Milton Keynes 025E,E01033514,973,228,77,151,745,647,98
2021,Milton Keynes 025F,E01033515,1092,287,105,182,805,699,106
2021,Milton Keynes 025G,E01033517,955,208,71,137,747,641,106
2021,Milton Keynes 028E,E01033519,1550,349,124,225,1201,1044,157
2021,Milton Keynes 028F,E01033520,1041,255,80,175,786,694,92
2021,Milton Keynes 036E,E01033522,997,225,82,143,772,686,86
2021,Milton Keynes 036D,E01033523,865,179,54,125,686,614,72
2021,Shropshire 038H,E01033526,403,153,52,101,250,200,50
2021,Shropshire 038I,E01033527,416,178,91,87,238,187,51
2021,Shropshire 006H,E01033528,1325,363,104,259,962,831,131
2021,Shropshire 030E,E01033530,930,317,107,210,613,420,193
2021,South Derbyshire 002F,E01033532,890,206,73,133,684,592,92
2021,South Derbyshire 002G,E01033533,868,235,84,151,633,554,79
2021,South Derbyshire 002H,E01033534,645,118,33,85,527,453,74
2021,South Derbyshire 013D,E01033535,804,223,84,139,581,480,101
2021,South Derbyshire 012D,E01033536,961,273,78,195,688,582,106
2021,South Derbyshire 012E,E01033537,808,223,75,148,585,518,67
2021,South Norfolk 015G,E01033539,1185,311,107,204,874,722,152
2021,South Norfolk 016E,E01033540,715,229,79,150,486,410,76
2021,South Norfolk 015H,E01033541,700,228,68,160,472,384,88
2021,Newcastle upon Tyne 036C,E01033543,814,289,167,122,525,448,77
2021,Newcastle upon Tyne 036D,E01033545,1070,250,131,119,820,722,98
2021,Newcastle upon Tyne 025E,E01033547,1070,375,119,256,695,613,82
2021,Newcastle upon Tyne 037C,E01033548,720,213,103,110,507,421,86
2021,Newcastle upon Tyne 002F,E01033550,1019,249,89,160,770,631,139
2021,Newcastle upon Tyne 002G,E01033551,845,234,73,161,611,495,116
2021,Newcastle upon Tyne 037B,E01033553,978,479,281,198,499,436,63
2021,Newcastle upon Tyne 022H,E01033556,1006,411,191,220,595,528,67
2021,Birmingham 134B,E01033557,1160,294,149,145,866,746,120
2021,Birmingham 049E,E01033559,1064,165,73,92,899,765,134
2021,Birmingham 050E,E01033561,502,315,195,120,187,168,19
2021,Birmingham 087F,E01033562,965,324,150,174,641,548,93
2021,Birmingham 136C,E01033564,816,133,46,87,683,601,82
2021,Birmingham 137B,E01033565,1099,190,79,111,909,784,125
2021,Birmingham 135B,E01033567,623,142,68,74,481,406,75
2021,Kingston upon Thames 004G,E01033569,969,235,92,143,734,600,134
2021,Richmond upon Thames 004G,E01033570,1007,184,81,103,823,609,214
2021,Richmond upon Thames 004H,E01033571,701,170,74,96,531,409,122
2021,Newham 040C,E01033579,1316,209,78,131,1107,926,181
2021,Newham 042A,E01033580,958,163,56,107,795,646,149
2021,Newham 041A,E01033581,889,275,110,165,614,530,84
2021,Newham 041B,E01033582,945,233,101,132,712,618,94
2021,Newham 034I,E01033584,722,231,80,151,491,441,50
2021,Newham 040D,E01033586,1209,288,122,166,921,753,168
2021,Barking and Dagenham 021E,E01033587,1246,347,116,231,899,784,115
2021,Redbridge 039B,E01033589,789,237,75,162,552,492,60
2021,Redbridge 037C,E01033590,531,180,58,122,351,301,50
2021,Redbridge 039A,E01033591,1266,513,200,313,753,644,109
2021,Redbridge 037D,E01033592,906,282,105,177,624,560,64
2021,Westminster 015F,E01033593,907,169,71,98,738,530,208
2021,Westminster 015G,E01033594,692,175,88,87,517,357,160
2021,Westminster 023F,E01033597,502,111,55,56,391,270,121
2021,Westminster 009F,E01033598,465,152,65,87,313,259,54
2021,Westminster 023G,E01033599,567,201,96,105,366,282,84
2021,Westminster 009G,E01033601,736,288,100,188,448,367,81
2021,Westminster 009H,E01033602,517,212,73,139,305,259,46
2021,Westminster 009I,E01033603,586,129,64,65,457,319,138
2021,Westminster 009J,E01033604,516,220,111,109,296,241,55
2021,Westminster 009K,E01033605,602,188,79,109,414,356,58
2021,East Hertfordshire 010E,E01033609,1324,365,139,226,959,802,157
2021,Thurrock 019B,E01033610,946,223,86,137,723,623,100
2021,Thurrock 019C,E01033611,942,215,72,143,727,596,131
2021,Thurrock 020D,E01033612,889,206,72,134,683,590,93
2021,Thurrock 019D,E01033613,916,203,74,129,713,623,90
2021,Thurrock 020E,E01033614,982,237,80,157,745,632,113
2021,Birmingham 135C,E01033615,652,158,67,91,494,420,74
2021,Birmingham 135D,E01033616,603,152,77,75,451,391,60
2021,Birmingham 050F,E01033617,1325,715,476,239,610,526,84
2021,Birmingham 137C,E01033618,946,134,59,75,812,666,146
2021,Birmingham 138A,E01033620,668,119,49,70,549,466,83
2021,Birmingham 138B,E01033622,1314,217,110,107,1097,916,181
2021,Birmingham 138C,E01033623,986,167,76,91,819,674,145
2021,Birmingham 134C,E01033624,852,176,47,129,676,602,74
2021,Birmingham 138D,E01033625,1045,140,63,77,905,746,159
2021,Birmingham 134D,E01033626,588,123,41,82,465,421,44
2021,Birmingham 137E,E01033627,488,159,54,105,329,285,44
2021,Birmingham 106F,E01033629,923,288,77,211,635,570,65
2021,Birmingham 031H,E01033630,610,134,42,92,476,431,45
2021,Birmingham 049F,E01033638,516,258,101,157,258,226,32
2021,Birmingham 134E,E01033640,825,204,83,121,621,559,62
2021,Birmingham 063F,E01033642,979,487,151,336,492,453,39
2021,Birmingham 082F,E01033643,925,463,136,327,462,428,34
2021,Birmingham 031I,E01033646,751,188,67,121,563,499,64
2021,Birmingham 084F,E01033648,790,341,97,244,449,412,37
2021,Birmingham 058F,E01033649,572,303,88,215,269,257,12
2021,Birmingham 077F,E01033650,781,360,122,238,421,384,37
2021,Manchester 054B,E01033651,1256,167,70,97,1089,983,106
2021,Manchester 055B,E01033653,1136,217,125,92,919,806,113
2021,Manchester 055C,E01033654,720,160,72,88,560,477,83
2021,Manchester 056B,E01033655,1057,130,60,70,927,829,98
2021,Manchester 057B,E01033656,892,323,206,117,569,515,54
2021,Manchester 054C,E01033658,831,155,60,95,676,570,106
2021,Manchester 059B,E01033660,1269,137,34,103,1132,979,153
2021,Manchester 055E,E01033661,1583,208,90,118,1375,1192,183
2021,Manchester 057C,E01033662,864,172,80,92,692,589,103
2021,Manchester 054D,E01033664,1287,232,97,135,1055,912,143
2021,Manchester 056C,E01033665,1104,155,81,74,949,850,99
2021,Manchester 054E,E01033667,1045,223,119,104,822,733,89
2021,Manchester 015F,E01033668,683,143,56,87,540,497,43
2021,Manchester 015G,E01033669,557,175,32,143,382,345,37
2021,Manchester 039E,E01033670,1159,116,43,73,1043,873,170
2021,Manchester 039F,E01033671,1260,192,72,120,1068,899,169
2021,Manchester 059C,E01033672,933,204,65,139,729,654,75
2021,Manchester 059D,E01033673,1255,137,59,78,1118,978,140
2021,Manchester 058C,E01033674,822,216,96,120,606,521,85
2021,Manchester 058D,E01033675,814,305,72,233,509,467,42
2021,Manchester 056D,E01033676,649,262,58,204,387,347,40
2021,Manchester 060A,E01033677,679,116,47,69,563,485,78
2021,Manchester 009F,E01033678,611,210,61,149,401,369,32
2021,Manchester 009G,E01033679,491,190,59,131,301,272,29
2021,Manchester 028E,E01033680,721,201,71,130,520,465,55
2021,Manchester 060B,E01033681,1099,124,46,78,975,823,152
2021,Manchester 060C,E01033682,956,131,62,69,825,713,112
2021,Manchester 062D,E01033684,1557,209,102,107,1348,1227,121
2021,Manchester 003F,E01033685,765,200,63,137,565,505,60
2021,Manchester 028F,E01033686,697,196,62,134,501,454,47
2021,Manchester 003G,E01033687,505,123,17,106,382,340,42
2021,Manchester 062B,E01033688,632,199,58,141,433,389,44
2021,Bradford 020E,E01033689,676,131,45,86,545,500,45
2021,Bradford 065C,E01033690,992,226,73,153,766,696,70
2021,Bradford 065B,E01033691,840,262,69,193,578,520,58
2021,Bradford 064D,E01033692,559,113,33,80,446,409,37
2021,Bradford 064A,E01033693,948,370,109,261,578,530,48
2021,Bradford 020F,E01033694,592,149,48,101,443,398,45
2021,Bradford 049H,E01033695,1042,298,88,210,744,663,81
2021,Bradford 049I,E01033696,817,220,45,175,597,537,60
2021,Bradford 049J,E01033697,936,410,127,283,526,487,39
2021,Hackney 030A,E01033699,1004,189,63,126,815,632,183
2021,Hackney 030B,E01033700,1770,258,91,167,1512,1185,327
2021,Hackney 028C,E01033702,658,228,77,151,430,346,84
2021,Hackney 010F,E01033703,782,214,87,127,568,452,116
2021,Hackney 023F,E01033704,1698,329,133,196,1369,1056,313
2021,Hackney 028D,E01033705,673,191,60,131,482,402,80
2021,Hackney 033B,E01033706,1039,145,63,82,894,585,309
2021,Hackney 033C,E01033708,1263,184,76,108,1079,697,382
2021,Hackney 032B,E01033709,1100,237,98,139,863,686,177
2021,Hackney 028E,E01033710,634,173,64,109,461,394,67
2021,Hackney 032C,E01033711,1151,184,89,95,967,655,312
2021,Hackney 023G,E01033712,902,215,79,136,687,528,159
2021,Hackney 010G,E01033713,844,168,76,92,676,530,146
2021,Northumberland 033F,E01033714,1280,389,141,248,891,686,205
2021,Northumberland 005D,E01033715,400,142,41,101,258,219,39
2021,Northumberland 013F,E01033716,791,253,68,185,538,486,52
2021,Northumberland 005E,E01033717,752,245,87,158,507,417,90
2021,Northumberland 016F,E01033718,810,266,95,171,544,480,64
2021,Colchester 008G,E01033719,619,312,168,144,307,277,30
2021,Colchester 002F,E01033720,1082,305,99,206,777,650,127
2021,Colchester 002G,E01033721,974,290,97,193,684,574,110
2021,Colchester 008H,E01033722,556,251,123,128,305,275,30
2021,Greenwich 035B,E01033727,1321,324,144,180,997,832,165
2021,Greenwich 035C,E01033728,1249,198,91,107,1051,809,242
2021,Greenwich 030E,E01033729,864,312,140,172,552,484,68
2021,Greenwich 041E,E01033732,673,123,44,79,550,468,82
2021,Greenwich 039B,E01033734,937,171,69,102,766,615,151
2021,Greenwich 042D,E01033735,711,206,85,121,505,428,77
2021,Greenwich 039A,E01033736,1708,233,98,135,1475,1146,329
2021,Greenwich 042B,E01033737,1010,288,96,192,722,597,125
2021,Greenwich 037D,E01033738,1084,239,95,144,845,687,158
2021,Greenwich 002E,E01033739,834,251,83,168,583,479,104
2021,Greenwich 002F,E01033740,775,207,80,127,568,480,88
2021,Greenwich 002G,E01033741,1007,330,150,180,677,559,118
2021,Greenwich 007F,E01033742,815,176,67,109,639,550,89
2021,Greenwich 002H,E01033743,864,275,96,179,589,515,74
2021,Greenwich 007G,E01033744,842,251,92,159,591,497,94
2021,Greenwich 002I,E01033745,836,251,86,165,585,517,68
2021,Greenwich 038E,E01033746,766,160,73,87,606,435,171
2021,Liverpool 018F,E01033747,750,218,72,146,532,483,49
2021,Liverpool 050I,E01033748,894,162,61,101,732,645,87
2021,Liverpool 061A,E01033750,1491,329,143,186,1162,984,178
2021,Liverpool 062A,E01033751,1103,355,186,169,748,637,111
2021,Liverpool 061C,E01033756,579,161,57,104,418,345,73
2021,Liverpool 037E,E01033757,381,145,73,72,236,208,28
2021,Liverpool 060B,E01033758,527,242,148,94,285,243,42
2021,Liverpool 060C,E01033760,727,387,257,130,340,299,41
2021,Liverpool 060D,E01033761,1233,361,175,186,872,767,105
2021,Liverpool 060E,E01033762,1005,517,339,178,488,428,60
2021,Liverpool 031G,E01033763,936,367,148,219,569,498,71
2021,Liverpool 061D,E01033765,601,197,57,140,404,354,50
2021,Liverpool 050J,E01033767,434,135,39,96,299,275,24
2021,Liverpool 037F,E01033768,593,190,77,113,403,349,54
2021,Bassetlaw 014F,E01033769,913,287,99,188,626,475,151
2021,Newark and Sherwood 001G,E01033770,713,169,55,114,544,434,110
2021,Newark and Sherwood 001H,E01033771,474,162,55,107,312,243,69
2021,Newark and Sherwood 002F,E01033772,810,162,53,109,648,542,106
2021,Newark and Sherwood 002G,E01033773,930,217,77,140,713,583,130
2021,Newark and Sherwood 002H,E01033774,698,229,78,151,469,388,81
2021,Mansfield 007G,E01033775,968,258,75,183,710,605,105
2021,Mansfield 007H,E01033776,822,221,58,163,601,532,69
2021,Newark and Sherwood 012H,E01033777,836,202,62,140,634,512,122
2021,Ashfield 013F,E01033778,703,186,53,133,517,434,83
2021,Ashfield 013G,E01033779,737,183,51,132,554,485,69
2021,Newark and Sherwood 012I,E01033780,882,215,66,149,667,540,127
2021,Ashfield 013H,E01033781,555,148,40,108,407,362,45
2021,Ashfield 013I,E01033782,604,172,42,130,432,372,60
2021,Ashfield 013J,E01033783,786,205,61,144,581,491,90
2021,Havering 007F,E01033784,837,206,67,139,631,540,91
2021,Havering 007G,E01033785,873,151,58,93,722,612,110
2021,Havering 017G,E01033786,742,164,55,109,578,500,78
2021,Havering 017H,E01033787,831,173,55,118,658,585,73
2021,Havering 017I,E01033788,724,188,55,133,536,472,64
2021,Bexley 008H,E01033789,895,183,70,113,712,611,101
2021,Bexley 008I,E01033790,597,177,54,123,420,376,44
2021,Bexley 019G,E01033791,672,169,59,110,503,446,57
2021,Bexley 019H,E01033792,727,174,66,108,553,455,98
2021,St. Helens 013D,E01033793,780,155,46,109,625,559,66
2021,St. Helens 013E,E01033794,707,176,46,130,531,479,52
2021,St. Helens 022G,E01033795,909,227,58,169,682,586,96
2021,St. Helens 022H,E01033796,876,209,65,144,667,613,54
2021,Sefton 004H,E01033797,404,117,44,73,287,264,23
2021,Sefton 004I,E01033798,515,144,42,102,371,324,47
2021,Sefton 018G,E01033799,736,204,56,148,532,499,33
2021,Sefton 018H,E01033800,670,197,62,135,473,423,50
2021,Luton 022C,E01033801,865,258,93,165,607,532,75
2021,Luton 022D,E01033802,849,208,80,128,641,556,85
2021,Luton 023A,E01033803,698,278,101,177,420,357,63
2021,Luton 023B,E01033804,602,147,47,100,455,402,53
2021,Luton 023C,E01033805,721,193,76,117,528,438,90
2021,Luton 021G,E01033806,581,216,86,130,365,315,50
2021,Luton 021H,E01033807,830,228,78,150,602,509,93
2021,Central Bedfordshire 006E,E01033808,800,186,54,132,614,525,89
2021,Central Bedfordshire 006F,E01033809,802,185,53,132,617,535,82
2021,Central Bedfordshire 006G,E01033810,745,202,66,136,543,462,81
2021,Central Bedfordshire 006H,E01033811,855,189,74,115,666,557,109
2021,Central Bedfordshire 006I,E01033812,875,174,58,116,701,609,92
2021,Central Bedfordshire 006J,E01033813,561,179,62,117,382,332,50
2021,Central Bedfordshire 007H,E01033814,554,207,94,113,347,290,57
2021,Central Bedfordshire 007I,E01033815,727,158,57,101,569,484,85
2021,Central Bedfordshire 007J,E01033816,786,175,53,122,611,516,95
2021,Central Bedfordshire 008F,E01033817,746,223,90,133,523,437,86
2021,Central Bedfordshire 008G,E01033818,859,189,57,132,670,559,111
2021,Central Bedfordshire 009F,E01033819,942,208,65,143,734,619,115
2021,Central Bedfordshire 009G,E01033820,855,214,77,137,641,534,107
2021,Central Bedfordshire 009H,E01033821,707,184,57,127,523,444,79
2021,Central Bedfordshire 009I,E01033822,769,180,58,122,589,496,93
2021,Central Bedfordshire 009J,E01033823,615,159,52,107,456,381,75
2021,Central Bedfordshire 017F,E01033824,902,234,70,164,668,549,119
2021,Central Bedfordshire 017G,E01033825,801,223,104,119,578,458,120
2021,Central Bedfordshire 019F,E01033826,736,141,47,94,595,509,86
2021,Central Bedfordshire 019G,E01033827,947,293,113,180,654,506,148
2021,Central Bedfordshire 024H,E01033828,839,172,66,106,667,554,113
2021,Central Bedfordshire 024I,E01033829,670,145,62,83,525,454,71
2021,Central Bedfordshire 024J,E01033830,590,147,48,99,443,378,65
2021,Central Bedfordshire 024K,E01033831,563,146,40,106,417,347,70
2021,Central Bedfordshire 024L,E01033832,650,143,37,106,507,432,75
2021,Central Bedfordshire 024M,E01033833,824,182,62,120,642,560,82
2021,Central Bedfordshire 028G,E01033834,885,228,81,147,657,572,85
2021,Central Bedfordshire 028H,E01033835,786,201,76,125,585,499,86
2021,Central Bedfordshire 029F,E01033836,972,201,65,136,771,676,95
2021,Central Bedfordshire 029G,E01033837,876,213,86,127,663,586,77
2021,Reading 020C,E01033838,783,124,44,80,659,584,75
2021,Reading 020D,E01033839,831,167,82,85,664,591,73
2021,Swindon 008E,E01033840,868,176,64,112,692,622,70
2021,Swindon 008F,E01033841,819,195,58,137,624,532,92
2021,Swindon 008G,E01033842,925,171,46,125,754,661,93
2021,Swindon 008H,E01033843,661,210,71,139,451,361,90
2021,Swindon 008I,E01033844,890,191,53,138,699,606,93
2021,Swindon 015E,E01033845,981,177,78,99,804,761,43
2021,Swindon 015F,E01033846,785,215,85,130,570,520,50
2021,Swindon 024E,E01033847,786,206,62,144,580,476,104
2021,Swindon 024F,E01033848,1126,236,67,169,890,797,93
2021,Swindon 025G,E01033849,1260,239,66,173,1021,896,125
2021,Swindon 025H,E01033850,1101,284,100,184,817,657,160
2021,West Berkshire 007F,E01033851,1496,387,136,251,1109,845,264
2021,West Berkshire 019E,E01033852,874,224,86,138,650,545,105
2021,West Berkshire 019F,E01033853,944,247,89,158,697,577,120
2021,West Berkshire 019G,E01033854,1068,195,77,118,873,746,127
2021,West Berkshire 019H,E01033855,624,130,51,79,494,435,59
2021,West Berkshire 019I,E01033856,687,122,55,67,565,497,68
2021,Reading 017G,E01033857,990,331,106,225,659,590,69
2021,Reading 017H,E01033858,1000,165,66,99,835,739,96
2021,Reading 017I,E01033859,989,125,53,72,864,763,101
2021,Swindon 028F,E01033860,987,258,86,172,729,649,80
2021,Swindon 028G,E01033861,1072,237,65,172,835,724,111
2021,Lambeth 003F,E01033862,836,152,64,88,684,481,203
2021,Lambeth 003G,E01033863,630,190,71,119,440,375,65
2021,Lambeth 004H,E01033864,493,164,60,104,329,277,52
2021,Lambeth 004I,E01033865,793,129,60,69,664,485,179
2021,Lambeth 004J,E01033866,735,85,41,44,650,475,175
2021,Southwark 002F,E01033867,758,166,85,81,592,450,142
2021,Southwark 002G,E01033868,739,81,43,38,658,455,203
2021,Southwark 004F,E01033869,730,186,67,119,544,455,89
2021,Southwark 004G,E01033870,1235,225,70,155,1010,709,301
2021,Southwark 004H,E01033871,807,161,59,102,646,510,136
2021,Southwark 004I,E01033872,794,149,58,91,645,514,131
2021,Southwark 009G,E01033873,825,278,105,173,547,490,57
2021,Southwark 009H,E01033874,690,65,36,29,625,447,178
2021,Southwark 012G,E01033875,727,143,60,83,584,473,111
2021,Southwark 012H,E01033876,858,128,55,73,730,536,194
2021,Southwark 012I,E01033877,889,201,65,136,688,536,152
2021,Southwark 015F,E01033878,516,184,63,121,332,285,47
2021,Southwark 015G,E01033879,993,389,154,235,604,537,67
2021,Southwark 015H,E01033880,1284,576,356,220,708,606,102
2021,Southwark 016F,E01033881,828,243,86,157,585,506,79
2021,Southwark 022G,E01033882,748,223,87,136,525,443,82
2021,Southwark 022H,E01033883,852,218,76,142,634,529,105
2021,Southwark 035A,E01033884,716,99,36,63,617,385,232
2021,Southwark 036A,E01033885,742,179,67,112,563,450,113
2021,Sandwell 014F,E01033886,703,189,51,138,514,456,58
2021,Sandwell 014G,E01033887,685,185,66,119,500,437,63
2021,Sandwell 018F,E01033888,509,172,35,137,337,296,41
2021,Sandwell 018G,E01033889,744,222,49,173,522,470,52
2021,Sandwell 040B,E01033890,477,184,62,122,293,271,22
2021,Sandwell 040C,E01033891,516,227,68,159,289,269,20
2021,Sandwell 041A,E01033892,703,274,85,189,429,385,44
2021,Sandwell 041C,E01033893,670,230,67,163,440,394,46
2021,Walsall 013F,E01033894,599,203,54,149,396,346,50
2021,Walsall 013G,E01033895,636,176,52,124,460,409,51
2021,Walsall 030F,E01033896,507,200,73,127,307,270,37
2021,Walsall 030G,E01033897,506,186,51,135,320,290,30
2021,Bradford 030E,E01033898,492,209,58,151,283,262,21
2021,Bradford 030F,E01033899,362,178,44,134,184,173,11
2021,Bradford 044G,E01033900,432,189,58,131,243,232,11
2021,Bradford 044H,E01033901,520,252,68,184,268,240,28
2021,Bristol 054F,E01033902,921,113,49,64,808,696,112
2021,Bristol 054G,E01033903,628,115,58,57,513,438,75
2021,Bristol 060B,E01033904,712,290,202,88,422,359,63
2021,Bristol 060C,E01033905,525,198,138,60,327,287,40
2021,Bristol 060E,E01033906,766,122,61,61,644,543,101
2021,Bristol 061A,E01033907,665,214,140,74,451,398,53
2021,Bristol 061B,E01033908,571,184,116,68,387,347,40
2021,Bristol 061C,E01033909,657,204,126,78,453,398,55
2021,Bristol 061E,E01033910,768,175,69,106,593,504,89
2021,Barnet 017E,E01033911,908,286,126,160,622,486,136
2021,Barnet 017F,E01033912,861,203,98,105,658,515,143
2021,Barnet 024G,E01033913,585,218,68,150,367,315,52
2021,Barnet 024H,E01033914,774,269,106,163,505,425,80
2021,Barnet 042A,E01033915,549,192,80,112,357,319,38
2021,Barnet 042B,E01033916,832,246,98,148,586,519,67
2021,Barnet 042C,E01033917,862,202,82,120,660,528,132
2021,Barnet 042D,E01033918,818,198,91,107,620,516,104
2021,Barnet 042E,E01033919,804,163,71,92,641,530,111
2021,Barnet 042F,E01033920,904,186,69,117,718,578,140
2021,Barnet 043A,E01033921,924,251,91,160,673,575,98
2021,Barnet 043B,E01033922,999,224,86,138,775,647,128
2021,Barnet 043C,E01033923,720,216,79,137,504,419,85
2021,Barnet 043D,E01033924,653,245,85,160,408,360,48
2021,Barnet 043E,E01033925,872,233,94,139,639,565,74
2021,Enfield 014E,E01033926,1005,409,138,271,596,539,57
2021,Enfield 020F,E01033927,812,308,121,187,504,440,64
2021,Enfield 020G,E01033928,683,198,81,117,485,410,75
2021,Brent 002F,E01033929,734,155,45,110,579,498,81
2021,Brent 002G,E01033930,869,296,101,195,573,488,85
2021,Brent 009F,E01033931,573,194,71,123,379,343,36
2021,Brent 009G,E01033932,703,238,88,150,465,400,65
2021,Brent 010G,E01033933,488,182,64,118,306,266,40
2021,Brent 010H,E01033934,607,231,85,146,376,337,39
2021,Brent 020F,E01033935,1065,305,119,186,760,654,106
2021,Brent 020G,E01033936,880,224,83,141,656,597,59
2021,Brent 027G,E01033937,514,184,51,133,330,290,40
2021,Brent 027H,E01033938,489,148,52,96,341,302,39
2021,Brent 027I,E01033939,997,241,86,155,756,610,146
2021,Brent 035B,E01033940,1084,255,140,115,829,691,138
2021,Brent 035C,E01033941,821,159,60,99,662,574,88
2021,Brent 035D,E01033942,885,130,67,63,755,627,128
2021,Haringey 015E,E01033943,1402,431,182,249,971,793,178
2021,Haringey 015F,E01033944,1021,347,132,215,674,598,76
2021,Haringey 020G,E01033945,832,180,59,121,652,548,104
2021,Haringey 020H,E01033946,943,172,66,106,771,624,147
2021,Stockport 014E,E01033947,805,169,48,121,636,584,52
2021,Stockport 014F,E01033948,507,123,42,81,384,350,34
2021,Tameside 013F,E01033949,405,135,48,87,270,246,24
2021,Tameside 013G,E01033950,525,176,60,116,349,313,36
2021,Buckinghamshire 001C,E01033951,589,171,70,101,418,291,127
2021,Buckinghamshire 001D,E01033952,644,200,84,116,444,343,101
2021,Buckinghamshire 001E,E01033953,859,227,81,146,632,511,121
2021,Buckinghamshire 001F,E01033954,901,251,90,161,650,532,118
2021,Buckinghamshire 007E,E01033955,789,164,53,111,625,515,110
2021,Buckinghamshire 007F,E01033956,810,227,88,139,583,490,93
2021,Buckinghamshire 007G,E01033957,635,115,37,78,520,420,100
2021,Buckinghamshire 009F,E01033958,798,201,74,127,597,504,93
2021,Buckinghamshire 009G,E01033959,732,195,72,123,537,450,87
2021,Buckinghamshire 011D,E01033960,1019,188,69,119,831,729,102
2021,Buckinghamshire 011E,E01033961,926,181,60,121,745,645,100
2021,Buckinghamshire 011F,E01033962,843,213,58,155,630,548,82
2021,Buckinghamshire 011G,E01033963,874,185,58,127,689,593,96
2021,Buckinghamshire 011H,E01033964,851,211,70,141,640,555,85
2021,Buckinghamshire 021F,E01033965,766,218,72,146,548,447,101
2021,Buckinghamshire 021G,E01033966,883,224,82,142,659,515,144
2021,Buckinghamshire 011I,E01033967,831,189,73,116,642,547,95
2021,Buckinghamshire 024E,E01033968,1236,188,43,145,1048,835,213
2021,Buckinghamshire 024F,E01033969,833,194,60,134,639,522,117
2021,Buckinghamshire 040D,E01033970,793,274,110,164,519,377,142
2021,Buckinghamshire 040E,E01033971,998,198,79,119,800,610,190
2021,Buckinghamshire 051C,E01033972,952,234,74,160,718,609,109
2021,Buckinghamshire 051D,E01033973,694,158,57,101,536,470,66
2021,Buckinghamshire 051E,E01033974,814,175,69,106,639,537,102
2021,Buckinghamshire 051F,E01033975,721,185,66,119,536,456,80
2021,Salford 003D,E01033976,1207,209,56,153,998,888,110
2021,Salford 003E,E01033977,537,131,35,96,406,355,51
2021,Salford 008E,E01033978,545,124,32,92,421,364,57
2021,Salford 008F,E01033979,681,145,43,102,536,483,53
2021,Salford 017G,E01033980,427,152,62,90,275,247,28
2021,Salford 017H,E01033981,939,558,283,275,381,345,36
2021,Salford 021H,E01033982,799,247,72,175,552,504,48
2021,Salford 021I,E01033983,712,147,52,95,565,516,49
2021,Salford 024E,E01033984,1006,311,111,200,695,635,60
2021,Salford 032A,E01033985,692,199,58,141,493,445,48
2021,Salford 032B,E01033986,829,185,70,115,644,565,79
2021,Salford 033A,E01033987,825,111,39,72,714,617,97
2021,Salford 033B,E01033988,980,155,73,82,825,754,71
2021,Salford 033C,E01033989,849,158,61,97,691,629,62
2021,Salford 033D,E01033990,841,119,54,65,722,637,85
2021,Salford 034A,E01033991,907,177,56,121,730,669,61
2021,Salford 034B,E01033992,1076,117,48,69,959,836,123
2021,Salford 036A,E01033993,1232,232,88,144,1000,907,93
2021,Salford 036B,E01033994,983,139,57,82,844,751,93
2021,Salford 037A,E01033995,880,135,65,70,745,646,99
2021,Salford 037B,E01033996,893,167,61,106,726,622,104
2021,Salford 037C,E01033997,771,130,41,89,641,545,96
2021,Salford 037D,E01033998,1014,162,71,91,852,741,111
2021,Salford 037E,E01033999,941,104,42,62,837,766,71
2021,Trafford 001G,E01034000,764,172,67,105,592,541,51
2021,Trafford 001H,E01034001,693,262,92,170,431,374,57
2021,Charnwood 009G,E01034002,744,268,73,195,476,406,70
2021,Charnwood 009H,E01034003,880,178,52,126,702,599,103
2021,Charnwood 010G,E01034004,1015,232,59,173,783,679,104
2021,Charnwood 010H,E01034005,800,248,92,156,552,455,97
2021,Charnwood 019E,E01034006,1331,314,91,223,1017,894,123
2021,Charnwood 019F,E01034007,855,238,68,170,617,546,71
2021,Leicester 006F,E01034008,863,273,84,189,590,562,28
2021,Leicester 006G,E01034009,640,208,68,140,432,405,27
2021,Leicester 008F,E01034010,853,270,88,182,583,527,56
2021,Leicester 008G,E01034011,836,196,66,130,640,572,68
2021,Leicester 008H,E01034012,582,185,65,120,397,347,50
2021,Leicester 023H,E01034013,583,262,126,136,321,291,30
2021,Leicester 023I,E01034014,561,202,85,117,359,327,32
2021,Leicester 029E,E01034015,642,149,68,81,493,425,68
2021,Leicester 029F,E01034016,934,295,124,171,639,590,49
2021,Leicester 037G,E01034017,830,249,76,173,581,530,51
2021,Leicester 037H,E01034018,568,204,39,165,364,339,25
2021,Leicester 040E,E01034019,642,265,126,139,377,331,46
2021,Leicester 040F,E01034020,1029,432,201,231,597,548,49
2021,Leicester 040G,E01034021,437,158,86,72,279,250,29
2021,Leicester 041E,E01034022,997,406,202,204,591,541,50
2021,Leicester 041F,E01034023,666,229,97,132,437,390,47
2021,Leicester 043A,E01034024,800,270,76,194,530,482,48
2021,Leicester 043B,E01034025,928,288,93,195,640,579,61
2021,Ealing 015F,E01034026,908,253,138,115,655,571,84
2021,Ealing 015G,E01034027,1065,388,170,218,677,585,92
2021,Ealing 019F,E01034028,726,183,73,110,543,460,83
2021,Ealing 019G,E01034029,856,171,78,93,685,570,115
2021,Ealing 042A,E01034030,1085,218,84,134,867,712,155
2021,Ealing 042B,E01034031,715,98,42,56,617,457,160
2021,Hounslow 006G,E01034032,908,244,99,145,664,565,99
2021,Hounslow 006H,E01034033,1150,233,95,138,917,752,165
2021,Hounslow 014F,E01034034,885,217,91,126,668,567,101
2021,Hounslow 014G,E01034035,876,216,84,132,660,538,122
2021,Hounslow 015F,E01034036,845,270,94,176,575,516,59
2021,Hounslow 015G,E01034037,897,231,87,144,666,596,70
2021,Hounslow 017F,E01034038,810,216,84,132,594,541,53
2021,Hounslow 017G,E01034039,698,253,99,154,445,394,51
2021,Hounslow 018H,E01034040,788,263,100,163,525,476,49
2021,Hounslow 018I,E01034041,732,250,107,143,482,423,59
2021,Hounslow 030A,E01034042,601,148,46,102,453,384,69
2021,Hounslow 030B,E01034043,731,186,81,105,545,449,96
2021,Hounslow 030C,E01034044,688,142,57,85,546,416,130
2021,Hounslow 031A,E01034045,1151,256,113,143,895,745,150
2021,Hounslow 031B,E01034046,769,268,102,166,501,439,62
2021,Stafford 010F,E01034047,682,147,42,105,535,473,62
2021,Stafford 010G,E01034048,473,126,43,83,347,308,39
2021,Stafford 011F,E01034049,813,205,76,129,608,492,116
2021,Stafford 011G,E01034050,970,226,73,153,744,573,171
2021,Stafford 014I,E01034051,1207,374,142,232,833,670,163
2021,Stoke-on-Trent 009F,E01034052,529,104,29,75,425,383,42
2021,Stoke-on-Trent 009G,E01034053,499,153,45,108,346,315,31
2021,Stoke-on-Trent 016H,E01034054,681,110,30,80,571,510,61
2021,Stoke-on-Trent 016I,E01034055,539,151,46,105,388,340,48
2021,Stoke-on-Trent 016J,E01034056,701,196,53,143,505,450,55
2021,Stoke-on-Trent 016K,E01034057,699,180,46,134,519,464,55
2021,Stoke-on-Trent 032E,E01034058,671,198,54,144,473,428,45
2021,Stoke-on-Trent 032F,E01034059,1249,257,82,175,992,817,175
2021,Gosport 004H,E01034060,1060,291,94,197,769,649,120
2021,Gosport 004I,E01034061,531,159,52,107,372,322,50
2021,Gosport 005F,E01034062,694,188,63,125,506,440,66
2021,Gosport 005G,E01034063,645,160,44,116,485,411,74
2021,Gosport 008H,E01034064,752,211,73,138,541,454,87
2021,Gosport 008I,E01034065,542,146,54,92,396,330,66
2021,Havant 014G,E01034066,547,148,51,97,399,349,50
2021,Havant 014H,E01034067,677,189,57,132,488,435,53
2021,Allerdale 012F,E01034068,1104,405,174,231,699,582,117
2021,Barrow-in-Furness 007G,E01034069,826,284,93,191,542,487,55
2021,Carlisle 013F,E01034070,609,175,58,117,434,374,60
2021,Carlisle 013G,E01034071,898,249,65,184,649,557,92
2021,Carlisle 013H,E01034072,623,166,46,120,457,392,65
2021,Carlisle 013I,E01034073,608,211,65,146,397,314,83
2021,Carlisle 013J,E01034074,978,240,73,167,738,607,131
2021,Copeland 001E,E01034075,1132,315,91,224,817,718,99
2021,Copeland 004J,E01034076,900,296,108,188,604,504,100
2021,South Lakeland 002F,E01034077,1147,383,156,227,764,660,104
2021,South Lakeland 006H,E01034078,651,217,71,146,434,379,55
2021,South Lakeland 006I,E01034079,892,276,81,195,616,532,84
2021,South Lakeland 011F,E01034080,902,352,139,213,550,456,94
2021,Chelmsford 001E,E01034081,768,208,85,123,560,467,93
2021,Chelmsford 001F,E01034082,842,200,65,135,642,527,115
2021,Chelmsford 004G,E01034083,805,146,49,97,659,566,93
2021,Chelmsford 004H,E01034084,977,264,102,162,713,591,122
2021,Chelmsford 018F,E01034085,475,164,62,102,311,234,77
2021,Chelmsford 018G,E01034086,734,247,118,129,487,346,141
2021,Chelmsford 021D,E01034087,613,226,104,122,387,316,71
2021,Chelmsford 021E,E01034088,815,208,80,128,607,466,141
2021,Chelmsford 022A,E01034089,1270,271,116,155,999,839,160
2021,Chelmsford 022C,E01034090,747,138,53,85,609,504,105
2021,Chelmsford 023A,E01034091,855,153,49,104,702,589,113
2021,Chelmsford 023B,E01034092,837,145,41,104,692,597,95
2021,Maldon 008H,E01034093,848,244,104,140,604,483,121
2021,Maldon 008I,E01034094,715,228,89,139,487,397,90
2021,Southend-on-Sea 010G,E01034095,904,196,87,109,708,612,96
2021,Southend-on-Sea 010H,E01034096,698,251,83,168,447,391,56
2021,Cannock Chase 005E,E01034097,623,138,36,102,485,399,86
2021,Cannock Chase 005F,E01034098,1328,294,94,200,1034,884,150
2021,Lichfield 001E,E01034099,972,228,70,158,744,583,161
2021,Lichfield 001F,E01034100,675,205,58,147,470,382,88
2021,Lichfield 002E,E01034101,963,306,110,196,657,525,132
2021,Lichfield 002F,E01034102,1002,210,59,151,792,658,134
2021,Lichfield 006F,E01034103,678,179,59,120,499,417,82
2021,Lichfield 006G,E01034104,946,246,87,159,700,589,111
2021,Lichfield 008E,E01034105,1030,166,56,110,864,732,132
2021,Lichfield 008F,E01034106,971,222,75,147,749,606,143
2021,Manchester 002F,E01034107,662,182,57,125,480,424,56
2021,Manchester 002G,E01034108,889,267,81,186,622,560,62
2021,Manchester 008G,E01034109,523,213,54,159,310,282,28
2021,Manchester 008H,E01034110,543,239,68,171,304,272,32
2021,Manchester 017G,E01034111,532,196,63,133,336,305,31
2021,Manchester 017H,E01034112,726,223,83,140,503,455,48
2021,Manchester 017I,E01034113,573,191,45,146,382,339,43
2021,Manchester 017J,E01034114,898,263,86,177,635,571,64
2021,Manchester 018F,E01034115,514,234,127,107,280,261,19
2021,Manchester 018G,E01034116,469,157,59,98,312,289,23
2021,Manchester 019E,E01034117,475,198,124,74,277,255,22
2021,Manchester 019F,E01034118,380,151,50,101,229,213,16
2021,Manchester 022H,E01034119,779,358,168,190,421,390,31
2021,Manchester 023F,E01034120,595,213,58,155,382,340,42
2021,Manchester 023G,E01034121,589,190,59,131,399,360,39
2021,Manchester 024E,E01034122,653,259,89,170,394,350,44
2021,Manchester 024F,E01034123,562,237,107,130,325,288,37
2021,Manchester 025F,E01034124,450,223,67,156,227,210,17
2021,Manchester 025G,E01034125,507,239,76,163,268,242,26
2021,Manchester 025H,E01034126,686,236,88,148,450,422,28
2021,Manchester 025I,E01034127,657,210,91,119,447,406,41
2021,Manchester 032F,E01034128,1149,596,329,267,553,499,54
2021,Manchester 055F,E01034129,891,120,29,91,771,685,86
2021,Manchester 055G,E01034130,1103,117,45,72,986,862,124
2021,Manchester 060E,E01034131,713,100,46,54,613,524,89
2021,Manchester 060F,E01034132,1091,139,70,69,952,802,150
2021,Manchester 061C,E01034133,992,245,74,171,747,678,69
2021,Manchester 061D,E01034134,1083,81,32,49,1002,882,120
2021,Manchester 062A,E01034135,860,88,30,58,772,670,102
2021,Manchester 062C,E01034136,833,119,53,66,714,629,85
2021,Manchester 063C,E01034137,535,269,72,197,266,253,13
2021,Manchester 064B,E01034138,418,218,54,164,200,184,16
2021,Croydon 015F,E01034139,838,305,98,207,533,482,51
2021,Croydon 015G,E01034140,639,205,70,135,434,393,41
2021,Croydon 020F,E01034141,795,208,73,135,587,517,70
2021,Croydon 020G,E01034142,700,188,69,119,512,467,45
2021,Croydon 020H,E01034143,842,137,48,89,705,608,97
2021,Croydon 024F,E01034144,769,209,68,141,560,487,73
2021,Croydon 024G,E01034145,610,200,69,131,410,340,70
2021,Croydon 024H,E01034146,781,205,82,123,576,497,79
2021,Croydon 046A,E01034147,851,132,57,75,719,625,94
2021,Croydon 046B,E01034148,1077,168,66,102,909,759,150
2021,Croydon 046C,E01034149,1213,272,108,164,941,810,131
2021,Croydon 046D,E01034150,809,191,78,113,618,541,77
2021,Croydon 046E,E01034151,772,180,76,104,592,494,98
2021,Croydon 047B,E01034152,814,222,79,143,592,506,86
2021,Sutton 004F,E01034153,761,190,72,118,571,503,68
2021,Sutton 004G,E01034154,991,171,54,117,820,705,115
2021,Sutton 012F,E01034155,1021,269,94,175,752,659,93
2021,Sutton 012G,E01034156,820,157,69,88,663,580,83
2021,Plymouth 031G,E01034157,1078,262,68,194,816,683,133
2021,Plymouth 031H,E01034158,523,179,56,123,344,293,51
2021,Plymouth 034B,E01034159,603,174,58,116,429,350,79
2021,Plymouth 034C,E01034160,755,200,72,128,555,467,88
2021,Plymouth 034D,E01034161,614,175,57,118,439,356,83
2021,Plymouth 034E,E01034162,489,117,51,66,372,310,62
2021,Teignbridge 005E,E01034165,593,208,82,126,385,319,66
2021,Teignbridge 005F,E01034166,858,313,101,212,545,468,77
2021,Teignbridge 013E,E01034167,912,294,102,192,618,484,134
2021,Teignbridge 013F,E01034168,1050,257,60,197,793,660,133
2021,Torbay 003G,E01034169,766,259,73,186,507,432,75
2021,Torbay 003H,E01034170,669,224,63,161,445,379,66
2021,Torbay 013H,E01034171,497,156,41,115,341,307,34
2021,Torbay 013I,E01034172,985,282,95,187,703,589,114
2021,Greenwich 005F,E01034173,739,255,74,181,484,427,57
2021,Greenwich 034F,E01034174,641,110,52,58,531,406,125
2021,Greenwich 034G,E01034175,949,108,41,67,841,695,146
2021,Greenwich 034H,E01034176,911,284,97,187,627,531,96
2021,Greenwich 034I,E01034177,834,187,66,121,647,555,92
2021,Greenwich 035E,E01034178,1053,152,59,93,901,686,215
2021,Greenwich 035F,E01034179,741,192,83,109,549,413,136
2021,Greenwich 035G,E01034180,573,200,72,128,373,321,52
2021,Greenwich 035H,E01034181,1114,156,77,79,958,753,205
2021,Greenwich 035I,E01034182,919,133,52,81,786,616,170
2021,Greenwich 037E,E01034183,928,148,48,100,780,588,192
2021,Greenwich 037F,E01034184,770,122,37,85,648,500,148
2021,Greenwich 037G,E01034185,776,146,61,85,630,480,150
2021,Greenwich 039C,E01034186,1037,121,53,68,916,726,190
2021,Greenwich 039D,E01034187,748,131,51,80,617,525,92
2021,Greenwich 040A,E01034188,902,138,49,89,764,556,208
2021,Greenwich 040B,E01034189,845,75,29,46,770,597,173
2021,Greenwich 040C,E01034190,825,257,74,183,568,484,84
2021,Greenwich 040D,E01034191,1036,151,59,92,885,661,224
2021,Greenwich 040E,E01034192,1276,268,108,160,1008,768,240
2021,Greenwich 041A,E01034193,915,159,66,93,756,561,195
2021,Greenwich 041B,E01034194,885,130,53,77,755,625,130
2021,Greenwich 041C,E01034195,654,131,44,87,523,419,104
2021,Greenwich 041D,E01034196,856,149,65,84,707,579,128
2021,Greenwich 042C,E01034198,1206,344,137,207,862,744,118
2021,Newham 012E,E01034199,896,277,112,165,619,525,94
2021,Newham 012F,E01034200,963,153,62,91,810,673,137
2021,Newham 022E,E01034201,652,237,69,168,415,362,53
2021,Newham 022F,E01034202,804,296,110,186,508,433,75
2021,Newham 025E,E01034203,793,187,64,123,606,523,83
2021,Newham 025F,E01034204,829,325,109,216,504,430,74
2021,Newham 033E,E01034205,798,283,113,170,515,440,75
2021,Newham 033F,E01034206,913,249,76,173,664,580,84
2021,Newham 033G,E01034207,1051,161,63,98,890,737,153
2021,Newham 034J,E01034208,758,298,117,181,460,403,57
2021,Newham 034K,E01034209,1048,144,67,77,904,746,158
2021,Newham 034L,E01034210,1014,166,69,97,848,678,170
2021,Newham 034M,E01034211,1152,126,46,80,1026,816,210
2021,Newham 034N,E01034212,1356,140,71,69,1216,985,231
2021,Newham 038A,E01034213,1038,180,57,123,858,645,213
2021,Newham 038B,E01034214,1093,118,46,72,975,766,209
2021,Newham 038C,E01034215,987,143,49,94,844,680,164
2021,Newham 038D,E01034216,1154,167,63,104,987,824,163
2021,Newham 038E,E01034217,1167,180,85,95,987,753,234
2021,Newham 039B,E01034218,966,251,105,146,715,599,116
2021,Newham 039C,E01034219,1101,173,74,99,928,713,215
2021,Newham 039D,E01034220,870,90,42,48,780,585,195
2021,Newham 039E,E01034221,932,208,76,132,724,592,132
2021,Newham 040A,E01034222,957,188,68,120,769,660,109
2021,Newham 040B,E01034223,951,153,51,102,798,671,127
2021,Newham 041D,E01034224,839,251,77,174,588,518,70
2021,Newham 042B,E01034225,801,201,64,137,600,495,105
2021,Newham 042C,E01034226,891,175,58,117,716,583,133
2021,Newham 042D,E01034227,782,198,59,139,584,519,65
2021,Newham 042E,E01034228,978,123,55,68,855,684,171
2021,Newham 042F,E01034229,930,175,72,103,755,601,154
2021,Newham 042G,E01034230,994,95,48,47,899,706,193
2021,Newham 042H,E01034231,980,110,47,63,870,659,211
2021,Oldham 036A,E01034232,467,213,78,135,254,236,18
2021,Oldham 036B,E01034233,488,191,60,131,297,269,28
2021,Rochdale 008H,E01034234,571,235,57,178,336,311,25
2021,Rochdale 008I,E01034235,528,210,61,149,318,291,27
2021,Doncaster 019G,E01034236,598,104,38,66,494,432,62
2021,Doncaster 019H,E01034237,569,125,47,78,444,389,55
2021,Doncaster 022G,E01034238,693,132,50,82,561,493,68
2021,Doncaster 022H,E01034239,634,182,49,133,452,413,39
2021,Doncaster 027E,E01034240,832,196,54,142,636,545,91
2021,Doncaster 027F,E01034241,681,175,50,125,506,431,75
2021,Doncaster 028E,E01034242,994,212,48,164,782,659,123
2021,Doncaster 028F,E01034243,1072,275,78,197,797,682,115
2021,Doncaster 038D,E01034244,644,156,38,118,488,415,73
2021,Doncaster 038E,E01034245,1078,257,68,189,821,705,116
2021,Rotherham 001F,E01034246,818,234,67,167,584,523,61
2021,Rotherham 001G,E01034247,1201,265,73,192,936,793,143
2021,Rotherham 027F,E01034248,936,178,45,133,758,650,108
2021,Rotherham 027G,E01034249,868,180,43,137,688,603,85
2021,Rotherham 027H,E01034250,524,135,40,95,389,323,66
2021,Rotherham 028E,E01034251,475,128,50,78,347,274,73
2021,Rotherham 028F,E01034252,1149,276,83,193,873,756,117
2021,Rotherham 034G,E01034253,1115,351,130,221,764,628,136
2021,Amber Valley 016E,E01034254,1288,430,174,256,858,636,222
2021,Amber Valley 016F,E01034255,770,169,51,118,601,520,81
2021,Derby 013G,E01034256,702,230,114,116,472,421,51
2021,Derby 013H,E01034257,803,260,94,166,543,466,77
2021,Barnsley 010I,E01034258,753,222,65,157,531,446,85
2021,Barnsley 010J,E01034259,666,200,44,156,466,403,63
2021,Wakefield 002F,E01034260,867,128,33,95,739,654,85
2021,Wakefield 002G,E01034261,652,177,56,121,475,434,41
2021,Wakefield 005E,E01034262,732,184,52,132,548,484,64
2021,Wakefield 005F,E01034263,926,198,50,148,728,629,99
2021,Wakefield 017E,E01034264,687,164,54,110,523,474,49
2021,Wakefield 017F,E01034265,589,117,37,80,472,435,37
2021,Wakefield 024G,E01034266,1022,207,55,152,815,700,115
2021,Wakefield 024H,E01034267,835,169,42,127,666,586,80
2021,Wakefield 024I,E01034268,601,175,55,120,426,349,77
2021,Wakefield 034G,E01034269,814,190,51,139,624,530,94
2021,Wakefield 034H,E01034270,1036,203,43,160,833,694,139
2021,"Bournemouth, Christchurch and Poole 038E",E01034271,557,264,174,90,293,254,39
2021,"Bournemouth, Christchurch and Poole 038F",E01034272,624,188,86,102,436,380,56
2021,"Bournemouth, Christchurch and Poole 038G",E01034273,845,235,75,160,610,542,68
2021,"Bournemouth, Christchurch and Poole 038H",E01034274,970,277,110,167,693,616,77
2021,"Bournemouth, Christchurch and Poole 037F",E01034275,524,149,66,83,375,331,44
2021,"Bournemouth, Christchurch and Poole 037G",E01034276,562,180,66,114,382,328,54
2021,"Bournemouth, Christchurch and Poole 041E",E01034277,795,295,147,148,500,448,52
2021,"Bournemouth, Christchurch and Poole 041F",E01034278,774,273,137,136,501,439,62
2021,"Bournemouth, Christchurch and Poole 031E",E01034279,683,227,82,145,456,383,73
2021,"Bournemouth, Christchurch and Poole 031F",E01034280,397,152,50,102,245,214,31
2021,"Bournemouth, Christchurch and Poole 044G",E01034281,463,119,37,82,344,308,36
2021,"Bournemouth, Christchurch and Poole 044H",E01034282,657,175,63,112,482,423,59
2021,"Bournemouth, Christchurch and Poole 046D",E01034283,675,184,60,124,491,428,63
2021,"Bournemouth, Christchurch and Poole 046E",E01034284,564,160,56,104,404,351,53
2021,Elmbridge 007E,E01034285,544,96,36,60,448,347,101
2021,Elmbridge 007F,E01034286,814,217,88,129,597,454,143
2021,Epsom and Ewell 005E,E01034287,812,187,61,126,625,523,102
2021,Epsom and Ewell 005F,E01034288,727,220,70,150,507,455,52
2021,Epsom and Ewell 008E,E01034289,746,180,70,110,566,475,91
2021,Epsom and Ewell 008F,E01034290,667,173,93,80,494,414,80
2021,Spelthorne 004F,E01034291,938,176,75,101,762,650,112
2021,Spelthorne 004G,E01034292,755,115,44,71,640,545,95
2021,Woking 004G,E01034293,1399,481,183,298,918,813,105
2021,Woking 008F,E01034294,1177,141,60,81,1036,888,148
2021,Woking 008G,E01034295,997,191,78,113,806,699,107
2021,Woking 011F,E01034296,619,179,84,95,440,370,70
2021,Woking 011G,E01034297,793,272,100,172,521,445,76
2021,Eastbourne 012F,E01034298,807,299,143,156,508,404,104
2021,Wealden 018G,E01034299,631,200,94,106,431,343,88
2021,Wealden 018H,E01034300,806,231,72,159,575,494,81
2021,Wealden 018I,E01034301,584,162,44,118,422,348,74
2021,Wealden 018J,E01034302,930,282,91,191,648,542,106
2021,Wealden 018K,E01034303,538,186,68,118,352,259,93
2021,Wealden 019F,E01034304,588,195,58,137,393,340,53
2021,Wealden 019G,E01034305,969,297,86,211,672,561,111
2021,Dudley 006H,E01034306,538,207,56,151,331,299,32
2021,Dudley 006I,E01034307,704,205,57,148,499,430,69
2021,Dudley 011E,E01034308,487,138,42,96,349,308,41
2021,Dudley 011F,E01034309,553,135,54,81,418,371,47
2021,Wolverhampton 006E,E01034310,410,104,26,78,306,272,34
2021,Wolverhampton 006F,E01034311,1263,239,67,172,1024,905,119
2021,Wolverhampton 020G,E01034312,731,316,126,190,415,371,44
2021,Wolverhampton 020H,E01034313,639,160,79,81,479,423,56
2021,Wolverhampton 035I,E01034314,731,211,68,143,520,474,46
2021,Wolverhampton 035J,E01034315,559,142,38,104,417,358,59
2021,Bromsgrove 013E,E01034316,810,192,54,138,618,538,80
2021,Bromsgrove 013F,E01034317,738,217,70,147,521,445,76
2021,Bromsgrove 014H,E01034318,764,239,91,148,525,416,109
2021,Bromsgrove 014I,E01034319,652,164,45,119,488,399,89
2021,Redditch 003E,E01034320,875,176,38,138,699,609,90
2021,Redditch 003F,E01034321,680,166,53,113,514,430,84
2021,Redditch 003G,E01034322,796,188,61,127,608,524,84
2021,Worcester 013E,E01034323,994,246,89,157,748,606,142
2021,Worcester 013F,E01034324,894,222,79,143,672,576,96
2021,Wychavon 001E,E01034325,835,242,86,156,593,478,115
2021,Wychavon 001F,E01034326,714,212,77,135,502,418,84
2021,Wychavon 005E,E01034327,829,264,89,175,565,459,106
2021,Wychavon 005F,E01034328,988,241,79,162,747,603,144
2021,Wychavon 014D,E01034329,734,159,52,107,575,473,102
2021,Wychavon 014E,E01034330,762,173,68,105,589,515,74
2021,Wyre Forest 004E,E01034331,519,141,36,105,378,330,48
2021,Wyre Forest 004F,E01034332,861,247,79,168,614,534,80
2021,Wyre Forest 009D,E01034333,728,174,48,126,554,477,77
2021,Wyre Forest 009E,E01034334,590,161,43,118,429,355,74
2021,Hyndburn 006I,E01034335,474,214,65,149,260,236,24
2021,Hyndburn 006J,E01034336,747,244,63,181,503,460,43
2021,Chorley 004E,E01034337,944,226,77,149,718,608,110
2021,Chorley 004F,E01034338,768,130,38,92,638,557,81
2021,Chorley 006G,E01034339,1069,316,90,226,753,677,76
2021,Chorley 008E,E01034340,890,191,52,139,699,601,98
2021,Chorley 008F,E01034341,977,201,53,148,776,674,102
2021,Chorley 008G,E01034342,977,199,73,126,778,661,117
2021,Chorley 008H,E01034343,596,163,44,119,433,370,63
2021,Chorley 012E,E01034344,898,215,64,151,683,589,94
2021,Chorley 012F,E01034345,594,163,41,122,431,371,60
2021,Preston 002E,E01034346,575,179,66,113,396,310,86
2021,Preston 002F,E01034347,1539,323,92,231,1216,1020,196
2021,South Ribble 005E,E01034348,922,286,94,192,636,569,67
2021,South Ribble 012E,E01034349,840,229,74,155,611,512,99
2021,South Ribble 012F,E01034350,1339,265,75,190,1074,929,145
2021,South Ribble 016F,E01034351,1450,416,106,310,1034,907,127
2021,South Ribble 016G,E01034352,838,163,39,124,675,584,91
2021,South Ribble 016H,E01034353,846,184,53,131,662,567,95
2021,Basildon 014F,E01034354,1098,235,74,161,863,731,132
2021,Basildon 014G,E01034355,741,200,56,144,541,469,72
2021,Basildon 020F,E01034356,947,149,62,87,798,680,118
2021,Basildon 020G,E01034357,792,219,82,137,573,494,79
2021,Brentwood 007H,E01034358,730,106,45,61,624,503,121
2021,Brentwood 007I,E01034359,752,175,65,110,577,463,114
2021,Brentwood 007J,E01034360,756,154,71,83,602,477,125
2021,Brentwood 007K,E01034361,723,130,45,85,593,508,85
2021,Harlow 001E,E01034362,864,208,56,152,656,567,89
2021,Harlow 001F,E01034363,662,172,68,104,490,377,113
2021,Harlow 001G,E01034364,945,233,76,157,712,574,138
2021,Harlow 001H,E01034365,837,202,80,122,635,520,115
2021,Harlow 007F,E01034366,512,135,49,86,377,327,50
2021,Harlow 007G,E01034367,812,233,70,163,579,510,69
2021,Thurrock 006G,E01034368,1029,188,54,134,841,738,103
2021,Thurrock 006H,E01034369,836,239,75,164,597,497,100
2021,Thurrock 022C,E01034370,1077,208,66,142,869,749,120
2021,Thurrock 022D,E01034371,1052,290,86,204,762,644,118
2021,Dorset 024E,E01034372,629,221,74,147,408,337,71
2021,Dorset 024F,E01034373,809,278,112,166,531,434,97
2021,Dorset 003D,E01034374,1112,327,97,230,785,678,107
2021,Dorset 003E,E01034375,764,241,69,172,523,438,85
2021,Dorset 005E,E01034376,630,202,85,117,428,345,83
2021,Dorset 005F,E01034377,575,143,55,88,432,361,71
2021,Dorset 009D,E01034378,1461,298,99,199,1163,803,360
2021,Dorset 004F,E01034379,665,189,60,129,476,380,96
2021,Dorset 004G,E01034380,540,160,55,105,380,309,71
2021,Dorset 031D,E01034381,550,185,63,122,365,316,49
2021,Dorset 032D,E01034382,653,215,91,124,438,372,66
2021,Bromley 005F,E01034383,758,186,73,113,572,502,70
2021,Bromley 005G,E01034384,797,164,52,112,633,522,111
2021,Bromley 018F,E01034385,744,210,85,125,534,438,96
2021,Bromley 018G,E01034386,824,113,38,75,711,622,89
2021,Lewisham 001F,E01034387,1217,127,53,74,1090,837,253
2021,Lewisham 001G,E01034388,873,121,47,74,752,609,143
2021,Lewisham 001H,E01034389,882,210,74,136,672,573,99
2021,Lewisham 020F,E01034390,916,174,57,117,742,624,118
2021,Lewisham 020G,E01034391,869,212,74,138,657,558,99
2021,Lewisham 040A,E01034392,842,246,101,145,596,511,85
2021,Lewisham 040B,E01034393,902,100,48,52,802,665,137
2021,Lewisham 040C,E01034394,969,110,45,65,859,733,126
2021,Lewisham 040D,E01034395,859,231,66,165,628,554,74
2021,Liverpool 010G,E01034396,797,268,79,189,529,475,54
2021,Liverpool 010H,E01034397,937,254,58,196,683,616,67
2021,Liverpool 022F,E01034398,505,151,34,117,354,310,44
2021,Liverpool 022G,E01034399,409,118,38,80,291,266,25
2021,Liverpool 022H,E01034400,387,146,48,98,241,216,25
2021,Liverpool 035G,E01034401,1338,512,173,339,826,711,115
2021,Liverpool 037G,E01034402,471,165,66,99,306,273,33
2021,Liverpool 037H,E01034403,562,199,68,131,363,321,42
2021,Liverpool 042H,E01034404,651,253,131,122,398,351,47
2021,Liverpool 060F,E01034405,510,239,146,93,271,238,33
2021,Liverpool 060G,E01034406,566,219,120,99,347,292,55
2021,Liverpool 061E,E01034407,977,156,68,88,821,686,135
2021,Liverpool 061F,E01034408,759,156,56,100,603,531,72
2021,Liverpool 062E,E01034409,1515,282,123,159,1233,1084,149
2021,Liverpool 062F,E01034410,711,128,53,75,583,497,86
2021,Liverpool 062G,E01034411,678,112,44,68,566,480,86
2021,Bedford 004H,E01034412,986,277,99,178,709,570,139
2021,Bedford 004I,E01034413,622,144,37,107,478,397,81
2021,Bedford 008F,E01034414,753,198,87,111,555,427,128
2021,Bedford 008G,E01034415,782,186,55,131,596,520,76
2021,Bedford 008H,E01034416,930,175,72,103,755,665,90
2021,Bedford 008I,E01034417,794,155,46,109,639,558,81
2021,Bedford 012G,E01034418,668,127,40,87,541,440,101
2021,Bedford 012H,E01034419,744,166,65,101,578,498,80
2021,Bedford 015G,E01034420,1053,233,86,147,820,722,98
2021,Bedford 015H,E01034421,888,164,41,123,724,640,84
2021,Bedford 018F,E01034422,849,200,64,136,649,552,97
2021,Bedford 018G,E01034423,523,141,46,95,382,332,50
2021,Bedford 018H,E01034424,916,184,56,128,732,632,100
2021,Bedford 020E,E01034425,966,279,104,175,687,581,106
2021,Bedford 020F,E01034426,1255,288,100,188,967,804,163
2021,Bedford 021A,E01034427,887,176,56,120,711,633,78
2021,Bedford 021C,E01034428,845,158,51,107,687,581,106
2021,Bedford 021D,E01034429,598,184,66,118,414,341,73
2021,Bedford 021E,E01034430,454,116,48,68,338,276,62
2021,Bedford 022A,E01034431,1023,242,82,160,781,640,141
2021,Bedford 022B,E01034432,542,126,41,85,416,345,71
2021,Bedford 022C,E01034433,1259,306,113,193,953,814,139
2021,Bedford 022D,E01034434,1076,219,83,136,857,721,136
2021,Huntingdonshire 010H,E01034435,953,209,66,143,744,635,109
2021,Huntingdonshire 010I,E01034436,834,166,67,99,668,559,109
2021,Huntingdonshire 012F,E01034437,635,101,39,62,534,475,59
2021,Huntingdonshire 012G,E01034438,771,134,54,80,637,553,84
2021,Huntingdonshire 014E,E01034439,621,143,49,94,478,394,84
2021,Huntingdonshire 014F,E01034440,860,194,63,131,666,573,93
2021,Huntingdonshire 018E,E01034441,907,245,92,153,662,547,115
2021,Huntingdonshire 018F,E01034442,919,218,74,144,701,611,90
2021,Huntingdonshire 018G,E01034443,880,226,71,155,654,542,112
2021,Huntingdonshire 021G,E01034444,958,230,78,152,728,638,90
2021,Huntingdonshire 021H,E01034445,966,220,63,157,746,648,98
2021,Milton Keynes 002G,E01034446,882,193,75,118,689,594,95
2021,Milton Keynes 002H,E01034447,652,172,54,118,480,405,75
2021,Milton Keynes 002I,E01034448,895,173,60,113,722,614,108
2021,Milton Keynes 010E,E01034449,988,260,81,179,728,623,105
2021,Milton Keynes 010F,E01034450,961,219,68,151,742,647,95
2021,Milton Keynes 024E,E01034451,1168,204,64,140,964,834,130
2021,Milton Keynes 024F,E01034452,1216,282,104,178,934,794,140
2021,Milton Keynes 032E,E01034453,1103,188,65,123,915,813,102
2021,Milton Keynes 032F,E01034454,754,248,93,155,506,453,53
2021,Milton Keynes 032G,E01034455,1053,192,53,139,861,753,108
2021,Milton Keynes 033C,E01034456,924,232,80,152,692,574,118
2021,Milton Keynes 033D,E01034457,1013,228,69,159,785,649,136
2021,Milton Keynes 034A,E01034458,1085,201,75,126,884,773,111
2021,Milton Keynes 034B,E01034459,983,206,64,142,777,671,106
2021,Milton Keynes 034D,E01034460,1000,171,59,112,829,735,94
2021,Milton Keynes 034E,E01034461,1018,236,75,161,782,709,73
2021,Milton Keynes 036A,E01034462,631,170,67,103,461,393,68
2021,Milton Keynes 036B,E01034463,1010,154,48,106,856,765,91
2021,Milton Keynes 036C,E01034464,896,147,48,99,749,658,91
2021,Milton Keynes 036F,E01034465,977,249,87,162,728,640,88
2021,Milton Keynes 037A,E01034466,1458,246,76,170,1212,1079,133
2021,Milton Keynes 037B,E01034467,1105,265,102,163,840,721,119
2021,Milton Keynes 037E,E01034468,359,97,52,45,262,217,45
2021,Barking and Dagenham 004F,E01034469,795,212,84,128,583,526,57
2021,Barking and Dagenham 004G,E01034470,680,230,72,158,450,391,59
2021,Barking and Dagenham 008G,E01034471,1118,369,112,257,749,629,120
2021,Barking and Dagenham 008H,E01034472,811,308,77,231,503,439,64
2021,Barking and Dagenham 015E,E01034473,543,170,63,107,373,324,49
2021,Barking and Dagenham 015F,E01034474,1071,281,114,167,790,706,84
2021,Barking and Dagenham 019F,E01034475,760,241,87,154,519,450,69
2021,Barking and Dagenham 019G,E01034476,783,250,92,158,533,462,71
2021,Barking and Dagenham 019H,E01034477,777,243,53,190,534,469,65
2021,Barking and Dagenham 019I,E01034478,710,146,51,95,564,496,68
2021,Barking and Dagenham 021G,E01034479,857,329,118,211,528,458,70
2021,Redbridge 023E,E01034480,526,198,64,134,328,289,39
2021,Redbridge 023F,E01034481,591,216,87,129,375,332,43
2021,Redbridge 032F,E01034482,562,114,45,69,448,411,37
2021,Redbridge 032G,E01034483,582,186,68,118,396,358,38
2021,Redbridge 032H,E01034484,686,240,91,149,446,397,49
2021,Waltham Forest 014F,E01034485,1168,300,103,197,868,759,109
2021,Waltham Forest 014G,E01034486,1208,156,67,89,1052,877,175
2021,Waltham Forest 020H,E01034487,553,203,68,135,350,300,50
2021,Waltham Forest 020I,E01034488,692,268,88,180,424,371,53
2021,County Durham 014F,E01034489,626,161,52,109,465,409,56
2021,County Durham 014G,E01034490,884,186,53,133,698,596,102
2021,County Durham 014H,E01034491,546,149,33,116,397,349,48
2021,County Durham 016H,E01034492,1028,286,67,219,742,660,82
2021,County Durham 030H,E01034493,802,561,463,98,241,181,60
2021,County Durham 031D,E01034494,787,198,54,144,589,507,82
2021,County Durham 031E,E01034495,621,188,52,136,433,380,53
2021,County Durham 033F,E01034496,622,189,85,104,433,329,104
2021,County Durham 033G,E01034497,767,184,66,118,583,495,88
2021,County Durham 033H,E01034498,678,217,119,98,461,369,92
2021,County Durham 033I,E01034499,965,239,64,175,726,629,97
2021,County Durham 039F,E01034500,875,260,84,176,615,536,79
2021,County Durham 049E,E01034501,779,283,89,194,496,456,40
2021,County Durham 049F,E01034502,872,154,42,112,718,622,96
2021,County Durham 052F,E01034503,791,164,47,117,627,551,76
2021,County Durham 052G,E01034504,617,151,40,111,466,407,59
2021,County Durham 053F,E01034505,658,167,53,114,491,441,50
2021,County Durham 053G,E01034506,466,121,38,83,345,303,42
2021,County Durham 053H,E01034507,652,146,40,106,506,445,61
2021,County Durham 053I,E01034508,890,181,55,126,709,605,104
2021,County Durham 057F,E01034509,841,212,46,166,629,563,66
2021,County Durham 057G,E01034510,426,131,28,103,295,250,45
2021,County Durham 067A,E01034511,976,296,127,169,680,465,215
2021,South Tyneside 013F,E01034512,613,183,49,134,430,383,47
2021,South Tyneside 013G,E01034513,709,182,44,138,527,457,70
2021,Sunderland 005H,E01034514,1124,390,110,280,734,656,78
2021,Sunderland 017F,E01034515,768,183,53,130,585,497,88
2021,Sunderland 017G,E01034516,973,205,50,155,768,647,121
2021,Sunderland 021G,E01034517,790,288,58,230,502,458,44
2021,Sunderland 030F,E01034518,779,208,52,156,571,487,84
2021,Sunderland 030G,E01034519,912,163,44,119,749,653,96
2021,Wiltshire 003E,E01034520,844,247,74,173,597,502,95
2021,Wiltshire 003F,E01034521,1215,276,84,192,939,805,134
2021,Wiltshire 013E,E01034522,719,233,106,127,486,369,117
2021,Wiltshire 013F,E01034523,762,169,58,111,593,484,109
2021,Wiltshire 016E,E01034524,434,138,51,87,296,254,42
2021,Wiltshire 016F,E01034525,658,176,61,115,482,417,65
2021,Wiltshire 018H,E01034526,595,178,55,123,417,356,61
2021,Wiltshire 018I,E01034527,823,261,92,169,562,459,103
2021,Wiltshire 021G,E01034528,773,198,70,128,575,445,130
2021,Wiltshire 021H,E01034529,757,201,65,136,556,464,92
2021,Wiltshire 021I,E01034530,933,262,89,173,671,561,110
2021,Wiltshire 027G,E01034531,531,155,53,102,376,307,69
2021,Wiltshire 027H,E01034532,568,186,68,118,382,310,72
2021,Wiltshire 031D,E01034533,1073,295,104,191,778,693,85
2021,Wiltshire 031E,E01034534,515,137,56,81,378,332,46
2021,Wiltshire 032E,E01034535,615,181,64,117,434,369,65
2021,Wiltshire 032F,E01034536,720,195,53,142,525,455,70
2021,Wiltshire 032G,E01034537,821,234,76,158,587,502,85
2021,Wiltshire 034E,E01034538,633,204,84,120,429,332,97
2021,Wiltshire 034F,E01034539,884,205,77,128,679,586,93
2021,Wiltshire 037D,E01034540,672,242,116,126,430,315,115
2021,Wiltshire 037E,E01034541,766,230,84,146,536,447,89
2021,Wiltshire 045G,E01034542,1214,244,69,175,970,714,256
2021,Wiltshire 045H,E01034543,706,146,37,109,560,437,123
2021,Wiltshire 048G,E01034544,878,210,66,144,668,594,74
2021,Wiltshire 048H,E01034545,735,181,62,119,554,474,80
2021,Wiltshire 048I,E01034546,892,175,52,123,717,622,95
2021,Wiltshire 057D,E01034547,757,180,48,132,577,495,82
2021,Wiltshire 057E,E01034548,807,244,70,174,563,483,80
2021,Wiltshire 057F,E01034549,753,198,67,131,555,476,79
2021,Wiltshire 057G,E01034550,571,180,64,116,391,328,63
2021,Wiltshire 063A,E01034551,925,268,104,164,657,553,104
2021,Wiltshire 063B,E01034552,862,243,85,158,619,528,91
2021,Wiltshire 065C,E01034553,750,178,46,132,572,467,105
2021,Wiltshire 065D,E01034554,855,197,52,145,658,540,118
2021,Wiltshire 065E,E01034555,1335,255,85,170,1080,818,262
2021,Wiltshire 066B,E01034556,845,177,34,143,668,566,102
2021,Wiltshire 066D,E01034557,1404,238,64,174,1166,912,254
2021,Wiltshire 066E,E01034558,802,163,50,113,639,485,154
2021,Babergh 004G,E01034559,826,248,83,165,578,459,119
2021,Babergh 004H,E01034560,619,215,75,140,404,336,68
2021,West Suffolk 001C,E01034561,896,215,66,149,681,531,150
2021,West Suffolk 001D,E01034562,1249,111,34,77,1138,798,340
2021,West Suffolk 001E,E01034563,710,107,47,60,603,482,121
2021,West Suffolk 003E,E01034564,625,140,47,93,485,381,104
2021,West Suffolk 003F,E01034565,643,167,61,106,476,396,80
2021,West Suffolk 007E,E01034566,1073,227,69,158,846,670,176
2021,West Suffolk 007F,E01034567,669,129,43,86,540,468,72
2021,West Suffolk 008E,E01034568,658,141,61,80,517,388,129
2021,West Suffolk 008F,E01034569,621,172,58,114,449,377,72
2021,Mid Suffolk 003D,E01034570,769,255,97,158,514,402,112
2021,Mid Suffolk 003E,E01034571,470,172,79,93,298,227,71
2021,West Suffolk 016C,E01034572,696,207,82,125,489,390,99
2021,West Suffolk 016D,E01034573,807,178,61,117,629,514,115
2021,West Suffolk 018C,E01034574,757,299,138,161,458,369,89
2021,West Suffolk 018D,E01034575,494,171,69,102,323,256,67
2021,Kingston upon Thames 004H,E01034576,665,143,75,68,522,427,95
2021,Kingston upon Thames 004I,E01034577,731,151,72,79,580,485,95
2021,Merton 001F,E01034578,529,142,56,86,387,314,73
2021,Merton 001G,E01034579,1168,203,71,132,965,778,187
2021,Merton 005F,E01034580,857,164,69,95,693,574,119
2021,Merton 005G,E01034581,1014,188,85,103,826,707,119
2021,Calderdale 008G,E01034582,590,148,51,97,442,397,45
2021,Calderdale 008H,E01034583,457,104,28,76,353,307,46
2021,Kirklees 017F,E01034584,693,245,74,171,448,399,49
2021,Kirklees 017G,E01034585,574,221,73,148,353,313,40
2021,Kirklees 030E,E01034586,715,201,59,142,514,448,66
2021,Kirklees 030F,E01034587,884,187,47,140,697,621,76
2021,Kirklees 053G,E01034588,1016,317,111,206,699,579,120
2021,Harrow 002F,E01034589,973,313,134,179,660,541,119
2021,Harrow 002G,E01034590,763,148,58,90,615,497,118
2021,Harrow 013F,E01034591,903,294,91,203,609,515,94
2021,Harrow 013G,E01034592,472,150,63,87,322,272,50
2021,Harrow 015E,E01034593,702,200,76,124,502,426,76
2021,Harrow 015F,E01034594,832,205,81,124,627,543,84
2021,Harrow 023E,E01034595,686,180,63,117,506,441,65
2021,Harrow 023F,E01034596,766,127,44,83,639,556,83
2021,Harrow 023G,E01034597,666,142,57,85,524,455,69
2021,Harrow 023H,E01034598,840,120,48,72,720,624,96
2021,Harrow 027E,E01034599,774,260,89,171,514,440,74
2021,Harrow 027F,E01034600,963,290,115,175,673,583,90
2021,Hillingdon 015G,E01034601,697,190,77,113,507,443,64
2021,Hillingdon 015H,E01034602,750,164,65,99,586,500,86
2021,Hillingdon 015I,E01034603,803,145,62,83,658,564,94
2021,Hillingdon 015J,E01034604,653,180,74,106,473,410,63
2021,Hillingdon 015K,E01034605,828,182,71,111,646,554,92
2021,Hillingdon 016G,E01034606,781,338,188,150,443,368,75
2021,Hillingdon 016H,E01034607,802,321,147,174,481,397,84
2021,Hillingdon 022G,E01034608,1227,258,84,174,969,851,118
2021,Hillingdon 022H,E01034609,954,226,81,145,728,639,89
2021,Hillingdon 027G,E01034610,718,212,70,142,506,440,66
2021,Hillingdon 027H,E01034611,537,167,40,127,370,338,32
2021,Hillingdon 027I,E01034612,910,288,101,187,622,553,69
2021,Hillingdon 027J,E01034613,602,122,55,67,480,416,64
2021,Hillingdon 028F,E01034614,955,194,76,118,761,670,91
2021,Hillingdon 028G,E01034615,1048,280,95,185,768,680,88
2021,Hillingdon 030F,E01034616,804,181,78,103,623,550,73
2021,Hillingdon 030G,E01034617,1125,345,119,226,780,692,88
2021,East Devon 005F,E01034618,774,291,105,186,483,411,72
2021,East Devon 005G,E01034619,729,267,100,167,462,356,106
2021,East Devon 021C,E01034620,952,319,90,229,633,525,108
2021,East Devon 021D,E01034621,971,253,71,182,718,597,121
2021,East Devon 021E,E01034622,1078,255,94,161,823,722,101
2021,East Devon 021F,E01034623,862,296,103,193,566,442,124
2021,East Devon 022A,E01034624,1146,260,58,202,886,793,93
2021,East Devon 022B,E01034625,922,230,60,170,692,611,81
2021,East Devon 022C,E01034626,770,185,44,141,585,506,79
2021,East Devon 022D,E01034627,652,177,44,133,475,406,69
2021,Exeter 001G,E01034628,761,419,271,148,342,275,67
2021,Exeter 001H,E01034629,652,353,234,119,299,255,44
2021,Exeter 008F,E01034630,573,180,87,93,393,327,66
2021,Exeter 008G,E01034631,544,181,77,104,363,332,31
2021,Exeter 011H,E01034632,531,194,91,103,337,281,56
2021,Exeter 011I,E01034633,1152,349,96,253,803,685,118
2021,Exeter 015G,E01034634,872,254,77,177,618,532,86
2021,Exeter 015H,E01034635,556,175,49,126,381,320,61
2021,Mid Devon 002E,E01034636,853,245,74,171,608,492,116
2021,Mid Devon 002F,E01034637,886,241,73,168,645,561,84
2021,North Devon 012F,E01034638,779,247,78,169,532,443,89
2021,North Devon 012G,E01034639,674,225,67,158,449,391,58
2021,Torridge 002D,E01034640,389,147,46,101,242,197,45
2021,Torridge 002E,E01034641,519,184,70,114,335,275,60
2021,West Devon 001E,E01034642,743,285,107,178,458,303,155
2021,West Devon 001F,E01034643,896,285,93,192,611,520,91
2021,Bolsover 001F,E01034644,587,192,64,128,395,329,66
2021,Bolsover 001G,E01034645,735,163,35,128,572,472,100
2021,Bolsover 006E,E01034646,814,216,50,166,598,527,71
2021,Bolsover 006F,E01034647,912,207,58,149,705,621,84
2021,North East Derbyshire 012E,E01034648,696,215,52,163,481,408,73
2021,North East Derbyshire 012F,E01034649,441,136,40,96,305,249,56
2021,South Derbyshire 003F,E01034650,1413,259,74,185,1154,1032,122
2021,South Derbyshire 003G,E01034651,574,172,59,113,402,334,68
2021,South Derbyshire 004E,E01034652,902,221,68,153,681,596,85
2021,South Derbyshire 004F,E01034653,876,192,48,144,684,593,91
2021,South Derbyshire 012F,E01034654,1124,247,73,174,877,735,142
2021,South Derbyshire 012G,E01034655,998,203,60,143,795,672,123
2021,South Derbyshire 013E,E01034656,825,208,75,133,617,507,110
2021,South Derbyshire 013F,E01034657,970,214,63,151,756,629,127
2021,Cheshire East 003F,E01034658,1083,362,132,230,721,604,117
2021,Cheshire East 016F,E01034659,653,182,61,121,471,422,49
2021,Cheshire East 016G,E01034660,551,154,44,110,397,356,41
2021,Cheshire East 020E,E01034661,458,150,69,81,308,223,85
2021,Cheshire East 020F,E01034662,959,316,141,175,643,491,152
2021,Cheshire East 022D,E01034663,1195,308,118,190,887,704,183
2021,Cheshire East 022E,E01034664,715,240,98,142,475,338,137
2021,Cheshire East 031E,E01034665,672,169,51,118,503,423,80
2021,Cheshire East 031F,E01034666,812,205,64,141,607,510,97
2021,Cheshire East 033H,E01034667,664,190,74,116,474,359,115
2021,Cheshire East 033I,E01034668,977,252,103,149,725,588,137
2021,Cheshire East 036F,E01034669,648,150,49,101,498,434,64
2021,Cheshire East 036G,E01034670,790,169,46,123,621,566,55
2021,Cheshire East 041F,E01034671,663,168,71,97,495,378,117
2021,Cheshire East 041G,E01034672,445,144,51,93,301,250,51
2021,Cheshire East 041H,E01034673,743,190,78,112,553,412,141
2021,Cheshire East 052A,E01034674,937,203,62,141,734,597,137
2021,Cheshire East 052B,E01034675,836,286,136,150,550,389,161
2021,Cheshire East 052C,E01034676,610,156,60,96,454,367,87
2021,Cheshire East 052D,E01034677,700,209,90,119,491,369,122
2021,Cheshire East 052E,E01034678,718,167,50,117,551,449,102
2021,Boston 002F,E01034679,758,178,38,140,580,492,88
2021,Boston 002G,E01034680,773,186,56,130,587,530,57
2021,Boston 003E,E01034681,755,188,64,124,567,488,79
2021,Boston 003F,E01034682,967,202,53,149,765,648,117
2021,Boston 009E,E01034683,744,193,54,139,551,462,89
2021,Boston 009F,E01034684,818,223,54,169,595,501,94
2021,East Lindsey 012E,E01034685,353,159,42,117,194,155,39
2021,East Lindsey 012F,E01034686,771,222,58,164,549,461,88
2021,Lincoln 005E,E01034687,546,218,106,112,328,287,41
2021,Lincoln 005F,E01034688,563,266,171,95,297,251,46
2021,Lincoln 007E,E01034689,634,174,43,131,460,395,65
2021,Lincoln 007F,E01034690,778,194,69,125,584,495,89
2021,Lincoln 008E,E01034691,748,391,244,147,357,321,36
2021,Lincoln 008F,E01034692,759,228,91,137,531,482,49
2021,North Kesteven 003I,E01034693,1078,233,83,150,845,719,126
2021,North Kesteven 003J,E01034694,1096,260,79,181,836,701,135
2021,North Kesteven 011F,E01034695,1131,252,79,173,879,724,155
2021,North Kesteven 011G,E01034696,776,230,62,168,546,451,95
2021,South Holland 006H,E01034697,853,204,67,137,649,532,117
2021,South Holland 006I,E01034698,1000,218,74,144,782,647,135
2021,South Holland 009F,E01034699,798,155,39,116,643,508,135
2021,South Holland 009G,E01034700,712,170,47,123,542,444,98
2021,South Kesteven 004F,E01034701,883,176,55,121,707,586,121
2021,South Kesteven 004G,E01034702,803,208,82,126,595,505,90
2021,South Kesteven 010E,E01034703,565,159,56,103,406,348,58
2021,South Kesteven 010F,E01034704,832,173,63,110,659,551,108
2021,South Kesteven 010G,E01034705,795,175,56,119,620,529,91
2021,West Lindsey 009E,E01034706,814,221,51,170,593,500,93
2021,West Lindsey 009F,E01034707,621,201,80,121,420,319,101
2021,Basingstoke and Deane 005F,E01034708,735,160,56,104,575,476,99
2021,Basingstoke and Deane 005G,E01034709,729,133,49,84,596,527,69
2021,Basingstoke and Deane 005H,E01034710,774,135,38,97,639,542,97
2021,Basingstoke and Deane 006E,E01034711,966,181,58,123,785,651,134
2021,Basingstoke and Deane 006F,E01034712,1108,249,96,153,859,707,152
2021,Basingstoke and Deane 007K,E01034713,880,179,60,119,701,617,84
2021,Basingstoke and Deane 007L,E01034714,860,226,73,153,634,563,71
2021,Basingstoke and Deane 009E,E01034715,894,209,74,135,685,611,74
2021,Basingstoke and Deane 009F,E01034716,866,126,52,74,740,673,67
2021,Basingstoke and Deane 010H,E01034717,651,105,41,64,546,494,52
2021,Basingstoke and Deane 010I,E01034718,1260,247,84,163,1013,893,120
2021,East Hampshire 003G,E01034719,811,255,95,160,556,463,93
2021,East Hampshire 003H,E01034720,824,268,93,175,556,471,85
2021,East Hampshire 008F,E01034721,663,192,58,134,471,409,62
2021,East Hampshire 008G,E01034722,956,234,100,134,722,593,129
2021,Hart 008F,E01034723,557,179,78,101,378,284,94
2021,Hart 008G,E01034724,919,201,79,122,718,578,140
2021,Hart 010F,E01034725,1069,228,67,161,841,684,157
2021,Hart 010G,E01034726,1177,292,86,206,885,715,170
2021,Rushmoor 008E,E01034727,1238,232,81,151,1006,832,174
2021,Rushmoor 008F,E01034728,849,178,41,137,671,571,100
2021,Rushmoor 008G,E01034729,738,165,58,107,573,465,108
2021,Rushmoor 008H,E01034730,645,159,57,102,486,444,42
2021,Winchester 013H,E01034731,908,186,62,124,722,616,106
2021,Winchester 013I,E01034732,656,204,84,120,452,351,101
2021,Winchester 014F,E01034733,874,247,105,142,627,490,137
2021,Winchester 014G,E01034734,896,219,74,145,677,541,136
2021,Coventry 015G,E01034735,850,196,53,143,654,594,60
2021,Coventry 015H,E01034736,639,237,67,170,402,359,43
2021,Coventry 020F,E01034737,724,208,71,137,516,465,51
2021,Coventry 020G,E01034738,582,164,69,95,418,359,59
2021,Coventry 025E,E01034739,924,177,72,105,747,674,73
2021,Coventry 025F,E01034740,803,222,85,137,581,504,77
2021,Coventry 028E,E01034741,438,237,138,99,201,183,18
2021,Coventry 028F,E01034742,429,195,101,94,234,208,26
2021,Coventry 031E,E01034743,368,200,131,69,168,143,25
2021,Coventry 031F,E01034744,687,406,242,164,281,245,36
2021,Coventry 035I,E01034745,684,148,44,104,536,477,59
2021,Coventry 035J,E01034746,560,220,56,164,340,306,34
2021,Coventry 036H,E01034747,679,241,75,166,438,393,45
2021,Coventry 036I,E01034748,437,170,61,109,267,245,22
2021,Coventry 038G,E01034749,834,267,103,164,567,502,65
2021,Coventry 038H,E01034750,1516,311,97,214,1205,1092,113
2021,West Oxfordshire 004I,E01034751,757,233,80,153,524,412,112
2021,East Riding of Yorkshire 001G,E01034752,507,198,72,126,309,259,50
2021,East Riding of Yorkshire 001H,E01034753,393,134,47,87,259,212,47
2021,East Riding of Yorkshire 011H,E01034754,582,181,67,114,401,336,65
2021,East Riding of Yorkshire 011I,E01034755,862,250,80,170,612,504,108
2021,East Riding of Yorkshire 024F,E01034756,1210,367,140,227,843,636,207
2021,East Riding of Yorkshire 032I,E01034757,663,177,54,123,486,407,79
2021,East Riding of Yorkshire 032J,E01034758,979,238,83,155,741,626,115
2021,East Riding of Yorkshire 044E,E01034759,852,265,80,185,587,473,114
2021,East Riding of Yorkshire 044F,E01034760,698,226,78,148,472,388,84
2021,York 023D,E01034761,818,242,82,160,576,506,70
2021,York 023E,E01034762,597,179,56,123,418,335,83
2021,Lancaster 015E,E01034763,907,386,208,178,521,476,45
2021,Ribble Valley 008H,E01034764,945,255,92,163,690,576,114
2021,Broadland 013F,E01034765,972,232,73,159,740,634,106
2021,Broadland 013G,E01034766,644,185,58,127,459,410,49
2021,Great Yarmouth 013E,E01034767,827,292,84,208,535,430,105
2021,King's Lynn and West Norfolk 011G,E01034768,518,141,51,90,377,312,65
2021,King's Lynn and West Norfolk 011H,E01034769,545,147,39,108,398,337,61
2021,King's Lynn and West Norfolk 017I,E01034770,406,114,41,73,292,242,50
2021,King's Lynn and West Norfolk 017J,E01034771,619,156,38,118,463,374,89
2021,King's Lynn and West Norfolk 017K,E01034772,301,84,34,50,217,170,47
2021,King's Lynn and West Norfolk 017L,E01034773,419,124,40,84,295,244,51
2021,North Norfolk 005D,E01034774,366,141,59,82,225,175,50
2021,North Norfolk 005E,E01034775,580,227,73,154,353,280,73
2021,North Norfolk 006E,E01034776,891,369,139,230,522,421,101
2021,Cheltenham 007G,E01034777,838,200,70,130,638,569,69
2021,Cheltenham 007H,E01034778,679,140,43,97,539,494,45
2021,Cheltenham 012H,E01034779,949,233,76,157,716,642,74
2021,Cheltenham 012I,E01034780,746,241,87,154,505,403,102
2021,Cotswold 002F,E01034781,944,276,103,173,668,533,135
2021,Cotswold 002G,E01034782,648,211,80,131,437,356,81
2021,Cotswold 003E,E01034783,722,212,93,119,510,407,103
2021,Cotswold 003F,E01034784,663,218,85,133,445,353,92
2021,Cotswold 003G,E01034785,750,265,129,136,485,372,113
2021,Cotswold 003H,E01034786,851,246,88,158,605,485,120
2021,Cotswold 010D,E01034787,840,246,104,142,594,470,124
2021,Cotswold 010E,E01034788,587,201,79,122,386,319,67
2021,Cotswold 011G,E01034789,758,172,67,105,586,478,108
2021,Cotswold 011H,E01034790,791,246,112,134,545,393,152
2021,Gloucester 004G,E01034791,761,203,66,137,558,468,90
2021,Gloucester 004H,E01034792,722,195,95,100,527,471,56
2021,Gloucester 004I,E01034793,878,227,93,134,651,582,69
2021,Gloucester 004J,E01034794,1017,292,101,191,725,622,103
2021,Gloucester 015I,E01034795,1146,312,81,231,834,709,125
2021,Gloucester 015J,E01034796,1071,293,81,212,778,680,98
2021,Gloucester 015K,E01034797,771,226,64,162,545,471,74
2021,Gloucester 015L,E01034798,1053,290,76,214,763,674,89
2021,Stroud 001E,E01034799,966,241,71,170,725,630,95
2021,Stroud 001F,E01034800,960,306,114,192,654,521,133
2021,Stroud 001G,E01034801,944,338,145,193,606,467,139
2021,Stroud 001H,E01034802,1152,288,83,205,864,752,112
2021,Stroud 006F,E01034803,665,213,71,142,452,392,60
2021,Stroud 006G,E01034804,650,226,87,139,424,368,56
2021,Tewkesbury 008D,E01034805,871,252,94,158,619,516,103
2021,Tewkesbury 008E,E01034806,526,172,72,100,354,280,74
2021,Tewkesbury 009F,E01034807,770,211,63,148,559,479,80
2021,Tewkesbury 009G,E01034808,1035,226,65,161,809,726,83
2021,Tewkesbury 009H,E01034809,802,163,39,124,639,566,73
2021,Tewkesbury 009I,E01034810,1093,303,94,209,790,673,117
2021,Tewkesbury 010A,E01034811,836,251,80,171,585,501,84
2021,Tewkesbury 010B,E01034812,611,136,36,100,475,413,62
2021,Tewkesbury 011A,E01034813,582,171,48,123,411,358,53
2021,Tewkesbury 011B,E01034814,526,176,62,114,350,300,50
2021,Tewkesbury 011D,E01034815,640,222,52,170,418,364,54
2021,Arun 004F,E01034816,1122,346,113,233,776,650,126
2021,Arun 004G,E01034817,1085,345,111,234,740,632,108
2021,Arun 004H,E01034818,780,255,83,172,525,441,84
2021,Arun 004I,E01034819,830,263,109,154,567,471,96
2021,Arun 005F,E01034820,1091,375,117,258,716,586,130
2021,Arun 005G,E01034821,856,254,87,167,602,517,85
2021,Arun 012F,E01034822,1031,277,104,173,754,620,134
2021,Arun 012G,E01034823,929,279,97,182,650,570,80
2021,Arun 015F,E01034824,900,267,67,200,633,554,79
2021,Arun 015G,E01034825,779,277,98,179,502,408,94
2021,Worthing 006F,E01034826,871,277,93,184,594,514,80
2021,Worthing 006G,E01034827,978,255,74,181,723,633,90
2021,Worthing 007F,E01034828,787,252,78,174,535,469,66
2021,Worthing 007G,E01034829,807,214,58,156,593,527,66
2021,Worthing 011F,E01034830,548,183,71,112,365,321,44
2021,Worthing 011G,E01034831,737,181,68,113,556,481,75
2021,Knowsley 006E,E01034832,435,124,30,94,311,289,22
2021,Knowsley 006F,E01034833,1110,304,89,215,806,700,106
2021,Knowsley 007F,E01034834,508,162,41,121,346,309,37
2021,Knowsley 007G,E01034835,605,130,36,94,475,419,56
2021,Wirral 010G,E01034836,479,163,45,118,316,283,33
2021,Wirral 010H,E01034837,760,206,49,157,554,503,51
2021,Wirral 016F,E01034838,369,123,35,88,246,224,22
2021,Wirral 016G,E01034839,492,126,56,70,366,309,57
2021,Wirral 036F,E01034840,723,216,60,156,507,458,49
2021,Wirral 036G,E01034841,838,167,41,126,671,581,90
2021,Sheffield 022I,E01034842,915,388,113,275,527,483,44
2021,Sheffield 036F,E01034843,1094,405,239,166,689,591,98
2021,Sheffield 074F,E01034844,672,260,137,123,412,358,54
2021,Sheffield 076G,E01034845,571,169,33,136,402,359,43
2021,Sheffield 076H,E01034846,553,176,52,124,377,333,44
2021,Cornwall 005F,E01034847,961,266,76,190,695,574,121
2021,Cornwall 005G,E01034848,935,280,79,201,655,542,113
2021,Cornwall 016E,E01034849,643,206,57,149,437,355,82
2021,Cornwall 016F,E01034850,623,189,45,144,434,365,69
2021,Cornwall 016G,E01034851,526,189,66,123,337,289,48
2021,Cornwall 016H,E01034852,738,256,93,163,482,357,125
2021,Cornwall 018E,E01034853,668,206,53,153,462,389,73
2021,Cornwall 018F,E01034854,794,208,46,162,586,485,101
2021,Cornwall 018G,E01034855,838,252,76,176,586,495,91
2021,Cornwall 036F,E01034856,621,222,102,120,399,305,94
2021,Cornwall 036G,E01034857,577,185,60,125,392,316,76
2021,Cornwall 037E,E01034858,949,381,147,234,568,436,132
2021,Cornwall 040E,E01034859,696,253,81,172,443,352,91
2021,Cornwall 040F,E01034860,741,281,109,172,460,365,95
2021,Cornwall 043G,E01034862,724,204,76,128,520,445,75
2021,Cornwall 043H,E01034863,1101,327,85,242,774,641,133
2021,Cornwall 044E,E01034864,425,110,44,66,315,264,51
2021,Cornwall 044F,E01034865,576,171,62,109,405,335,70
2021,Cornwall 052E,E01034866,714,248,60,188,466,412,54
2021,Cornwall 052F,E01034867,705,199,38,161,506,437,69
2021,Cornwall 057F,E01034868,683,251,69,182,432,377,55
2021,Cornwall 057G,E01034869,682,279,69,210,403,345,58
2021,Birmingham 014F,E01034913,462,150,58,92,312,273,39
2021,Birmingham 014G,E01034914,651,211,77,134,440,397,43
2021,Birmingham 023G,E01034915,516,189,49,140,327,297,30
2021,Birmingham 023H,E01034916,724,191,61,130,533,478,55
2021,Birmingham 035H,E01034917,539,210,73,137,329,299,30
2021,Birmingham 035I,E01034918,544,245,72,173,299,279,20
2021,Birmingham 037G,E01034919,504,255,87,168,249,237,12
2021,Birmingham 037H,E01034920,525,250,73,177,275,251,24
2021,Birmingham 039I,E01034921,446,179,57,122,267,237,30
2021,Birmingham 039J,E01034922,575,218,72,146,357,323,34
2021,Birmingham 041H,E01034923,497,251,93,158,246,234,12
2021,Birmingham 041I,E01034924,471,224,56,168,247,231,16
2021,Birmingham 041J,E01034925,513,221,59,162,292,266,26
2021,Birmingham 041K,E01034926,414,193,63,130,221,201,20
2021,Birmingham 043D,E01034927,480,273,91,182,207,195,12
2021,Birmingham 043E,E01034928,342,180,56,124,162,149,13
2021,Birmingham 050G,E01034929,420,237,72,165,183,169,14
2021,Birmingham 050H,E01034930,745,330,159,171,415,375,40
2021,Birmingham 051F,E01034931,551,266,111,155,285,264,21
2021,Birmingham 051G,E01034932,384,190,69,121,194,176,18
2021,Birmingham 052G,E01034933,427,188,56,132,239,213,26
2021,Birmingham 052H,E01034934,413,185,49,136,228,200,28
2021,Birmingham 058G,E01034935,871,465,137,328,406,371,35
2021,Birmingham 079G,E01034936,582,252,172,80,330,254,76
2021,Birmingham 079H,E01034937,634,216,130,86,418,336,82
2021,Birmingham 088F,E01034938,635,255,81,174,380,341,39
2021,Birmingham 088G,E01034939,518,175,73,102,343,303,40
2021,Birmingham 096H,E01034940,366,207,143,64,159,142,17
2021,Birmingham 096I,E01034941,348,261,209,52,87,78,9
2021,Birmingham 125H,E01034942,883,226,72,154,657,600,57
2021,Birmingham 125I,E01034943,581,205,68,137,376,335,41
2021,Birmingham 129E,E01034944,497,150,37,113,347,315,32
2021,Birmingham 129F,E01034945,659,160,53,107,499,432,67
2021,Birmingham 135E,E01034946,565,143,59,84,422,376,46
2021,Birmingham 135F,E01034947,695,206,61,145,489,436,53
2021,Birmingham 136E,E01034948,857,225,84,141,632,552,80
2021,Birmingham 136F,E01034949,634,147,54,93,487,429,58
2021,Birmingham 137F,E01034950,908,95,34,61,813,695,118
2021,Birmingham 137G,E01034951,780,157,58,99,623,543,80
2021,Birmingham 142B,E01034952,403,183,60,123,220,199,21
2021,Birmingham 142C,E01034953,479,240,70,170,239,231,8
2021,Birmingham 143A,E01034954,538,228,51,177,310,285,25
2021,Birmingham 143B,E01034955,677,317,95,222,360,336,24
2021,Craven 006E,E01034956,678,231,92,139,447,395,52
2021,Craven 006F,E01034957,596,176,70,106,420,359,61
2021,Hambleton 007F,E01034958,1561,333,102,231,1228,979,249
2021,Hambleton 009E,E01034959,959,257,73,184,702,580,122
2021,Hambleton 009F,E01034960,624,177,61,116,447,368,79
2021,Hambleton 012A,E01034961,657,189,64,125,468,384,84
2021,Hambleton 012B,E01034962,522,166,66,100,356,291,65
2021,Harrogate 008E,E01034963,615,206,76,130,409,314,95
2021,Harrogate 008F,E01034964,936,230,104,126,706,481,225
2021,Richmondshire 004I,E01034965,1330,331,106,225,999,730,269
2021,Richmondshire 004J,E01034966,1006,281,81,200,725,609,116
2021,Richmondshire 004K,E01034967,942,268,84,184,674,563,111
2021,Ryedale 009B,E01034968,950,229,59,170,721,598,123
2021,Ryedale 009C,E01034969,821,217,59,158,604,504,100
2021,Ryedale 009D,E01034970,630,199,57,142,431,361,70
2021,Ryedale 009E,E01034971,682,207,64,143,475,400,75
2021,Scarborough 001F,E01034972,906,358,146,212,548,423,125
2021,Scarborough 004G,E01034973,829,319,144,175,510,364,146
2021,Scarborough 006F,E01034974,1348,483,150,333,865,729,136
2021,Selby 004F,E01034975,924,185,52,133,739,614,125
2021,Selby 004G,E01034976,1026,244,83,161,782,662,120
2021,Selby 004H,E01034977,707,214,77,137,493,385,108
2021,Selby 004I,E01034978,751,186,57,129,565,467,98
2021,Selby 005G,E01034979,739,188,56,132,551,465,86
2021,Selby 005H,E01034980,591,140,26,114,451,380,71
2021,Selby 005I,E01034981,752,221,65,156,531,467,64
2021,Selby 005J,E01034982,634,179,53,126,455,393,62
2021,Selby 005K,E01034983,878,212,59,153,666,566,100
2021,Selby 006F,E01034984,1144,347,132,215,797,688,109
2021,Ashford 005F,E01034985,719,180,70,110,539,447,92
2021,Ashford 005G,E01034986,823,155,49,106,668,565,103
2021,Ashford 010E,E01034987,920,218,82,136,702,590,112
2021,Ashford 010F,E01034988,836,216,79,137,620,478,142
2021,Ashford 010G,E01034989,890,263,98,165,627,493,134
2021,Maidstone 001F,E01034990,1281,344,131,213,937,754,183
2021,Maidstone 004H,E01034991,635,152,67,85,483,408,75
2021,Maidstone 004I,E01034992,500,115,40,75,385,330,55
2021,Maidstone 011E,E01034993,695,250,91,159,445,358,87
2021,Maidstone 011F,E01034994,908,250,77,173,658,542,116
2021,Maidstone 013H,E01034995,676,198,52,146,478,402,76
2021,Maidstone 013I,E01034996,482,165,40,125,317,257,60
2021,Maidstone 015F,E01034997,784,201,60,141,583,481,102
2021,Maidstone 015G,E01034998,709,201,68,133,508,413,95
2021,Maidstone 015H,E01034999,864,173,58,115,691,568,123
2021,Sevenoaks 008F,E01035000,875,225,75,150,650,534,116
2021,Sevenoaks 008G,E01035001,754,169,63,106,585,509,76
2021,Tonbridge and Malling 001G,E01035002,736,181,57,124,555,454,101
2021,Tonbridge and Malling 001H,E01035003,816,178,52,126,638,524,114
2021,Tonbridge and Malling 001I,E01035004,754,186,52,134,568,470,98
2021,Tonbridge and Malling 002H,E01035005,657,164,49,115,493,400,93
2021,Tonbridge and Malling 002I,E01035006,694,169,45,124,525,440,85
2021,Tonbridge and Malling 002J,E01035007,794,148,60,88,646,525,121
2021,Tonbridge and Malling 012G,E01035008,878,164,54,110,714,605,109
2021,Tonbridge and Malling 012H,E01035009,948,229,67,162,719,617,102
2021,Tonbridge and Malling 014G,E01035010,873,189,67,122,684,546,138
2021,Tonbridge and Malling 014H,E01035011,749,218,88,130,531,424,107
2021,Tunbridge Wells 008E,E01035012,659,145,50,95,514,427,87
2021,Tunbridge Wells 008F,E01035013,1023,210,83,127,813,667,146
2021,Nuneaton and Bedworth 001F,E01035014,1205,258,90,168,947,801,146
2021,Nuneaton and Bedworth 001G,E01035015,786,220,60,160,566,487,79
2021,Nuneaton and Bedworth 002G,E01035016,702,218,61,157,484,416,68
2021,Nuneaton and Bedworth 002H,E01035017,963,204,52,152,759,656,103
2021,Nuneaton and Bedworth 003F,E01035018,861,215,59,156,646,555,91
2021,Nuneaton and Bedworth 003G,E01035019,876,194,66,128,682,590,92
2021,Rugby 002G,E01035020,1069,161,57,104,908,803,105
2021,Rugby 002H,E01035021,1088,260,88,172,828,707,121
2021,Rugby 007I,E01035022,842,207,67,140,635,541,94
2021,Rugby 007J,E01035023,911,231,85,146,680,593,87
2021,Rugby 012F,E01035024,1036,233,82,151,803,681,122
2021,Rugby 012G,E01035025,570,172,70,102,398,306,92
2021,Rugby 013D,E01035026,786,170,57,113,616,484,132
2021,Rugby 014A,E01035027,907,169,63,106,738,653,85
2021,Rugby 014B,E01035028,849,183,63,120,666,572,94
2021,Rugby 014E,E01035029,1030,186,56,130,844,719,125
2021,Stratford-on-Avon 008H,E01035030,671,209,91,118,462,375,87
2021,Stratford-on-Avon 008I,E01035031,951,235,74,161,716,601,115
2021,Stratford-on-Avon 009G,E01035032,864,253,85,168,611,518,93
2021,Stratford-on-Avon 009H,E01035033,1025,282,91,191,743,632,111
2021,Stratford-on-Avon 014E,E01035034,699,206,85,121,493,375,118
2021,Stratford-on-Avon 014F,E01035035,977,236,73,163,741,629,112
2021,Stratford-on-Avon 014G,E01035036,803,215,78,137,588,477,111
2021,Warwick 012G,E01035037,756,157,44,113,599,512,87
2021,Warwick 012H,E01035038,1025,239,78,161,786,653,133
2021,Warwick 012I,E01035039,646,162,44,118,484,399,85
2021,Leeds 044G,E01035040,765,406,203,203,359,331,28
2021,Leeds 044H,E01035041,590,263,136,127,327,292,35
2021,Leeds 055I,E01035042,445,249,147,102,196,173,23
2021,Leeds 055J,E01035043,398,228,140,88,170,151,19
2021,Leeds 063F,E01035044,598,320,212,108,278,257,21
2021,Leeds 063G,E01035045,549,134,61,73,415,384,31
2021,Leeds 082G,E01035046,942,78,25,53,864,758,106
2021,Leeds 082H,E01035047,762,188,73,115,574,515,59
2021,Leeds 099G,E01035048,1053,246,69,177,807,736,71
2021,Leeds 099H,E01035049,904,185,50,135,719,628,91
2021,Leeds 105G,E01035050,865,220,48,172,645,570,75
2021,Leeds 105H,E01035051,974,209,61,148,765,683,82
2021,Leeds 105I,E01035052,772,164,54,110,608,525,83
2021,Leeds 105J,E01035053,986,233,55,178,753,663,90
2021,Leeds 112F,E01035054,1966,183,90,93,1783,1567,216
2021,Herefordshire 011E,E01035055,843,249,79,170,594,467,127
2021,Herefordshire 011F,E01035056,821,231,76,155,590,489,101
2021,Shropshire 009E,E01035057,846,201,89,112,645,436,209
2021,Shropshire 009F,E01035058,563,169,67,102,394,278,116
2021,Shropshire 016E,E01035059,1043,269,80,189,774,670,104
2021,Shropshire 016F,E01035060,766,232,62,170,534,482,52
2021,Shropshire 019E,E01035061,661,159,54,105,502,439,63
2021,Shropshire 019F,E01035062,704,207,78,129,497,426,71
2021,Shropshire 019G,E01035063,615,166,80,86,449,338,111
2021,Shropshire 019H,E01035064,463,125,45,80,338,278,60
2021,Shropshire 020F,E01035065,693,214,82,132,479,398,81
2021,Shropshire 020G,E01035066,950,262,77,185,688,564,124
2021,Shropshire 024E,E01035067,801,245,94,151,556,417,139
2021,Shropshire 024F,E01035068,832,242,91,151,590,472,118
2021,Shropshire 025F,E01035069,823,212,75,137,611,490,121
2021,Shropshire 025G,E01035070,965,222,72,150,743,626,117
2021,Shropshire 030F,E01035071,1109,406,151,255,703,509,194
2021,Shropshire 036F,E01035072,1121,393,163,230,728,505,223
2021,Telford and Wrekin 009F,E01035073,783,153,39,114,630,564,66
2021,Telford and Wrekin 009G,E01035074,1074,210,60,150,864,751,113
2021,Telford and Wrekin 009H,E01035075,632,101,28,73,531,489,42
2021,Telford and Wrekin 024A,E01035076,1188,221,66,155,967,836,131
2021,Telford and Wrekin 024B,E01035077,590,187,58,129,403,347,56
2021,Telford and Wrekin 024D,E01035078,970,188,54,134,782,683,99
2021,Telford and Wrekin 025A,E01035079,789,180,55,125,609,540,69
2021,Telford and Wrekin 025B,E01035080,865,177,51,126,688,577,111
2021,Telford and Wrekin 025C,E01035081,779,195,60,135,584,488,96
2021,Telford and Wrekin 025D,E01035082,868,242,92,150,626,525,101
2021,Telford and Wrekin 025E,E01035083,1281,268,88,180,1013,863,150
2021,Harborough 003G,E01035084,899,256,91,165,643,516,127
2021,Harborough 003H,E01035085,850,223,80,143,627,522,105
2021,Harborough 005G,E01035086,871,257,101,156,614,452,162
2021,Harborough 005H,E01035087,760,197,68,129,563,440,123
2021,Harborough 007G,E01035088,828,256,83,173,572,477,95
2021,Harborough 007H,E01035089,810,182,55,127,628,516,112
2021,Harborough 010E,E01035090,843,242,84,158,601,503,98
2021,Harborough 010F,E01035091,776,218,86,132,558,460,98
2021,Harborough 011E,E01035092,927,220,58,162,707,627,80
2021,Harborough 011F,E01035093,727,221,77,144,506,451,55
2021,Hinckley and Bosworth 001F,E01035094,690,174,47,127,516,434,82
2021,Hinckley and Bosworth 001G,E01035095,770,220,73,147,550,453,97
2021,Hinckley and Bosworth 011F,E01035096,812,208,56,152,604,516,88
2021,Hinckley and Bosworth 011G,E01035097,867,195,47,148,672,562,110
2021,North West Leicestershire 001F,E01035098,587,150,55,95,437,355,82
2021,North West Leicestershire 001G,E01035099,708,179,67,112,529,445,84
2021,North West Leicestershire 003E,E01035100,990,224,90,134,766,633,133
2021,North West Leicestershire 003F,E01035101,1049,275,102,173,774,630,144
2021,Rutland 002E,E01035102,834,217,81,136,617,502,115
2021,Rutland 002F,E01035103,635,173,57,116,462,380,82
2021,Rutland 002G,E01035104,667,211,74,137,456,385,71
2021,Rutland 003E,E01035105,598,196,71,125,402,327,75
2021,Rutland 003F,E01035106,470,146,67,79,324,232,92
2021,Mendip 002F,E01035107,1048,372,158,214,676,542,134
2021,Mendip 005E,E01035108,838,296,113,183,542,437,105
2021,Mendip 005F,E01035109,683,251,92,159,432,331,101
2021,Mendip 007G,E01035110,735,245,76,169,490,413,77
2021,Mendip 007H,E01035111,1035,321,102,219,714,607,107
2021,Sedgemoor 002H,E01035112,771,259,97,162,512,392,120
2021,Sedgemoor 002I,E01035113,787,250,78,172,537,455,82
2021,Sedgemoor 010E,E01035114,641,189,57,132,452,380,72
2021,Sedgemoor 010F,E01035115,874,170,55,115,704,577,127
2021,Sedgemoor 010G,E01035116,574,168,49,119,406,351,55
2021,Sedgemoor 014H,E01035117,1013,242,77,165,771,654,117
2021,Sedgemoor 014I,E01035118,689,194,52,142,495,410,85
2021,Sedgemoor 014J,E01035119,908,206,60,146,702,587,115
2021,Sedgemoor 014K,E01035120,814,265,87,178,549,408,141
2021,South Somerset 011E,E01035121,775,247,77,170,528,475,53
2021,South Somerset 011F,E01035122,1179,281,85,196,898,784,114
2021,South Somerset 012E,E01035123,944,252,74,178,692,613,79
2021,South Somerset 012F,E01035124,821,199,46,153,622,541,81
2021,South Somerset 015E,E01035125,614,131,42,89,483,417,66
2021,South Somerset 015F,E01035126,580,149,51,98,431,371,60
2021,Somerset West and Taunton 008E,E01035127,944,298,92,206,646,517,129
2021,Somerset West and Taunton 008F,E01035128,1196,317,82,235,879,746,133
2021,Somerset West and Taunton 018E,E01035129,967,281,80,201,686,575,111
2021,Somerset West and Taunton 018F,E01035130,582,186,60,126,396,339,57
2021,Somerset West and Taunton 017E,E01035131,635,227,71,156,408,354,54
2021,Somerset West and Taunton 017F,E01035132,719,247,102,145,472,380,92
2021,Breckland 007F,E01035133,407,139,48,91,268,232,36
2021,Breckland 007G,E01035134,739,205,64,141,534,436,98
2021,Breckland 011F,E01035135,700,169,48,121,531,450,81
2021,Breckland 011G,E01035136,905,250,82,168,655,542,113
2021,Norwich 014E,E01035137,616,170,60,110,446,408,38
2021,Norwich 014F,E01035138,781,186,69,117,595,514,81
2021,Norwich 017B,E01035139,937,389,213,176,548,474,74
2021,Norwich 017C,E01035140,547,151,54,97,396,352,44
2021,South Norfolk 002F,E01035141,975,239,67,172,736,596,140
2021,South Norfolk 002G,E01035142,591,184,74,110,407,309,98
2021,South Norfolk 006H,E01035143,629,230,81,149,399,322,77
2021,South Norfolk 006I,E01035144,882,252,79,173,630,536,94
2021,South Norfolk 007F,E01035145,778,225,76,149,553,457,96
2021,South Norfolk 007G,E01035146,811,242,73,169,569,467,102
2021,South Norfolk 007H,E01035147,506,162,50,112,344,310,34
2021,South Norfolk 007I,E01035148,709,245,82,163,464,407,57
2021,South Norfolk 007J,E01035149,1583,499,171,328,1084,902,182
2021,South Norfolk 016A,E01035150,679,153,49,104,526,456,70
2021,South Norfolk 016B,E01035151,801,196,57,139,605,512,93
2021,South Norfolk 016C,E01035152,914,210,68,142,704,627,77
2021,South Norfolk 016F,E01035153,876,212,64,148,664,564,100
2021,East Suffolk 014C,E01035154,719,299,130,169,420,325,95
2021,Braintree 011F,E01035155,694,179,59,120,515,438,77
2021,Braintree 011G,E01035156,798,224,74,150,574,477,97
2021,Colchester 007F,E01035157,627,181,68,113,446,379,67
2021,Colchester 007G,E01035158,653,181,61,120,472,412,60
2021,Colchester 010F,E01035159,1500,351,121,230,1149,952,197
2021,Colchester 010G,E01035160,829,266,116,150,563,435,128
2021,Colchester 011G,E01035161,621,206,87,119,415,359,56
2021,Colchester 011H,E01035162,683,224,72,152,459,387,72
2021,Colchester 011I,E01035163,719,214,76,138,505,434,71
2021,Colchester 011J,E01035164,517,206,88,118,311,274,37
2021,Colchester 015H,E01035165,1199,296,78,218,903,705,198
2021,Colchester 015I,E01035166,581,151,44,107,430,343,87
2021,Colchester 023A,E01035167,607,120,37,83,487,426,61
2021,Colchester 023B,E01035168,885,235,79,156,650,549,101
2021,Colchester 023C,E01035169,796,141,44,97,655,547,108
2021,Colchester 023D,E01035170,806,147,49,98,659,554,105
2021,Colchester 023E,E01035171,564,176,48,128,388,320,68
2021,Colchester 023F,E01035172,1018,258,82,176,760,618,142
2021,Colchester 024B,E01035173,711,167,49,118,544,472,72
2021,Colchester 024C,E01035174,807,186,66,120,621,534,87
2021,Colchester 024D,E01035175,961,196,63,133,765,670,95
2021,Colchester 024E,E01035176,953,238,82,156,715,615,100
2021,Colchester 024F,E01035177,816,180,54,126,636,549,87
2021,Uttlesford 006E,E01035178,982,303,123,180,679,531,148
2021,Uttlesford 006F,E01035179,751,212,70,142,539,417,122
2021,Uttlesford 006G,E01035180,649,189,78,111,460,386,74
2021,Uttlesford 006H,E01035181,699,204,68,136,495,384,111
2021,Uttlesford 006I,E01035182,575,204,94,110,371,309,62
2021,Darlington 009E,E01035183,831,222,60,162,609,560,49
2021,Darlington 009F,E01035184,645,185,62,123,460,412,48
2021,Darlington 010D,E01035185,756,205,72,133,551,448,103
2021,Darlington 010E,E01035186,554,126,45,81,428,346,82
2021,Darlington 016H,E01035187,935,254,97,157,681,601,80
2021,Hartlepool 015C,E01035188,662,227,59,168,435,392,43
2021,Middlesbrough 001H,E01035189,381,117,48,69,264,243,21
2021,Middlesbrough 001I,E01035190,461,234,79,155,227,195,32
2021,Middlesbrough 001J,E01035191,680,235,83,152,445,398,47
2021,Middlesbrough 001K,E01035192,422,180,52,128,242,211,31
2021,Middlesbrough 018I,E01035193,754,189,61,128,565,471,94
2021,Middlesbrough 018J,E01035194,747,135,32,103,612,527,85
2021,Middlesbrough 020G,E01035195,930,209,66,143,721,617,104
2021,Middlesbrough 020H,E01035196,570,133,44,89,437,381,56
2021,Stockton-on-Tees 025A,E01035197,336,142,38,104,194,149,45
2021,Stockton-on-Tees 025B,E01035198,894,176,44,132,718,620,98
2021,Stockton-on-Tees 025D,E01035199,437,150,57,93,287,227,60
2021,Stockton-on-Tees 026A,E01035200,701,229,109,120,472,424,48
2021,Stockton-on-Tees 026C,E01035201,982,233,61,172,749,655,94
2021,Stockton-on-Tees 026D,E01035202,983,283,69,214,700,613,87
2021,Stockton-on-Tees 027B,E01035203,954,190,57,133,764,644,120
2021,Stockton-on-Tees 028B,E01035204,1364,379,107,272,985,778,207
2021,Bath and North East Somerset 002D,E01035205,830,267,81,186,563,498,65
2021,Bath and North East Somerset 002E,E01035206,894,225,70,155,669,591,78
2021,Bath and North East Somerset 013E,E01035207,762,196,82,114,566,463,103
2021,Bath and North East Somerset 013F,E01035208,713,303,176,127,410,364,46
2021,Bath and North East Somerset 022F,E01035209,476,187,68,119,289,218,71
2021,Bath and North East Somerset 022G,E01035210,661,292,171,121,369,291,78
2021,North Somerset 006H,E01035211,724,186,41,145,538,444,94
2021,North Somerset 006I,E01035212,906,286,82,204,620,516,104
2021,North Somerset 023G,E01035213,1042,265,86,179,777,667,110
2021,North Somerset 023H,E01035214,810,247,91,156,563,456,107
2021,North Somerset 027F,E01035215,731,195,62,133,536,467,69
2021,North Somerset 027G,E01035216,1449,313,64,249,1136,960,176
2021,South Gloucestershire 019H,E01035217,940,181,52,129,759,660,99
2021,South Gloucestershire 019I,E01035218,970,212,65,147,758,651,107
2021,South Gloucestershire 019J,E01035219,575,174,53,121,401,348,53
2021,South Gloucestershire 021H,E01035220,1179,309,102,207,870,771,99
2021,South Gloucestershire 021I,E01035221,908,233,66,167,675,591,84
2021,South Gloucestershire 033E,E01035222,890,219,73,146,671,596,75
2021,South Gloucestershire 034A,E01035223,865,212,62,150,653,588,65
2021,South Gloucestershire 034C,E01035224,793,173,43,130,620,566,54
2021,South Gloucestershire 034D,E01035225,985,196,66,130,789,700,89
2021,South Gloucestershire 034E,E01035226,1002,235,74,161,767,685,82
2021,South Gloucestershire 035A,E01035227,761,181,57,124,580,529,51
2021,South Gloucestershire 035B,E01035228,885,315,157,158,570,513,57
2021,South Gloucestershire 035C,E01035229,655,313,183,130,342,309,33
2021,South Gloucestershire 035D,E01035230,678,161,50,111,517,463,54
2021,South Gloucestershire 035E,E01035231,657,191,74,117,466,403,63
2021,South Gloucestershire 036B,E01035232,934,230,79,151,704,625,79
2021,South Gloucestershire 036C,E01035233,958,237,92,145,721,610,111
2021,Bracknell Forest 001F,E01035234,527,167,71,96,360,255,105
2021,Bracknell Forest 001G,E01035235,770,235,96,139,535,414,121
2021,Bracknell Forest 002F,E01035236,916,260,112,148,656,520,136
2021,Bracknell Forest 002G,E01035237,811,132,35,97,679,569,110
2021,Bracknell Forest 002H,E01035238,756,154,58,96,602,518,84
2021,Bracknell Forest 002I,E01035239,579,131,41,90,448,376,72
2021,Bracknell Forest 002J,E01035240,927,165,70,95,762,651,111
2021,Bracknell Forest 007F,E01035241,824,156,59,97,668,579,89
2021,Bracknell Forest 007G,E01035242,867,139,51,88,728,628,100
2021,Bracknell Forest 007H,E01035243,1008,222,78,144,786,662,124
2021,Bracknell Forest 007I,E01035244,733,188,62,126,545,463,82
2021,Bracknell Forest 009I,E01035245,960,196,74,122,764,662,102
2021,Bracknell Forest 009J,E01035246,1030,221,69,152,809,672,137
2021,Slough 011F,E01035247,796,193,60,133,603,531,72
2021,Slough 011G,E01035248,808,207,80,127,601,524,77
2021,Slough 011H,E01035249,608,165,59,106,443,400,43
2021,Slough 011I,E01035250,848,228,73,155,620,560,60
2021,Slough 015B,E01035251,1042,337,113,224,705,622,83
2021,Slough 015C,E01035252,675,186,52,134,489,440,49
2021,Slough 015D,E01035253,867,158,64,94,709,639,70
2021,Slough 016B,E01035254,804,205,76,129,599,533,66
2021,West Oxfordshire 012D,E01035255,594,175,88,87,419,309,110
2021,Wokingham 001E,E01035256,1185,386,175,211,799,618,181
2021,Wokingham 008H,E01035257,815,376,249,127,439,350,89
2021,Wokingham 008I,E01035258,688,207,100,107,481,414,67
2021,Wokingham 012I,E01035259,924,208,68,140,716,604,112
2021,Wokingham 012J,E01035260,996,179,57,122,817,709,108
2021,Wokingham 014F,E01035261,1073,210,72,138,863,718,145
2021,Wokingham 014G,E01035262,953,272,117,155,681,541,140
2021,Wokingham 017E,E01035263,990,170,64,106,820,713,107
2021,Wokingham 017F,E01035264,989,239,105,134,750,621,129
2021,Wokingham 017G,E01035265,1210,191,68,123,1019,882,137
2021,Wokingham 017H,E01035266,873,222,80,142,651,543,108
2021,Wokingham 018E,E01035267,805,198,78,120,607,471,136
2021,Wokingham 018F,E01035268,807,172,64,108,635,538,97
2021,Wokingham 018G,E01035269,1521,421,150,271,1100,899,201
2021,Dartford 001E,E01035270,936,167,50,117,769,668,101
2021,Dartford 001F,E01035271,920,204,81,123,716,618,98
2021,Dartford 001G,E01035272,760,210,71,139,550,477,73
2021,Dartford 001H,E01035273,584,168,59,109,416,363,53
2021,Dartford 001I,E01035274,447,133,42,91,314,275,39
2021,Dartford 001J,E01035275,801,138,50,88,663,582,81
2021,Dartford 001K,E01035276,843,176,67,109,667,591,76
2021,Dartford 002E,E01035277,993,199,62,137,794,674,120
2021,Dartford 002F,E01035278,915,254,99,155,661,554,107
2021,Dartford 002G,E01035279,1180,212,71,141,968,800,168
2021,Dartford 002H,E01035280,1199,168,48,120,1031,866,165
2021,Dartford 002I,E01035281,1169,201,62,139,968,812,156
2021,Dartford 004E,E01035282,973,170,61,109,803,664,139
2021,Dartford 004F,E01035283,773,207,56,151,566,484,82
2021,Gravesham 006F,E01035284,857,140,40,100,717,623,94
2021,Gravesham 006G,E01035285,707,188,57,131,519,427,92
2021,Medway 003F,E01035286,882,194,69,125,688,576,112
2021,Medway 003G,E01035287,930,233,77,156,697,567,130
2021,Medway 004D,E01035288,657,167,61,106,490,383,107
2021,Medway 004E,E01035289,718,180,64,116,538,434,104
2021,Medway 007F,E01035290,992,189,75,114,803,638,165
2021,Medway 007G,E01035291,1007,246,93,153,761,635,126
2021,Medway 007H,E01035292,1204,228,89,139,976,807,169
2021,Medway 007I,E01035293,728,181,66,115,547,457,90
2021,Medway 009E,E01035294,855,185,95,90,670,572,98
2021,Medway 009F,E01035295,779,254,90,164,525,446,79
2021,Medway 015F,E01035296,775,188,70,118,587,490,97
2021,Medway 015G,E01035297,799,187,71,116,612,514,98
2021,Swale 004H,E01035298,778,192,61,131,586,481,105
2021,Swale 004I,E01035299,912,195,57,138,717,585,132
2021,Swale 006E,E01035300,643,190,86,104,453,329,124
2021,Swale 006F,E01035301,748,223,93,130,525,377,148
2021,Swale 007I,E01035302,828,167,61,106,661,548,113
2021,Swale 007J,E01035303,713,205,72,133,508,422,86
2021,Swale 009F,E01035304,1002,275,96,179,727,574,153
2021,Swale 009G,E01035305,872,186,54,132,686,565,121
2021,Swale 009H,E01035306,821,228,83,145,593,492,101
2021,Swale 009I,E01035307,580,199,65,134,381,310,71
2021,Canterbury 012G,E01035308,500,163,67,96,337,270,67
2021,Canterbury 012H,E01035309,952,583,398,185,369,286,83
2021,Canterbury 019D,E01035310,741,226,89,137,515,447,68
2021,Canterbury 019E,E01035311,703,188,69,119,515,435,80
2021,Dover 005F,E01035312,762,217,70,147,545,439,106
2021,Dover 005G,E01035313,637,201,68,133,436,373,63
2021,Dover 006E,E01035314,1172,265,76,189,907,753,154
2021,Dover 006F,E01035315,870,206,55,151,664,539,125
2021,Thanet 001F,E01035316,482,169,54,115,313,248,65
2021,Thanet 001G,E01035317,521,182,62,120,339,278,61
2021,Thanet 014E,E01035318,744,240,80,160,504,404,100
2021,Thanet 014F,E01035319,774,209,64,145,565,453,112
2021,Chichester 004G,E01035320,902,282,113,169,620,494,126
2021,Chichester 004H,E01035321,467,169,87,82,298,223,75
2021,Chichester 006E,E01035322,639,243,101,142,396,326,70
2021,Chichester 006F,E01035323,767,225,82,143,542,431,111
2021,Chichester 008G,E01035324,734,249,98,151,485,411,74
2021,Chichester 008H,E01035325,842,272,107,165,570,474,96
2021,Chichester 012G,E01035326,940,265,96,169,675,536,139
2021,Chichester 012H,E01035327,872,299,137,162,573,460,113
2021,Crawley 002F,E01035328,1062,278,100,178,784,669,115
2021,Crawley 002G,E01035329,1323,297,103,194,1026,876,150
2021,Horsham 001E,E01035330,749,216,95,121,533,428,105
2021,Horsham 001F,E01035331,601,192,77,115,409,331,78
2021,Horsham 001G,E01035332,942,207,94,113,735,623,112
2021,Horsham 001H,E01035333,942,228,97,131,714,579,135
2021,Horsham 006G,E01035334,569,151,66,85,418,356,62
2021,Horsham 006H,E01035335,696,177,68,109,519,440,79
2021,Horsham 007E,E01035336,665,198,87,111,467,406,61
2021,Horsham 007F,E01035337,758,204,80,124,554,462,92
2021,Horsham 007G,E01035338,915,226,92,134,689,568,121
2021,Horsham 007H,E01035339,964,259,86,173,705,591,114
2021,Horsham 007I,E01035340,793,255,89,166,538,473,65
2021,Horsham 010F,E01035341,822,242,95,147,580,437,143
2021,Horsham 010G,E01035342,760,217,88,129,543,451,92
2021,Mid Sussex 001H,E01035343,815,175,64,111,640,563,77
2021,Mid Sussex 001I,E01035344,489,168,75,93,321,261,60
2021,Mid Sussex 007E,E01035345,985,228,94,134,757,628,129
2021,Mid Sussex 007F,E01035346,739,208,91,117,531,424,107
2021,Mid Sussex 009H,E01035347,751,152,55,97,599,517,82
2021,Mid Sussex 009I,E01035348,506,106,41,65,400,346,54
2021,Mid Sussex 011G,E01035349,665,236,91,145,429,324,105
2021,Mid Sussex 011H,E01035350,761,198,75,123,563,482,81
2021,Mid Sussex 011I,E01035351,843,245,100,145,598,486,112
2021,Mid Sussex 011J,E01035352,910,253,105,148,657,527,130
2021,Mid Sussex 013F,E01035353,830,232,77,155,598,508,90
2021,Mid Sussex 013G,E01035354,1010,244,74,170,766,676,90
2021,Reigate and Banstead 011F,E01035355,906,189,54,135,717,609,108
2021,Reigate and Banstead 011G,E01035356,903,208,76,132,695,595,100
2021,Reigate and Banstead 011H,E01035357,990,183,68,115,807,703,104
2021,Reigate and Banstead 011I,E01035358,778,153,68,85,625,550,75
2021,Reigate and Banstead 016F,E01035359,1198,248,62,186,950,807,143
2021,Reigate and Banstead 016G,E01035360,1049,260,89,171,789,667,122
2021,Reigate and Banstead 018F,E01035361,774,196,66,130,578,504,74
2021,Reigate and Banstead 018G,E01035362,786,188,81,107,598,510,88
2021,Tandridge 002E,E01035363,775,160,48,112,615,513,102
2021,Tandridge 002F,E01035364,697,151,49,102,546,450,96
2021,Cheshire West and Chester 007F,E01035365,587,154,55,99,433,380,53
2021,Cheshire West and Chester 007G,E01035366,1158,235,57,178,923,809,114
2021,Cheshire West and Chester 007H,E01035367,586,187,55,132,399,353,46
2021,Cheshire West and Chester 007I,E01035368,451,169,43,126,282,250,32
2021,Cheshire West and Chester 018D,E01035369,655,138,47,91,517,461,56
2021,Cheshire West and Chester 018E,E01035370,986,210,70,140,776,686,90
2021,Cheshire West and Chester 018F,E01035371,628,166,47,119,462,404,58
2021,Cheshire West and Chester 018G,E01035372,970,217,74,143,753,652,101
2021,Cheshire West and Chester 033G,E01035373,772,176,50,126,596,523,73
2021,Cheshire West and Chester 033H,E01035374,474,160,64,96,314,275,39
2021,Cheshire West and Chester 034F,E01035375,523,275,165,110,248,225,23
2021,Cheshire West and Chester 034G,E01035376,769,240,101,139,529,416,113
2021,Cheshire West and Chester 034H,E01035377,916,269,132,137,647,572,75
2021,Cheshire West and Chester 034I,E01035378,620,149,71,78,471,376,95
2021,Cheshire West and Chester 041E,E01035379,779,189,58,131,590,510,80
2021,Cheshire West and Chester 041F,E01035380,892,189,49,140,703,589,114
2021,Cheshire West and Chester 041G,E01035381,741,225,79,146,516,445,71
2021,Halton 012G,E01035382,721,151,47,104,570,492,78
2021,Halton 012H,E01035383,618,161,34,127,457,415,42
2021,Warrington 009E,E01035384,737,159,44,115,578,494,84
2021,Warrington 009F,E01035385,928,188,53,135,740,651,89
2021,Warrington 009G,E01035386,896,185,72,113,711,609,102
2021,Warrington 009H,E01035387,860,193,61,132,667,588,79
2021,Warrington 009I,E01035388,874,182,59,123,692,612,80
2021,Warrington 010G,E01035389,782,229,72,157,553,475,78
2021,Warrington 010H,E01035390,844,188,60,128,656,560,96
2021,Warrington 020F,E01035391,898,222,66,156,676,597,79
2021,Warrington 020G,E01035392,786,193,60,133,593,525,68
2021,North Northamptonshire 006C,E01035393,1066,219,75,144,847,680,167
2021,North Northamptonshire 006D,E01035394,1029,193,55,138,836,690,146
2021,North Northamptonshire 006E,E01035395,812,189,70,119,623,519,104
2021,North Northamptonshire 006F,E01035396,729,147,39,108,582,502,80
2021,North Northamptonshire 006G,E01035397,1077,203,54,149,874,738,136
2021,North Northamptonshire 006H,E01035398,939,213,64,149,726,586,140
2021,West Northamptonshire 004D,E01035399,584,168,54,114,416,351,65
2021,West Northamptonshire 004E,E01035400,676,311,108,203,365,297,68
2021,West Northamptonshire 003E,E01035401,818,244,85,159,574,439,135
2021,West Northamptonshire 003F,E01035402,807,157,46,111,650,537,113
2021,West Northamptonshire 010D,E01035403,969,186,68,118,783,683,100
2021,West Northamptonshire 010E,E01035404,885,234,80,154,651,559,92
2021,West Northamptonshire 010F,E01035405,1064,192,66,126,872,773,99
2021,West Northamptonshire 010G,E01035406,976,220,79,141,756,652,104
2021,North Northamptonshire 011E,E01035407,837,212,76,136,625,504,121
2021,North Northamptonshire 011F,E01035408,911,190,55,135,721,581,140
2021,North Northamptonshire 039E,E01035409,825,217,66,151,608,514,94
2021,North Northamptonshire 039F,E01035410,938,244,72,172,694,581,113
2021,North Northamptonshire 014D,E01035411,698,184,58,126,514,446,68
2021,North Northamptonshire 014E,E01035412,625,166,52,114,459,400,59
2021,North Northamptonshire 018F,E01035413,449,105,25,80,344,298,46
2021,North Northamptonshire 018G,E01035414,545,117,40,77,428,373,55
2021,North Northamptonshire 023D,E01035415,1504,375,109,266,1129,934,195
2021,North Northamptonshire 023E,E01035416,1092,266,73,193,826,704,122
2021,West Northamptonshire 034D,E01035417,923,186,81,105,737,649,88
2021,West Northamptonshire 034E,E01035418,959,259,101,158,700,623,77
2021,West Northamptonshire 044D,E01035419,1001,256,83,173,745,623,122
2021,West Northamptonshire 044E,E01035420,539,165,60,105,374,284,90
2021,West Northamptonshire 035B,E01035421,973,220,62,158,753,619,134
2021,West Northamptonshire 035C,E01035422,868,192,61,131,676,603,73
2021,West Northamptonshire 035D,E01035423,1367,319,103,216,1048,895,153
2021,West Northamptonshire 039D,E01035424,1314,245,61,184,1069,896,173
2021,West Northamptonshire 050D,E01035425,750,182,78,104,568,478,90
2021,West Northamptonshire 050E,E01035426,838,220,86,134,618,513,105
2021,West Northamptonshire 051E,E01035427,1386,307,87,220,1079,896,183
2021,West Northamptonshire 051F,E01035428,1283,334,121,213,949,756,193
2021,North Northamptonshire 030D,E01035429,914,164,49,115,750,653,97
2021,North Northamptonshire 030E,E01035430,1253,278,90,188,975,839,136
2021,North Northamptonshire 032D,E01035431,809,188,78,110,621,539,82
2021,North Northamptonshire 032E,E01035432,489,109,22,87,380,325,55
2021,Eastleigh 006F,E01035433,744,190,77,113,554,481,73
2021,Eastleigh 006G,E01035434,1002,279,78,201,723,632,91
2021,Eastleigh 006H,E01035435,553,159,52,107,394,345,49
2021,Eastleigh 006I,E01035436,749,167,48,119,582,512,70
2021,Eastleigh 006J,E01035437,908,244,76,168,664,580,84
2021,Eastleigh 010F,E01035438,1191,279,79,200,912,759,153
2021,Eastleigh 010G,E01035439,1137,306,86,220,831,705,126
2021,Eastleigh 010H,E01035440,868,220,65,155,648,559,89
2021,Eastleigh 010I,E01035441,676,215,74,141,461,370,91
2021,Southampton 005G,E01035442,556,234,126,108,322,280,42
2021,Southampton 005H,E01035443,406,144,73,71,262,235,27
2021,Southampton 023E,E01035444,645,193,93,100,452,391,61
2021,Southampton 023F,E01035445,624,212,97,115,412,369,43
2021,Southampton 031F,E01035446,863,140,52,88,723,627,96
2021,Southampton 031G,E01035447,897,205,68,137,692,597,95
2021,Southampton 034A,E01035448,721,131,45,86,590,498,92
2021,Southampton 034B,E01035449,696,113,46,67,583,483,100
2021,Test Valley 013E,E01035450,865,215,66,149,650,565,85
2021,Test Valley 013F,E01035451,879,218,72,146,661,552,109
2021,Test Valley 013G,E01035452,735,234,97,137,501,387,114
2021,Test Valley 016A,E01035453,861,205,51,154,656,561,95
2021,Test Valley 016B,E01035454,660,188,65,123,472,382,90
2021,Test Valley 016C,E01035455,971,190,49,141,781,659,122
2021,Test Valley 016D,E01035456,903,181,58,123,722,610,112
2021,Test Valley 016E,E01035457,922,149,49,100,773,678,95
2021,Test Valley 017A,E01035458,898,191,58,133,707,606,101
2021,Test Valley 017B,E01035459,921,174,45,129,747,630,117
2021,Test Valley 017C,E01035460,655,183,71,112,472,416,56
2021,Test Valley 017D,E01035461,718,142,48,94,576,495,81
2021,Test Valley 017E,E01035462,898,197,66,131,701,592,109
2021,Kingston upon Hull 011F,E01035463,991,314,57,257,677,591,86
2021,Kingston upon Hull 017G,E01035464,662,245,51,194,417,376,41
2021,Kingston upon Hull 029G,E01035465,642,139,60,79,503,435,68
2021,Kingston upon Hull 029H,E01035466,539,136,36,100,403,366,37
2021,Kingston upon Hull 031H,E01035467,759,179,39,140,580,513,67
2021,Kingston upon Hull 031I,E01035468,399,140,25,115,259,224,35
2021,Kingston upon Hull 034C,E01035469,1214,282,58,224,932,784,148
2021,Kingston upon Hull 035A,E01035470,1609,295,72,223,1314,1140,174
2021,Kingston upon Hull 035B,E01035471,861,174,45,129,687,575,112
2021,Kingston upon Hull 035C,E01035472,1115,278,65,213,837,726,111
2021,North East Lincolnshire 002E,E01035473,595,183,50,133,412,335,77
2021,North East Lincolnshire 007E,E01035474,687,229,73,156,458,363,95
2021,North East Lincolnshire 007F,E01035475,939,256,86,170,683,545,138
2021,North East Lincolnshire 020F,E01035476,1025,333,116,217,692,574,118
2021,North East Lincolnshire 021F,E01035477,938,283,99,184,655,535,120
2021,North East Lincolnshire 021G,E01035478,1148,297,82,215,851,710,141
2021,North East Lincolnshire 022F,E01035479,587,172,54,118,415,342,73
2021,North East Lincolnshire 022G,E01035480,846,246,82,164,600,470,130
2021,North Lincolnshire 015E,E01035481,466,155,51,104,311,262,49
2021,North Lincolnshire 015F,E01035482,716,157,35,122,559,479,80
2021,North Lincolnshire 015G,E01035483,746,175,41,134,571,485,86
2021,Hammersmith and Fulham 001F,E01035484,746,203,90,113,543,434,109
2021,Hammersmith and Fulham 001G,E01035485,607,118,47,71,489,400,89
2021,Hammersmith and Fulham 023G,E01035486,948,214,102,112,734,553,181
2021,Hammersmith and Fulham 023H,E01035487,824,195,67,128,629,460,169
2021,Wandsworth 004H,E01035488,1058,163,72,91,895,636,259
2021,Wandsworth 004I,E01035489,908,122,57,65,786,580,206
2021,Wandsworth 010H,E01035490,1035,200,80,120,835,582,253
2021,Wandsworth 010I,E01035491,952,101,47,54,851,647,204
2021,Wandsworth 010J,E01035492,1237,138,44,94,1099,853,246
2021,Wandsworth 010K,E01035493,1085,166,60,106,919,711,208
2021,Wandsworth 018E,E01035494,1429,170,71,99,1259,1002,257
2021,Wandsworth 018F,E01035495,566,215,86,129,351,311,40
2021,Wandsworth 038A,E01035496,718,102,53,49,616,373,243
2021,Wandsworth 038B,E01035497,818,161,71,90,657,500,157
2021,Wandsworth 038E,E01035498,848,111,47,64,737,502,235
2021,Wandsworth 039C,E01035499,727,206,73,133,521,436,85
2021,Nottingham 023J,E01035500,892,258,122,136,634,556,78
2021,Nottingham 028H,E01035501,605,272,136,136,333,291,42
2021,Nottingham 028I,E01035502,499,368,279,89,131,123,8
2021,Nottingham 031J,E01035503,412,244,176,68,168,148,20
2021,Nottingham 031K,E01035504,515,232,139,93,283,259,24
2021,Nottingham 031L,E01035505,770,357,209,148,413,371,42
2021,Nottingham 039G,E01035506,1106,302,155,147,804,660,144
2021,Nottingham 041E,E01035507,1038,457,247,210,581,502,79
2021,Nottingham 041F,E01035508,1174,464,248,216,710,636,74
2021,Rushcliffe 008F,E01035509,595,211,71,140,384,296,88
2021,Rushcliffe 008G,E01035510,1006,188,49,139,818,694,124
2021,Cambridge 005E,E01035511,670,167,68,99,503,412,91
2021,Cambridge 005F,E01035512,561,72,41,31,489,424,65
2021,Cambridge 005G,E01035513,595,97,32,65,498,396,102
2021,Cambridge 005H,E01035514,1650,606,437,169,1044,818,226
2021,Cambridge 007H,E01035515,526,194,146,48,332,257,75
2021,Cambridge 007I,E01035516,1327,499,341,158,828,593,235
2021,Cambridge 007J,E01035517,730,296,217,79,434,326,108
2021,Cambridge 010F,E01035518,1060,193,77,116,867,696,171
2021,Cambridge 010G,E01035519,1617,361,147,214,1256,1106,150
2021,Cambridge 013F,E01035520,610,197,93,104,413,300,113
2021,Cambridge 013G,E01035521,1135,215,115,100,920,798,122
2021,Cambridge 014B,E01035522,833,283,155,128,550,478,72
2021,Cambridge 014C,E01035523,620,143,71,72,477,363,114
2021,Cambridge 015A,E01035524,800,177,63,114,623,496,127
2021,Cambridge 015B,E01035525,840,206,80,126,634,507,127
2021,Cambridge 015C,E01035526,1055,235,76,159,820,691,129
2021,Cambridge 015D,E01035527,813,147,57,90,666,539,127
2021,Cambridge 015E,E01035528,830,202,70,132,628,556,72
2021,Cambridge 015F,E01035529,841,177,64,113,664,550,114
2021,Cambridge 015G,E01035530,773,180,67,113,593,467,126
2021,East Cambridgeshire 001F,E01035531,625,164,45,119,461,389,72
2021,East Cambridgeshire 001G,E01035532,956,183,56,127,773,644,129
2021,East Cambridgeshire 003H,E01035533,946,201,62,139,745,660,85
2021,East Cambridgeshire 003I,E01035534,653,176,58,118,477,420,57
2021,East Cambridgeshire 004H,E01035535,1205,319,119,200,886,747,139
2021,Fenland 011F,E01035536,935,219,73,146,716,615,101
2021,Fenland 011G,E01035537,623,162,50,112,461,356,105
2021,Peterborough 007G,E01035538,964,198,48,150,766,664,102
2021,Peterborough 007H,E01035539,735,204,55,149,531,464,67
2021,Peterborough 013G,E01035540,648,202,73,129,446,404,42
2021,Peterborough 013H,E01035541,796,205,55,150,591,521,70
2021,Peterborough 014F,E01035542,786,206,85,121,580,519,61
2021,Peterborough 014G,E01035543,671,142,55,87,529,465,64
2021,Peterborough 017F,E01035544,933,173,56,117,760,649,111
2021,Peterborough 017G,E01035545,912,222,52,170,690,605,85
2021,Peterborough 019G,E01035546,706,174,40,134,532,463,69
2021,Peterborough 019H,E01035547,932,163,44,119,769,648,121
2021,Peterborough 019I,E01035548,858,176,37,139,682,575,107
2021,Peterborough 019J,E01035549,944,185,40,145,759,654,105
2021,Peterborough 023G,E01035551,875,190,64,126,685,584,101
2021,Peterborough 023H,E01035552,1032,168,49,119,864,747,117
2021,Peterborough 023I,E01035553,649,159,54,105,490,422,68
2021,Peterborough 023J,E01035554,893,203,73,130,690,588,102
2021,South Cambridgeshire 003E,E01035555,971,173,56,117,798,694,104
2021,South Cambridgeshire 003F,E01035556,848,180,54,126,668,549,119
2021,South Cambridgeshire 003G,E01035557,674,171,49,122,503,454,49
2021,South Cambridgeshire 003H,E01035558,679,156,59,97,523,442,81
2021,South Cambridgeshire 020F,E01035559,1094,295,100,195,799,680,119
2021,South Cambridgeshire 020G,E01035560,1227,312,94,218,915,823,92
2021,South Cambridgeshire 022D,E01035561,997,296,123,173,701,583,118
2021,Dacorum 015F,E01035562,807,216,76,140,591,493,98
2021,Dacorum 015G,E01035563,719,206,76,130,513,436,77
2021,Dacorum 015H,E01035564,782,147,58,89,635,530,105
2021,West Oxfordshire 012E,E01035565,1815,266,85,181,1549,1180,369
2021,St Albans 012E,E01035566,806,144,55,89,662,538,124
2021,St Albans 012F,E01035567,822,159,51,108,663,522,141
2021,Stevenage 001E,E01035568,903,187,54,133,716,631,85
2021,Stevenage 001F,E01035569,911,258,77,181,653,570,83
2021,Stevenage 008E,E01035570,724,131,47,84,593,512,81
2021,Stevenage 008F,E01035571,627,168,59,109,459,417,42
2021,Watford 007E,E01035572,736,160,51,109,576,484,92
2021,Watford 007F,E01035573,787,170,73,97,617,516,101
2021,Watford 009E,E01035574,822,161,64,97,661,577,84
2021,Watford 009F,E01035575,770,200,64,136,570,482,88
2021,Watford 009G,E01035576,606,124,51,73,482,414,68
2021,Watford 009H,E01035577,974,218,71,147,756,649,107
2021,Watford 009I,E01035578,813,189,56,133,624,546,78
2021,Watford 011F,E01035579,932,260,88,172,672,583,89
2021,Watford 011G,E01035580,628,145,60,85,483,423,60
2021,St Albans 021C,E01035581,740,235,84,151,505,403,102
2021,Stevenage 013A,E01035582,947,259,88,171,688,599,89
2021,Broxbourne 005F,E01035583,665,203,67,136,462,386,76
2021,Broxbourne 005G,E01035584,771,234,85,149,537,467,70
2021,Broxbourne 013E,E01035585,695,200,71,129,495,429,66
2021,Broxbourne 013F,E01035586,580,153,57,96,427,366,61
2021,East Hertfordshire 001E,E01035587,900,238,86,152,662,533,129
2021,East Hertfordshire 001F,E01035588,625,202,80,122,423,333,90
2021,East Hertfordshire 001G,E01035589,543,175,67,108,368,310,58
2021,East Hertfordshire 004D,E01035590,848,221,86,135,627,502,125
2021,East Hertfordshire 004E,E01035591,649,206,109,97,443,374,69
2021,East Hertfordshire 006D,E01035592,575,156,46,110,419,334,85
2021,East Hertfordshire 006E,E01035593,908,290,108,182,618,520,98
2021,East Hertfordshire 007G,E01035594,852,224,88,136,628,524,104
2021,East Hertfordshire 007H,E01035595,712,247,123,124,465,403,62
2021,East Hertfordshire 017F,E01035596,924,151,60,91,773,651,122
2021,East Hertfordshire 017G,E01035597,681,128,57,71,553,457,96
2021,Hertsmere 011F,E01035598,873,252,97,155,621,496,125
2021,Hertsmere 011G,E01035599,1004,265,92,173,739,626,113
2021,Three Rivers 001F,E01035600,798,213,81,132,585,454,131
2021,Three Rivers 001G,E01035601,762,161,51,110,601,486,115
2021,Three Rivers 002F,E01035602,704,197,80,117,507,412,95
2021,Three Rivers 002G,E01035603,1238,343,113,230,895,742,153
2021,Welwyn Hatfield 007F,E01035604,808,125,44,81,683,614,69
2021,Welwyn Hatfield 007G,E01035605,946,206,60,146,740,651,89
2021,Welwyn Hatfield 009E,E01035606,940,257,85,172,683,586,97
2021,Welwyn Hatfield 009F,E01035607,725,149,50,99,576,496,80
2021,Welwyn Hatfield 017C,E01035608,701,234,96,138,467,368,99
2021,East Hertfordshire 019C,E01035609,737,222,101,121,515,394,121
2021,Gateshead 008F,E01035610,1062,600,177,423,462,415,47
2021,Gateshead 027E,E01035611,879,121,46,75,758,671,87
2021,Gateshead 027F,E01035612,380,150,39,111,230,209,21
2021,Newcastle upon Tyne 032C,E01035613,718,176,50,126,542,473,69
2021,Newcastle upon Tyne 032D,E01035614,974,187,59,128,787,637,150
2021,Newcastle upon Tyne 032E,E01035615,905,163,46,117,742,622,120
2021,Newcastle upon Tyne 032F,E01035616,870,167,47,120,703,604,99
2021,Newcastle upon Tyne 036A,E01035617,820,368,199,169,452,389,63
2021,Newcastle upon Tyne 038B,E01035618,348,221,84,137,127,110,17
2021,Newcastle upon Tyne 038C,E01035619,385,229,78,151,156,137,19
2021,Newcastle upon Tyne 039B,E01035620,418,194,107,87,224,201,23
2021,Newcastle upon Tyne 039C,E01035621,601,258,164,94,343,306,37
2021,Newcastle upon Tyne 040A,E01035622,450,192,50,142,258,228,30
2021,Newcastle upon Tyne 040B,E01035623,522,191,73,118,331,297,34
2021,Gateshead 029D,E01035624,575,200,56,144,375,331,44
2021,North Tyneside 007E,E01035625,954,217,62,155,737,650,87
2021,North Tyneside 007F,E01035626,1091,219,59,160,872,739,133
2021,North Tyneside 018F,E01035627,938,228,67,161,710,625,85
2021,North Tyneside 018G,E01035628,979,209,50,159,770,676,94
2021,Northumberland 015E,E01035629,835,209,70,139,626,492,134
2021,Northumberland 015F,E01035630,797,202,80,122,595,513,82
2021,Northumberland 023F,E01035631,728,190,49,141,538,474,64
2021,Northumberland 023G,E01035632,926,238,59,179,688,600,88
2021,Northumberland 025E,E01035633,647,179,46,133,468,404,64
2021,Northumberland 025F,E01035634,613,139,40,99,474,393,81
2021,Northumberland 025G,E01035635,1021,190,49,141,831,712,119
2021,Northumberland 038G,E01035636,1041,303,100,203,738,628,110
2021,Northumberland 043F,E01035637,562,164,65,99,398,274,124
2021,Hackney 002G,E01035638,1043,184,78,106,859,681,178
2021,Hackney 002H,E01035639,945,199,67,132,746,605,141
2021,Hackney 020F,E01035640,810,212,88,124,598,461,137
2021,Hackney 020G,E01035641,927,175,64,111,752,598,154
2021,Hackney 025G,E01035642,1174,218,83,135,956,716,240
2021,Hackney 025H,E01035643,990,212,93,119,778,590,188
2021,Hackney 025I,E01035644,864,146,54,92,718,506,212
2021,Hackney 025J,E01035645,694,210,93,117,484,382,102
2021,Hackney 026E,E01035646,892,188,71,117,704,528,176
2021,Hackney 026F,E01035647,852,111,49,62,741,448,293
2021,Hackney 026G,E01035648,742,198,59,139,544,444,100
2021,Hackney 026H,E01035649,863,158,50,108,705,477,228
2021,Hackney 031C,E01035650,1030,250,111,139,780,657,123
2021,Islington 007E,E01035651,919,214,88,126,705,583,122
2021,Islington 007F,E01035652,846,192,97,95,654,536,118
2021,Islington 011J,E01035653,1080,101,46,55,979,760,219
2021,Islington 011K,E01035654,601,144,51,93,457,374,83
2021,Islington 020F,E01035655,887,212,69,143,675,494,181
2021,Islington 020G,E01035656,858,140,76,64,718,458,260
2021,Tower Hamlets 001E,E01035657,844,116,49,67,728,560,168
2021,Tower Hamlets 001F,E01035658,859,84,32,52,775,611,164
2021,Tower Hamlets 001G,E01035659,762,202,76,126,560,480,80
2021,Tower Hamlets 002E,E01035660,778,206,73,133,572,466,106
2021,Tower Hamlets 002F,E01035661,690,187,70,117,503,394,109
2021,Tower Hamlets 004H,E01035662,950,120,55,65,830,651,179
2021,Tower Hamlets 004I,E01035663,748,167,68,99,581,483,98
2021,Tower Hamlets 006E,E01035664,1306,326,125,201,980,729,251
2021,Tower Hamlets 008F,E01035665,958,134,69,65,824,671,153
2021,Tower Hamlets 008G,E01035666,1015,299,110,189,716,618,98
2021,Tower Hamlets 008H,E01035667,849,277,109,168,572,503,69
2021,Tower Hamlets 009E,E01035668,1195,248,108,140,947,740,207
2021,Tower Hamlets 009F,E01035669,878,164,76,88,714,487,227
2021,Tower Hamlets 010G,E01035670,1250,591,273,318,659,581,78
2021,Tower Hamlets 012F,E01035671,1228,241,102,139,987,768,219
2021,Tower Hamlets 012G,E01035672,1181,424,134,290,757,651,106
2021,Tower Hamlets 012H,E01035673,597,124,53,71,473,395,78
2021,Tower Hamlets 014F,E01035674,712,157,51,106,555,435,120
2021,Tower Hamlets 014G,E01035675,778,234,74,160,544,451,93
2021,Tower Hamlets 014H,E01035676,578,211,68,143,367,300,67
2021,Tower Hamlets 014I,E01035677,760,189,83,106,571,460,111
2021,Tower Hamlets 018E,E01035678,980,245,95,150,735,608,127
2021,Tower Hamlets 018F,E01035679,793,213,81,132,580,483,97
2021,Tower Hamlets 019E,E01035680,1021,236,88,148,785,636,149
2021,Tower Hamlets 019F,E01035681,771,299,109,190,472,401,71
2021,Tower Hamlets 019G,E01035682,614,176,66,110,438,376,62
2021,Tower Hamlets 019H,E01035683,598,207,67,140,391,343,48
2021,Tower Hamlets 020E,E01035684,705,209,93,116,496,415,81
2021,Tower Hamlets 020F,E01035685,466,189,62,127,277,241,36
2021,Tower Hamlets 021G,E01035686,776,194,71,123,582,448,134
2021,Tower Hamlets 021H,E01035687,844,198,80,118,646,466,180
2021,Tower Hamlets 021I,E01035688,753,115,41,74,638,389,249
2021,Tower Hamlets 021J,E01035689,872,183,68,115,689,481,208
2021,Tower Hamlets 023E,E01035690,1279,216,103,113,1063,834,229
2021,Tower Hamlets 023F,E01035691,1296,244,127,117,1052,824,228
2021,Tower Hamlets 024E,E01035692,767,168,62,106,599,500,99
2021,Tower Hamlets 024F,E01035693,846,176,68,108,670,538,132
2021,Tower Hamlets 024G,E01035694,970,312,110,202,658,523,135
2021,Tower Hamlets 024H,E01035695,702,265,88,177,437,382,55
2021,Tower Hamlets 026E,E01035696,808,102,41,61,706,499,207
2021,Tower Hamlets 026F,E01035697,984,172,83,89,812,566,246
2021,Tower Hamlets 032F,E01035698,601,75,28,47,526,384,142
2021,Tower Hamlets 032G,E01035699,1009,198,88,110,811,617,194
2021,Tower Hamlets 034A,E01035700,909,90,30,60,819,590,229
2021,Tower Hamlets 034B,E01035701,911,63,21,42,848,614,234
2021,Tower Hamlets 034C,E01035702,810,182,70,112,628,487,141
2021,Tower Hamlets 036B,E01035703,666,88,27,61,578,369,209
2021,Tower Hamlets 036C,E01035704,761,202,73,129,559,410,149
2021,Tower Hamlets 036D,E01035705,659,200,67,133,459,382,77
2021,Tower Hamlets 036E,E01035706,758,114,46,68,644,500,144
2021,Camden 015F,E01035707,1416,359,162,197,1057,788,269
2021,Camden 022F,E01035708,746,184,81,103,562,411,151
2021,Camden 022G,E01035709,587,207,82,125,380,311,69
2021,Camden 023F,E01035710,845,357,166,191,488,405,83
2021,Camden 026E,E01035711,767,228,140,88,539,405,134
2021,Camden 029E,E01035712,843,313,183,130,530,406,124
2021,Kensington and Chelsea 016F,E01035713,1038,242,114,128,796,434,362
2021,Kensington and Chelsea 020F,E01035714,1001,220,103,117,781,415,366
2021,Westminster 007H,E01035715,1707,399,200,199,1308,862,446
2021,Westminster 013G,E01035716,1187,258,129,129,929,622,307
2021,Westminster 014H,E01035717,1105,270,126,144,835,563,272
2021,Westminster 019G,E01035718,926,195,99,96,731,373,358
2021,Westminster 021F,E01035719,681,153,67,86,528,364,164
2021,Westminster 021G,E01035720,681,185,62,123,496,363,133
2021,Westminster 023H,E01035721,1078,251,106,145,827,561,266
2021,Westminster 024G,E01035722,1178,205,79,126,973,646,327
2021,Cherwell 001E,E01035723,661,196,76,120,465,358,107
2021,Cherwell 001F,E01035724,999,194,44,150,805,707,98
2021,Cherwell 004I,E01035725,764,151,46,105,613,541,72
2021,Cherwell 004J,E01035726,996,205,78,127,791,718,73
2021,Cherwell 008E,E01035727,1073,247,66,181,826,711,115
2021,Cherwell 008F,E01035728,698,193,71,122,505,438,67
2021,Cherwell 008G,E01035729,738,216,70,146,522,422,100
2021,Cherwell 010F,E01035730,1027,247,88,159,780,645,135
2021,Cherwell 010G,E01035731,784,213,74,139,571,474,97
2021,Cherwell 011G,E01035733,998,218,78,140,780,641,139
2021,Cherwell 011H,E01035734,723,166,47,119,557,482,75
2021,Cherwell 015E,E01035735,850,216,82,134,634,552,82
2021,Cherwell 015F,E01035736,735,161,61,100,574,506,68
2021,Cherwell 016G,E01035737,1100,248,75,173,852,743,109
2021,Cherwell 016H,E01035738,918,188,45,143,730,616,114
2021,Cherwell 016I,E01035739,931,269,98,171,662,509,153
2021,Oxford 003E,E01035740,846,298,152,146,548,383,165
2021,Oxford 008F,E01035741,780,281,172,109,499,354,145
2021,Oxford 008G,E01035742,767,222,152,70,545,400,145
2021,Oxford 019C,E01035743,772,256,100,156,516,450,66
2021,Oxford 019D,E01035744,686,229,94,135,457,409,48
2021,South Oxfordshire 010E,E01035745,1004,268,81,187,736,633,103
2021,South Oxfordshire 010F,E01035746,1082,219,71,148,863,763,100
2021,South Oxfordshire 011E,E01035747,521,177,59,118,344,277,67
2021,South Oxfordshire 011F,E01035748,919,267,116,151,652,499,153
2021,South Oxfordshire 015F,E01035749,1635,277,74,203,1358,1205,153
2021,South Oxfordshire 015G,E01035750,590,181,69,112,409,329,80
2021,South Oxfordshire 015H,E01035751,850,220,77,143,630,516,114
2021,South Oxfordshire 015I,E01035752,830,206,73,133,624,498,126
2021,Vale of White Horse 007D,E01035753,1069,285,84,201,784,670,114
2021,Vale of White Horse 007E,E01035754,1003,259,106,153,744,614,130
2021,Vale of White Horse 010F,E01035755,808,221,73,148,587,510,77
2021,Vale of White Horse 010G,E01035756,787,210,81,129,577,478,99
2021,Vale of White Horse 014G,E01035757,610,144,47,97,466,415,51
2021,Vale of White Horse 014H,E01035758,612,144,47,97,468,384,84
2021,Vale of White Horse 015G,E01035759,823,221,99,122,602,487,115
2021,Vale of White Horse 015H,E01035760,893,140,34,106,753,646,107
2021,Vale of White Horse 015I,E01035761,883,187,60,127,696,597,99
2021,West Oxfordshire 004H,E01035762,738,242,94,148,496,405,91
2021,Isle of Anglesey 001A,W01000003,987,295,68,227,692,595,97
2021,Isle of Anglesey 001B,W01000004,470,147,38,109,323,264,59
2021,Isle of Anglesey 005A,W01000005,606,237,69,168,369,300,69
2021,Isle of Anglesey 006A,W01000006,739,209,58,151,530,412,118
2021,Isle of Anglesey 009A,W01000007,756,235,75,160,521,415,106
2021,Isle of Anglesey 008A,W01000008,634,179,42,137,455,396,59
2021,Isle of Anglesey 007C,W01000009,846,247,68,179,599,508,91
2021,Isle of Anglesey 002A,W01000010,704,228,81,147,476,399,77
2021,Isle of Anglesey 008B,W01000011,463,174,58,116,289,236,53
2021,Isle of Anglesey 006B,W01000012,712,215,52,163,497,432,65
2021,Isle of Anglesey 005B,W01000013,980,312,95,217,668,541,127
2021,Isle of Anglesey 006C,W01000014,1058,278,66,212,780,687,93
2021,Isle of Anglesey 008C,W01000015,605,165,59,106,440,382,58
2021,Isle of Anglesey 003A,W01000016,492,192,41,151,300,261,39
2021,Isle of Anglesey 003B,W01000017,710,266,78,188,444,390,54
2021,Isle of Anglesey 001C,W01000018,421,140,48,92,281,232,49
2021,Isle of Anglesey 005C,W01000019,505,181,67,114,324,262,62
2021,Isle of Anglesey 002C,W01000021,955,265,83,182,690,548,142
2021,Isle of Anglesey 004A,W01000022,689,239,70,169,450,331,119
2021,Isle of Anglesey 007D,W01000023,714,199,58,141,515,406,109
2021,Isle of Anglesey 007E,W01000024,696,175,44,131,521,440,81
2021,Isle of Anglesey 009B,W01000025,1101,302,87,215,799,651,148
2021,Isle of Anglesey 005D,W01000026,482,171,52,119,311,251,60
2021,Isle of Anglesey 009C,W01000027,866,254,66,188,612,489,123
2021,Isle of Anglesey 001D,W01000028,902,256,63,193,646,500,146
2021,Isle of Anglesey 003C,W01000029,648,229,61,168,419,361,58
2021,Isle of Anglesey 003D,W01000030,912,296,76,220,616,534,82
2021,Isle of Anglesey 001E,W01000031,651,203,74,129,448,354,94
2021,Isle of Anglesey 003E,W01000033,532,194,60,134,338,297,41
2021,Isle of Anglesey 004B,W01000034,636,204,46,158,432,376,56
2021,Isle of Anglesey 005E,W01000035,771,245,86,159,526,410,116
2021,Isle of Anglesey 003F,W01000036,436,157,50,107,279,226,53
2021,Isle of Anglesey 003G,W01000037,480,147,44,103,333,279,54
2021,Isle of Anglesey 009D,W01000038,918,314,97,217,604,502,102
2021,Isle of Anglesey 004D,W01000040,431,147,66,81,284,227,57
2021,Isle of Anglesey 006D,W01000041,615,233,65,168,382,337,45
2021,Isle of Anglesey 008D,W01000042,947,312,72,240,635,551,84
2021,Isle of Anglesey 004F,W01000044,457,133,42,91,324,276,48
2021,Gwynedd 011A,W01000047,606,168,39,129,438,337,101
2021,Gwynedd 003A,W01000050,682,232,86,146,450,351,99
2021,Gwynedd 015A,W01000051,950,263,77,186,687,568,119
2021,Gwynedd 004A,W01000052,500,162,51,111,338,295,43
2021,Gwynedd 004B,W01000053,625,155,42,113,470,379,91
2021,Gwynedd 007A,W01000054,468,111,30,81,357,303,54
2021,Gwynedd 009A,W01000056,790,272,73,199,518,438,80
2021,Gwynedd 016C,W01000057,645,218,79,139,427,316,111
2021,Gwynedd 006A,W01000059,916,296,79,217,620,550,70
2021,Gwynedd 015B,W01000060,632,258,102,156,374,281,93
2021,Gwynedd 011B,W01000061,665,240,80,160,425,338,87
2021,Gwynedd 001A,W01000062,545,318,173,145,227,187,40
2021,Gwynedd 005A,W01000063,893,304,71,233,589,517,72
2021,Gwynedd 002A,W01000064,917,296,70,226,621,558,63
2021,Gwynedd 009B,W01000065,425,146,34,112,279,243,36
2021,Gwynedd 010A,W01000066,468,144,46,98,324,253,71
2021,Gwynedd 016D,W01000067,567,180,56,124,387,319,68
2021,Gwynedd 016E,W01000068,614,196,49,147,418,360,58
2021,Gwynedd 012A,W01000070,627,182,54,128,445,339,106
2021,Gwynedd 003B,W01000071,1149,352,77,275,797,713,84
2021,Gwynedd 002B,W01000072,705,232,77,155,473,414,59
2021,Gwynedd 008A,W01000073,804,255,57,198,549,468,81
2021,Gwynedd 013B,W01000074,734,280,111,169,454,361,93
2021,Gwynedd 002C,W01000075,607,224,87,137,383,352,31
2021,Gwynedd 001B,W01000076,446,199,95,104,247,215,32
2021,Gwynedd 001C,W01000077,433,186,70,116,247,225,22
2021,Gwynedd 011C,W01000078,724,229,60,169,495,397,98
2021,Gwynedd 014C,W01000080,563,213,96,117,350,272,78
2021,Gwynedd 005B,W01000081,1023,292,85,207,731,602,129
2021,Gwynedd 015C,W01000082,525,173,60,113,352,241,111
2021,Gwynedd 015D,W01000083,687,186,80,106,501,306,195
2021,Gwynedd 014D,W01000084,533,182,72,110,351,263,88
2021,Gwynedd 017C,W01000085,716,259,85,174,457,340,117
2021,Gwynedd 008B,W01000086,962,297,85,212,665,537,128
2021,Gwynedd 004C,W01000087,851,229,53,176,622,558,64
2021,Gwynedd 007B,W01000088,993,298,93,205,695,599,96
2021,Gwynedd 011D,W01000089,918,271,88,183,647,490,157
2021,Gwynedd 002D,W01000090,536,215,51,164,321,289,32
2021,Gwynedd 001D,W01000091,401,151,47,104,250,219,31
2021,Gwynedd 001E,W01000092,724,457,287,170,267,221,46
2021,Gwynedd 006B,W01000093,1019,265,76,189,754,652,102
2021,Gwynedd 012B,W01000094,529,164,66,98,365,294,71
2021,Gwynedd 012C,W01000095,556,184,40,144,372,319,53
2021,Gwynedd 003C,W01000096,585,180,48,132,405,351,54
2021,Gwynedd 003D,W01000097,547,179,49,130,368,319,49
2021,Gwynedd 006C,W01000098,1020,340,78,262,680,605,75
2021,Gwynedd 005C,W01000099,827,251,69,182,576,504,72
2021,Gwynedd 010B,W01000100,513,159,63,96,354,293,61
2021,Gwynedd 013D,W01000101,641,196,48,148,445,376,69
2021,Gwynedd 002E,W01000102,926,223,59,164,703,594,109
2021,Gwynedd 005D,W01000103,604,201,71,130,403,331,72
2021,Gwynedd 008C,W01000104,813,240,67,173,573,510,63
2021,Gwynedd 010C,W01000105,787,259,86,173,528,449,79
2021,Gwynedd 010D,W01000106,572,207,81,126,365,295,70
2021,Gwynedd 010E,W01000107,511,175,63,112,336,251,85
2021,Gwynedd 012D,W01000108,947,341,102,239,606,518,88
2021,Gwynedd 012E,W01000109,804,249,67,182,555,472,83
2021,Gwynedd 006D,W01000110,738,197,59,138,541,480,61
2021,Gwynedd 007C,W01000111,742,203,63,140,539,467,72
2021,Gwynedd 008D,W01000112,829,278,94,184,551,468,83
2021,Gwynedd 009C,W01000113,824,252,70,182,572,487,85
2021,Gwynedd 009D,W01000114,687,200,63,137,487,361,126
2021,Gwynedd 003E,W01000115,1019,335,84,251,684,577,107
2021,Gwynedd 017D,W01000116,623,202,72,130,421,345,76
2021,Gwynedd 017E,W01000117,567,197,51,146,370,329,41
2021,Gwynedd 007D,W01000118,822,245,65,180,577,475,102
2021,Gwynedd 004D,W01000119,1209,341,82,259,868,753,115
2021,Conwy 015A,W01000121,602,221,82,139,381,260,121
2021,Conwy 014A,W01000122,964,301,109,192,663,475,188
2021,Conwy 013A,W01000123,751,263,75,188,488,419,69
2021,Conwy 012A,W01000124,872,317,123,194,555,437,118
2021,Conwy 013B,W01000125,723,243,77,166,480,407,73
2021,Conwy 009A,W01000126,806,245,62,183,561,478,83
2021,Conwy 009B,W01000127,521,166,66,100,355,300,55
2021,Conwy 009C,W01000128,651,183,51,132,468,381,87
2021,Conwy 012B,W01000129,508,193,67,126,315,263,52
2021,Conwy 012C,W01000130,619,224,74,150,395,339,56
2021,Conwy 012D,W01000131,756,240,66,174,516,425,91
2021,Conwy 001A,W01000132,645,236,100,136,409,342,67
2021,Conwy 002A,W01000133,580,202,66,136,378,303,75
2021,Conwy 015B,W01000134,906,279,75,204,627,529,98
2021,Conwy 006A,W01000135,735,270,78,192,465,386,79
2021,Conwy 006B,W01000136,744,262,68,194,482,404,78
2021,Conwy 015C,W01000137,749,214,84,130,535,391,144
2021,Conwy 008A,W01000138,853,242,77,165,611,517,94
2021,Conwy 007A,W01000139,804,256,70,186,548,478,70
2021,Conwy 010B,W01000140,836,274,77,197,562,482,80
2021,Conwy 010C,W01000141,490,155,54,101,335,288,47
2021,Conwy 010D,W01000142,558,197,69,128,361,307,54
2021,Conwy 007B,W01000143,696,254,60,194,442,386,56
2021,Conwy 007C,W01000144,608,238,66,172,370,325,45
2021,Conwy 008B,W01000145,549,170,41,129,379,327,52
2021,Conwy 001B,W01000146,905,340,132,208,565,427,138
2021,Conwy 001C,W01000147,560,230,71,159,330,269,61
2021,Conwy 015D,W01000148,533,181,47,134,352,287,65
2021,Conwy 005A,W01000149,457,157,50,107,300,267,33
2021,Conwy 005B,W01000150,661,208,55,153,453,383,70
2021,Conwy 005C,W01000151,617,171,32,139,446,383,63
2021,Conwy 005D,W01000152,564,189,45,144,375,332,43
2021,Conwy 009D,W01000153,684,200,59,141,484,419,65
2021,Conwy 003A,W01000154,597,196,50,146,401,349,52
2021,Conwy 004A,W01000155,517,182,72,110,335,274,61
2021,Conwy 004B,W01000156,526,184,54,130,342,298,44
2021,Conwy 004C,W01000157,559,192,41,151,367,317,50
2021,Conwy 004D,W01000158,547,178,60,118,369,308,61
2021,Conwy 014B,W01000159,720,189,59,130,531,355,176
2021,Conwy 014C,W01000162,945,262,87,175,683,492,191
2021,Conwy 009E,W01000163,468,177,47,130,291,253,38
2021,Conwy 009F,W01000164,695,206,58,148,489,431,58
2021,Conwy 006C,W01000165,804,277,85,192,527,452,75
2021,Conwy 006D,W01000166,1320,414,140,274,906,785,121
2021,Conwy 011C,W01000167,844,270,44,226,574,486,88
2021,Conwy 002B,W01000168,747,257,66,191,490,427,63
2021,Conwy 001D,W01000169,726,285,90,195,441,375,66
2021,Conwy 013C,W01000170,776,257,83,174,519,451,68
2021,Conwy 013D,W01000171,629,237,87,150,392,335,57
2021,Conwy 013E,W01000172,593,212,57,155,381,336,45
2021,Conwy 003B,W01000173,729,227,70,157,502,427,75
2021,Conwy 003C,W01000174,709,238,72,166,471,421,50
2021,Conwy 003D,W01000175,500,157,41,116,343,276,67
2021,Conwy 011D,W01000176,780,250,50,200,530,461,69
2021,Conwy 011E,W01000177,714,171,30,141,543,466,77
2021,Conwy 010E,W01000178,743,220,50,170,523,469,54
2021,Conwy 010F,W01000179,799,222,54,168,577,500,77
2021,Conwy 008C,W01000180,673,227,93,134,446,355,91
2021,Conwy 008D,W01000181,776,250,70,180,526,448,78
2021,Conwy 007D,W01000182,710,244,93,151,466,392,74
2021,Conwy 008E,W01000183,576,185,66,119,391,318,73
2021,Conwy 005E,W01000184,859,286,69,217,573,478,95
2021,Conwy 015E,W01000185,572,202,76,126,370,310,60
2021,Conwy 001E,W01000186,596,226,70,156,370,322,48
2021,Conwy 002C,W01000187,528,214,56,158,314,278,36
2021,Conwy 002D,W01000188,659,213,60,153,446,383,63
2021,Conwy 015F,W01000189,752,224,87,137,528,338,190
2021,Conwy 014D,W01000190,710,175,44,131,535,363,172
2021,Denbighshire 009A,W01000191,1010,257,62,195,753,659,94
2021,Denbighshire 016A,W01000192,459,151,50,101,308,226,82
2021,Denbighshire 015A,W01000193,570,170,35,135,400,323,77
2021,Denbighshire 011A,W01000194,882,240,75,165,642,566,76
2021,Denbighshire 012A,W01000195,676,175,44,131,501,417,84
2021,Denbighshire 012B,W01000196,724,196,50,146,528,459,69
2021,Denbighshire 012C,W01000197,801,243,85,158,558,473,85
2021,Denbighshire 011B,W01000198,430,147,41,106,283,249,34
2021,Denbighshire 011C,W01000199,744,241,62,179,503,400,103
2021,Denbighshire 008A,W01000200,622,171,68,103,451,383,68
2021,Denbighshire 008B,W01000201,734,200,46,154,534,449,85
2021,Denbighshire 015B,W01000202,819,259,87,172,560,406,154
2021,Denbighshire 013A,W01000203,1176,387,144,243,789,586,203
2021,Denbighshire 013B,W01000204,660,203,79,124,457,354,103
2021,Denbighshire 016B,W01000205,587,186,55,131,401,292,109
2021,Denbighshire 013C,W01000206,1073,327,98,229,746,580,166
2021,Denbighshire 015C,W01000207,1099,332,90,242,767,526,241
2021,Denbighshire 016C,W01000208,605,223,85,138,382,292,90
2021,Denbighshire 016D,W01000209,633,226,71,155,407,345,62
2021,Denbighshire 016E,W01000210,560,186,56,130,374,304,70
2021,Denbighshire 012D,W01000211,867,272,89,183,595,415,180
2021,Denbighshire 003A,W01000212,947,300,90,210,647,553,94
2021,Denbighshire 002A,W01000213,467,179,43,136,288,249,39
2021,Denbighshire 002B,W01000214,485,157,43,114,328,284,44
2021,Denbighshire 002C,W01000215,630,184,61,123,446,388,58
2021,Denbighshire 002D,W01000216,525,160,45,115,365,307,58
2021,Denbighshire 008C,W01000217,823,240,48,192,583,506,77
2021,Denbighshire 001A,W01000218,642,200,47,153,442,392,50
2021,Denbighshire 001B,W01000219,1099,371,99,272,728,633,95
2021,Denbighshire 001C,W01000220,562,167,50,117,395,348,47
2021,Denbighshire 003B,W01000221,536,161,41,120,375,333,42
2021,Denbighshire 003C,W01000222,691,226,68,158,465,408,57
2021,Denbighshire 009B,W01000223,581,172,39,133,409,356,53
2021,Denbighshire 009C,W01000224,676,182,42,140,494,433,61
2021,Denbighshire 009D,W01000225,660,210,60,150,450,392,58
2021,Denbighshire 004A,W01000226,560,176,47,129,384,339,45
2021,Denbighshire 004B,W01000227,570,168,44,124,402,339,63
2021,Denbighshire 004C,W01000228,499,159,40,119,340,273,67
2021,Denbighshire 017E,W01000229,538,199,53,146,339,291,48
2021,Denbighshire 017F,W01000230,821,258,67,191,563,486,77
2021,Denbighshire 017A,W01000231,636,207,58,149,429,377,52
2021,Denbighshire 017B,W01000232,757,220,53,167,537,467,70
2021,Denbighshire 017C,W01000233,546,177,39,138,369,327,42
2021,Denbighshire 017G,W01000234,970,294,60,234,676,592,84
2021,Denbighshire 017D,W01000235,634,191,49,142,443,392,51
2021,Denbighshire 006A,W01000236,681,255,59,196,426,390,36
2021,Denbighshire 006B,W01000237,529,224,51,173,305,276,29
2021,Denbighshire 006C,W01000238,808,240,61,179,568,493,75
2021,Denbighshire 004D,W01000239,560,209,64,145,351,301,50
2021,Denbighshire 004E,W01000240,479,213,60,153,266,234,32
2021,Denbighshire 004F,W01000241,467,177,52,125,290,252,38
2021,Denbighshire 014A,W01000242,928,277,92,185,651,540,111
2021,Denbighshire 014B,W01000243,895,277,88,189,618,499,119
2021,Denbighshire 014C,W01000244,720,213,71,142,507,410,97
2021,Denbighshire 010A,W01000245,840,234,80,154,606,503,103
2021,Denbighshire 010B,W01000246,714,202,55,147,512,434,78
2021,Denbighshire 010C,W01000247,786,238,82,156,548,461,87
2021,Denbighshire 008D,W01000248,843,247,90,157,596,454,142
2021,Flintshire 014A,W01000249,583,168,61,107,415,357,58
2021,Flintshire 014B,W01000250,652,172,53,119,480,426,54
2021,Flintshire 013A,W01000251,711,198,60,138,513,459,54
2021,Flintshire 010A,W01000252,676,185,56,129,491,432,59
2021,Flintshire 003A,W01000253,899,255,66,189,644,553,91
2021,Flintshire 003B,W01000254,983,272,70,202,711,604,107
2021,Flintshire 015A,W01000255,1101,282,89,193,819,709,110
2021,Flintshire 015B,W01000256,814,201,50,151,613,545,68
2021,Flintshire 015C,W01000257,1428,309,82,227,1119,998,121
2021,Flintshire 006A,W01000258,1002,281,98,183,721,613,108
2021,Flintshire 017A,W01000259,721,207,57,150,514,444,70
2021,Flintshire 017B,W01000260,834,207,52,155,627,552,75
2021,Flintshire 014C,W01000261,670,171,39,132,499,441,58
2021,Flintshire 017C,W01000262,694,189,45,144,505,452,53
2021,Flintshire 017D,W01000263,576,170,43,127,406,357,49
2021,Flintshire 012A,W01000264,899,235,60,175,664,592,72
2021,Flintshire 012B,W01000265,706,183,53,130,523,445,78
2021,Flintshire 017E,W01000266,838,176,35,141,662,597,65
2021,Flintshire 017F,W01000267,1059,238,69,169,821,727,94
2021,Flintshire 013B,W01000268,827,206,67,139,621,554,67
2021,Flintshire 020A,W01000269,718,203,47,156,515,454,61
2021,Flintshire 006B,W01000270,650,167,55,112,483,356,127
2021,Flintshire 006C,W01000271,571,165,55,110,406,326,80
2021,Flintshire 006D,W01000272,829,227,82,145,602,470,132
2021,Flintshire 007A,W01000273,673,200,50,150,473,419,54
2021,Flintshire 007B,W01000274,876,207,55,152,669,619,50
2021,Flintshire 007C,W01000275,649,175,52,123,474,433,41
2021,Flintshire 008A,W01000276,720,180,50,130,540,481,59
2021,Flintshire 008B,W01000277,796,192,56,136,604,530,74
2021,Flintshire 007D,W01000278,625,187,47,140,438,400,38
2021,Flintshire 008C,W01000279,523,131,29,102,392,337,55
2021,Flintshire 010B,W01000280,874,218,68,150,656,566,90
2021,Flintshire 008D,W01000281,557,149,45,104,408,364,44
2021,Flintshire 010C,W01000282,982,219,72,147,763,673,90
2021,Flintshire 008E,W01000283,1166,309,99,210,857,760,97
2021,Flintshire 013C,W01000284,912,255,81,174,657,567,90
2021,Flintshire 013D,W01000285,728,195,62,133,533,470,63
2021,Flintshire 013E,W01000286,1182,297,99,198,885,774,111
2021,Flintshire 001A,W01000287,778,218,60,158,560,471,89
2021,Flintshire 004A,W01000288,903,255,71,184,648,570,78
2021,Flintshire 005A,W01000289,704,184,47,137,520,454,66
2021,Flintshire 004B,W01000290,450,115,35,80,335,300,35
2021,Flintshire 005B,W01000291,661,179,50,129,482,428,54
2021,Flintshire 004C,W01000292,633,190,52,138,443,400,43
2021,Flintshire 004D,W01000293,1500,337,112,225,1163,1022,141
2021,Flintshire 005C,W01000294,926,248,80,168,678,605,73
2021,Flintshire 005D,W01000295,768,206,62,144,562,507,55
2021,Flintshire 003C,W01000296,609,167,41,126,442,386,56
2021,Flintshire 003D,W01000297,610,168,45,123,442,389,53
2021,Flintshire 001B,W01000298,582,175,43,132,407,344,63
2021,Flintshire 019A,W01000299,823,271,100,171,552,452,100
2021,Flintshire 019B,W01000300,778,213,65,148,565,448,117
2021,Flintshire 006E,W01000301,866,250,82,168,616,492,124
2021,Flintshire 013F,W01000302,904,267,101,166,637,547,90
2021,Flintshire 018A,W01000303,816,232,82,150,584,474,110
2021,Flintshire 003E,W01000304,785,229,70,159,556,485,71
2021,Flintshire 003F,W01000305,821,240,67,173,581,490,91
2021,Flintshire 002A,W01000306,1057,296,85,211,761,653,108
2021,Flintshire 020B,W01000307,708,190,55,135,518,439,79
2021,Flintshire 020C,W01000308,544,145,41,104,399,346,53
2021,Flintshire 019C,W01000309,1008,277,84,193,731,627,104
2021,Flintshire 020D,W01000310,915,223,74,149,692,578,114
2021,Flintshire 011A,W01000311,757,199,53,146,558,489,69
2021,Flintshire 011B,W01000312,779,220,68,152,559,500,59
2021,Flintshire 016A,W01000313,760,193,51,142,567,495,72
2021,Flintshire 016B,W01000314,492,157,61,96,335,302,33
2021,Flintshire 016C,W01000315,849,240,57,183,609,538,71
2021,Flintshire 016D,W01000316,537,139,36,103,398,342,56
2021,Flintshire 016E,W01000317,794,217,58,159,577,506,71
2021,Flintshire 016F,W01000318,420,131,43,88,289,264,25
2021,Flintshire 016G,W01000319,644,206,55,151,438,380,58
2021,Flintshire 002B,W01000320,843,260,81,179,583,492,91
2021,Flintshire 014D,W01000321,807,203,68,135,604,532,72
2021,Flintshire 014E,W01000322,615,144,45,99,471,412,59
2021,Flintshire 012C,W01000323,707,207,83,124,500,412,88
2021,Flintshire 012D,W01000324,712,181,66,115,531,487,44
2021,Flintshire 010D,W01000325,851,227,78,149,624,525,99
2021,Flintshire 018B,W01000326,1144,309,98,211,835,725,110
2021,Flintshire 018C,W01000327,1289,370,111,259,919,796,123
2021,Flintshire 011C,W01000328,1022,221,66,155,801,710,91
2021,Flintshire 015D,W01000329,848,219,58,161,629,568,61
2021,Flintshire 015E,W01000330,1031,280,70,210,751,669,82
2021,Flintshire 015F,W01000331,730,207,47,160,523,465,58
2021,Flintshire 009A,W01000332,965,234,72,162,731,628,103
2021,Flintshire 009B,W01000333,635,216,54,162,419,385,34
2021,Flintshire 009C,W01000334,921,240,69,171,681,615,66
2021,Flintshire 009D,W01000335,416,106,27,79,310,278,32
2021,Flintshire 009E,W01000336,548,161,45,116,387,361,26
2021,Flintshire 009F,W01000337,1108,289,78,211,819,751,68
2021,Flintshire 001C,W01000338,818,233,68,165,585,464,121
2021,Flintshire 019D,W01000339,797,208,65,143,589,485,104
2021,Flintshire 002C,W01000340,1123,336,118,218,787,657,130
2021,Wrexham 023C,W01000341,720,211,56,155,509,473,36
2021,Wrexham 023E,W01000342,671,198,48,150,473,417,56
2021,Wrexham 023B,W01000343,432,135,34,101,297,261,36
2021,Wrexham 023A,W01000344,520,170,40,130,350,316,34
2021,Wrexham 018A,W01000345,718,204,65,139,514,402,112
2021,Wrexham 018B,W01000346,717,247,86,161,470,325,145
2021,Wrexham 006A,W01000347,1586,323,90,233,1263,1107,156
2021,Wrexham 006B,W01000348,632,208,57,151,424,371,53
2021,Wrexham 011A,W01000349,1207,295,70,225,912,803,109
2021,Wrexham 011B,W01000350,985,223,78,145,762,649,113
2021,Wrexham 005A,W01000351,1027,273,76,197,754,662,92
2021,Wrexham 017A,W01000354,764,216,54,162,548,465,83
2021,Wrexham 017B,W01000355,733,211,48,163,522,465,57
2021,Wrexham 017C,W01000356,727,224,59,165,503,454,49
2021,Wrexham 019C,W01000359,617,197,56,141,420,364,56
2021,Wrexham 019D,W01000360,539,168,37,131,371,316,55
2021,Wrexham 019E,W01000361,849,268,73,195,581,500,81
2021,Wrexham 006C,W01000362,614,207,48,159,407,360,47
2021,Wrexham 006D,W01000363,702,183,52,131,519,468,51
2021,Wrexham 006E,W01000364,737,189,62,127,548,481,67
2021,Wrexham 011C,W01000365,887,243,71,172,644,560,84
2021,Wrexham 014A,W01000366,685,183,43,140,502,441,61
2021,Wrexham 014B,W01000367,694,190,49,141,504,434,70
2021,Wrexham 008A,W01000368,894,226,67,159,668,591,77
2021,Wrexham 021B,W01000369,537,172,54,118,365,305,60
2021,Wrexham 021D,W01000370,742,209,81,128,533,457,76
2021,Wrexham 008B,W01000371,571,165,49,116,406,365,41
2021,Wrexham 008C,W01000372,687,183,69,114,504,462,42
2021,Wrexham 005B,W01000373,722,217,49,168,505,447,58
2021,Wrexham 003A,W01000374,575,165,41,124,410,369,41
2021,Wrexham 003B,W01000375,1181,293,85,208,888,770,118
2021,Wrexham 003C,W01000376,624,169,43,126,455,412,43
2021,Wrexham 004A,W01000377,761,183,49,134,578,503,75
2021,Wrexham 004B,W01000378,518,146,43,103,372,329,43
2021,Wrexham 004C,W01000379,644,217,46,171,427,384,43
2021,Wrexham 004D,W01000380,702,186,50,136,516,455,61
2021,Wrexham 012A,W01000381,488,119,21,98,369,327,42
2021,Wrexham 012B,W01000382,557,160,53,107,397,344,53
2021,Wrexham 022C,W01000384,446,136,53,83,310,253,57
2021,Wrexham 014C,W01000385,787,213,61,152,574,512,62
2021,Wrexham 015A,W01000386,656,174,54,120,482,425,57
2021,Wrexham 008D,W01000387,519,146,44,102,373,326,47
2021,Wrexham 008E,W01000388,495,146,35,111,349,289,60
2021,Wrexham 017D,W01000389,992,266,80,186,726,616,110
2021,Wrexham 021A,W01000390,809,187,61,126,622,535,87
2021,Wrexham 003D,W01000391,641,161,45,116,480,415,65
2021,Wrexham 003E,W01000392,682,201,63,138,481,421,60
2021,Wrexham 023G,W01000393,844,239,62,177,605,526,79
2021,Wrexham 016A,W01000394,643,176,67,109,467,356,111
2021,Wrexham 016B,W01000395,444,120,27,93,324,281,43
2021,Wrexham 013A,W01000398,560,138,35,103,422,362,60
2021,Wrexham 013B,W01000399,547,161,52,109,386,328,58
2021,Wrexham 005C,W01000400,962,237,44,193,725,644,81
2021,Wrexham 005D,W01000401,1015,269,72,197,746,659,87
2021,Wrexham 011D,W01000402,1377,342,93,249,1035,905,130
2021,Wrexham 018C,W01000403,649,210,71,139,439,318,121
2021,Wrexham 018D,W01000404,976,300,90,210,676,523,153
2021,Wrexham 015B,W01000405,942,321,73,248,621,546,75
2021,Wrexham 013C,W01000406,879,249,65,184,630,555,75
2021,Wrexham 016C,W01000407,750,200,64,136,550,460,90
2021,Wrexham 013D,W01000408,543,149,39,110,394,339,55
2021,Wrexham 017E,W01000409,540,203,46,157,337,295,42
2021,Wrexham 014D,W01000410,785,221,52,169,564,496,68
2021,Wrexham 015C,W01000411,615,172,36,136,443,394,49
2021,Wrexham 015D,W01000412,752,186,51,135,566,483,83
2021,Wrexham 010C,W01000413,370,134,25,109,236,212,24
2021,Wrexham 010D,W01000414,462,166,34,132,296,274,22
2021,Wrexham 023F,W01000415,636,169,38,131,467,434,33
2021,Wrexham 023D,W01000416,598,175,44,131,423,377,46
2021,Wrexham 022B,W01000417,715,203,75,128,512,424,88
2021,Wrexham 022A,W01000418,814,220,65,155,594,463,131
2021,Wrexham 016D,W01000419,671,172,48,124,499,414,85
2021,Wrexham 016E,W01000420,708,166,48,118,542,468,74
2021,Wrexham 008F,W01000422,951,260,77,183,691,620,71
2021,Wrexham 012D,W01000423,1062,267,68,199,795,701,94
2021,Wrexham 012E,W01000424,610,147,29,118,463,424,39
2021,Wrexham 010E,W01000425,708,263,69,194,445,404,41
2021,Powys 021A,W01000426,606,171,55,116,435,385,50
2021,Powys 011A,W01000427,611,170,54,116,441,264,177
2021,Powys 005A,W01000428,682,219,77,142,463,316,147
2021,Powys 010A,W01000429,1143,399,133,266,744,500,244
2021,Powys 015A,W01000430,648,219,87,132,429,321,108
2021,Powys 014A,W01000431,651,202,62,140,449,373,76
2021,Powys 014B,W01000432,539,161,42,119,378,317,61
2021,Powys 006A,W01000433,1068,359,122,237,709,526,183
2021,Powys 007A,W01000434,812,276,93,183,536,387,149
2021,Powys 012A,W01000438,438,160,53,107,278,197,81
2021,Powys 007B,W01000439,1034,319,118,201,715,529,186
2021,Powys 020A,W01000440,671,182,48,134,489,316,173
2021,Powys 005B,W01000441,756,237,76,161,519,391,128
2021,Powys 004A,W01000442,1064,375,118,257,689,497,192
2021,Powys 015B,W01000443,1127,400,143,257,727,476,251
2021,Powys 002A,W01000444,1066,334,112,222,732,548,184
2021,Powys 015C,W01000445,738,249,99,150,489,355,134
2021,Powys 015D,W01000446,753,297,121,176,456,387,69
2021,Powys 007C,W01000447,1033,297,73,224,736,495,241
2021,Powys 011B,W01000448,638,220,65,155,418,325,93
2021,Powys 011C,W01000449,767,271,113,158,496,388,108
2021,Powys 014C,W01000450,675,224,86,138,451,294,157
2021,Powys 012B,W01000451,538,176,60,116,362,235,127
2021,Powys 004B,W01000452,892,255,72,183,637,429,208
2021,Powys 010B,W01000453,711,198,53,145,513,350,163
2021,Powys 013A,W01000454,485,170,53,117,315,272,43
2021,Powys 013B,W01000455,913,303,89,214,610,529,81
2021,Powys 013C,W01000456,838,302,106,196,536,445,91
2021,Powys 002B,W01000457,1141,322,101,221,819,620,199
2021,Powys 002C,W01000458,905,260,70,190,645,500,145
2021,Powys 014D,W01000459,599,195,57,138,404,260,144
2021,Powys 006B,W01000460,827,264,92,172,563,388,175
2021,Powys 001A,W01000461,718,251,68,183,467,341,126
2021,Powys 011D,W01000464,577,183,51,132,394,270,124
2021,Powys 018E,W01000465,429,152,65,87,277,222,55
2021,Powys 010C,W01000466,562,181,52,129,381,316,65
2021,Powys 010D,W01000467,675,270,86,184,405,337,68
2021,Powys 001D,W01000470,924,304,115,189,620,432,188
2021,Powys 014E,W01000471,778,251,95,156,527,366,161
2021,Powys 012C,W01000472,517,157,37,120,360,269,91
2021,Powys 004C,W01000473,1009,383,131,252,626,558,68
2021,Powys 020B,W01000474,899,281,107,174,618,402,216
2021,Powys 001E,W01000475,1190,382,150,232,808,551,257
2021,Powys 005C,W01000476,600,193,77,116,407,317,90
2021,Powys 012D,W01000477,712,239,87,152,473,298,175
2021,Powys 009A,W01000478,828,246,66,180,582,494,88
2021,Powys 009B,W01000479,594,185,47,138,409,348,61
2021,Powys 008A,W01000480,914,293,91,202,621,525,96
2021,Powys 008B,W01000481,1081,318,72,246,763,654,109
2021,Powys 008C,W01000482,863,271,67,204,592,498,94
2021,Powys 009C,W01000483,786,275,76,199,511,433,78
2021,Powys 011E,W01000484,810,275,100,175,535,337,198
2021,Powys 011F,W01000485,595,201,54,147,394,291,103
2021,Powys 011G,W01000486,476,160,54,106,316,247,69
2021,Powys 012E,W01000487,928,303,94,209,625,497,128
2021,Powys 006C,W01000488,1116,349,117,232,767,543,224
2021,Powys 017A,W01000489,804,224,47,177,580,479,101
2021,Powys 017D,W01000492,721,220,78,142,501,422,79
2021,Powys 017E,W01000493,900,202,64,138,698,465,233
2021,Powys 015E,W01000494,815,276,96,180,539,417,122
2021,Powys 021B,W01000496,956,286,83,203,670,534,136
2021,Powys 005D,W01000497,678,195,80,115,483,383,100
2021,Powys 003A,W01000498,610,211,80,131,399,350,49
2021,Powys 003B,W01000499,565,149,44,105,416,352,64
2021,Powys 003C,W01000500,825,300,76,224,525,442,83
2021,Powys 003D,W01000501,1030,314,92,222,716,620,96
2021,Powys 021C,W01000502,863,253,63,190,610,535,75
2021,Powys 020C,W01000503,524,146,56,90,378,232,146
2021,Powys 021D,W01000504,435,150,31,119,285,239,46
2021,Powys 021E,W01000505,638,236,63,173,402,324,78
2021,Ceredigion 005A,W01000506,463,149,52,97,314,254,60
2021,Ceredigion 009A,W01000507,462,180,70,110,282,221,61
2021,Ceredigion 009B,W01000508,409,160,42,118,249,201,48
2021,Ceredigion 009C,W01000509,655,245,72,173,410,327,83
2021,Ceredigion 009D,W01000510,456,165,55,110,291,239,52
2021,Ceredigion 009E,W01000511,447,182,62,120,265,221,44
2021,Ceredigion 002A,W01000512,542,223,88,135,319,264,55
2021,Ceredigion 002B,W01000513,892,434,189,245,458,418,40
2021,Ceredigion 003A,W01000515,584,205,54,151,379,338,41
2021,Ceredigion 003B,W01000516,748,251,66,185,497,457,40
2021,Ceredigion 002D,W01000517,501,268,126,142,233,201,32
2021,Ceredigion 003C,W01000518,445,157,60,97,288,253,35
2021,Ceredigion 010A,W01000519,768,274,102,172,494,339,155
2021,Ceredigion 010B,W01000522,548,174,57,117,374,254,120
2021,Ceredigion 001C,W01000523,920,296,105,191,624,497,127
2021,Ceredigion 005B,W01000524,902,291,114,177,611,492,119
2021,Ceredigion 011A,W01000525,494,160,54,106,334,293,41
2021,Ceredigion 008A,W01000527,426,148,59,89,278,220,58
2021,Ceredigion 008B,W01000528,549,191,61,130,358,287,71
2021,Ceredigion 010C,W01000531,690,227,67,160,463,352,111
2021,Ceredigion 010D,W01000533,578,188,48,140,390,320,70
2021,Ceredigion 011B,W01000534,715,202,62,140,513,411,102
2021,Ceredigion 008C,W01000535,897,277,89,188,620,444,176
2021,Ceredigion 011E,W01000536,604,198,66,132,406,302,104
2021,Ceredigion 008D,W01000537,609,204,71,133,405,292,113
2021,Ceredigion 005C,W01000538,713,202,65,137,511,375,136
2021,Ceredigion 005D,W01000539,582,196,56,140,386,284,102
2021,Ceredigion 005E,W01000540,509,161,48,113,348,296,52
2021,Ceredigion 008E,W01000541,780,214,71,143,566,412,154
2021,Ceredigion 011F,W01000542,1007,346,108,238,661,482,179
2021,Ceredigion 011C,W01000543,960,314,109,205,646,479,167
2021,Ceredigion 007D,W01000545,882,291,128,163,591,435,156
2021,Ceredigion 009F,W01000546,443,180,62,118,263,196,67
2021,Ceredigion 009G,W01000547,512,174,60,114,338,227,111
2021,Ceredigion 001D,W01000548,776,240,72,168,536,466,70
2021,Ceredigion 001E,W01000549,869,234,50,184,635,550,85
2021,Ceredigion 011G,W01000550,496,164,54,110,332,261,71
2021,Ceredigion 010E,W01000551,569,186,70,116,383,270,113
2021,Ceredigion 011D,W01000552,986,301,90,211,685,519,166
2021,Pembrokeshire 011A,W01000553,523,194,70,124,329,246,83
2021,Pembrokeshire 009A,W01000554,817,245,80,165,572,460,112
2021,Pembrokeshire 008A,W01000555,647,230,85,145,417,301,116
2021,Pembrokeshire 008B,W01000556,509,203,83,120,306,222,84
2021,Pembrokeshire 014A,W01000557,720,241,99,142,479,384,95
2021,Pembrokeshire 001A,W01000558,951,313,102,211,638,485,153
2021,Pembrokeshire 001B,W01000559,652,208,64,144,444,295,149
2021,Pembrokeshire 001C,W01000560,652,238,87,151,414,277,137
2021,Pembrokeshire 001D,W01000561,629,217,76,141,412,274,138
2021,Pembrokeshire 002A,W01000562,736,251,92,159,485,317,168
2021,Pembrokeshire 011B,W01000563,472,152,49,103,320,244,76
2021,Pembrokeshire 011C,W01000564,554,194,65,129,360,305,55
2021,Pembrokeshire 002B,W01000565,655,256,74,182,399,318,81
2021,Pembrokeshire 002C,W01000566,624,209,66,143,415,342,73
2021,Pembrokeshire 002D,W01000567,870,352,119,233,518,441,77
2021,Pembrokeshire 005B,W01000569,500,152,55,97,348,294,54
2021,Pembrokeshire 005C,W01000570,533,217,80,137,316,255,61
2021,Pembrokeshire 006A,W01000571,988,335,92,243,653,556,97
2021,Pembrokeshire 005D,W01000572,866,316,94,222,550,470,80
2021,Pembrokeshire 006B,W01000573,1230,383,109,274,847,704,143
2021,Pembrokeshire 015A,W01000574,767,268,107,161,499,358,141
2021,Pembrokeshire 008C,W01000575,1223,375,85,290,848,680,168
2021,Pembrokeshire 011D,W01000576,948,289,82,207,659,527,132
2021,Pembrokeshire 007A,W01000577,711,245,100,145,466,349,117
2021,Pembrokeshire 014B,W01000578,732,273,94,179,459,346,113
2021,Pembrokeshire 003A,W01000579,1044,333,104,229,711,509,202
2021,Pembrokeshire 009B,W01000580,1028,330,85,245,698,584,114
2021,Pembrokeshire 003B,W01000581,689,255,111,144,434,311,123
2021,Pembrokeshire 004A,W01000582,774,257,82,175,517,366,151
2021,Pembrokeshire 004B,W01000583,664,228,80,148,436,313,123
2021,Pembrokeshire 014C,W01000584,867,317,119,198,550,422,128
2021,Pembrokeshire 007B,W01000585,657,216,85,131,441,300,141
2021,Pembrokeshire 006C,W01000586,906,286,66,220,620,521,99
2021,Pembrokeshire 010A,W01000587,846,275,80,195,571,467,104
2021,Pembrokeshire 010B,W01000588,949,342,97,245,607,492,115
2021,Pembrokeshire 012A,W01000589,514,142,43,99,372,306,66
2021,Pembrokeshire 012B,W01000590,463,147,37,110,316,247,69
2021,Pembrokeshire 012C,W01000591,740,240,62,178,500,421,79
2021,Pembrokeshire 012D,W01000592,468,165,45,120,303,261,42
2021,Pembrokeshire 012E,W01000594,908,298,91,207,610,518,92
2021,Pembrokeshire 007C,W01000595,1040,386,130,256,654,531,123
2021,Pembrokeshire 007D,W01000596,768,254,94,160,514,372,142
2021,Pembrokeshire 002E,W01000597,381,190,71,119,191,132,59
2021,Pembrokeshire 009C,W01000598,906,309,84,225,597,495,102
2021,Pembrokeshire 009D,W01000599,857,274,83,191,583,457,126
2021,Pembrokeshire 013A,W01000600,688,204,55,149,484,396,88
2021,Pembrokeshire 013B,W01000601,493,192,58,134,301,261,40
2021,Pembrokeshire 013C,W01000602,485,167,48,119,318,263,55
2021,Pembrokeshire 013D,W01000603,827,273,68,205,554,455,99
2021,Pembrokeshire 013E,W01000604,680,243,78,165,437,349,88
2021,Pembrokeshire 013F,W01000605,791,239,76,163,552,452,100
2021,Pembrokeshire 015B,W01000606,570,214,51,163,356,289,67
2021,Pembrokeshire 015C,W01000607,969,338,106,232,631,500,131
2021,Pembrokeshire 015D,W01000608,557,196,54,142,361,297,64
2021,Pembrokeshire 014D,W01000609,914,307,95,212,607,501,106
2021,Pembrokeshire 016A,W01000610,670,247,83,164,423,325,98
2021,Pembrokeshire 004C,W01000611,951,297,90,207,654,532,122
2021,Pembrokeshire 003C,W01000612,769,307,117,190,462,345,117
2021,Pembrokeshire 001E,W01000613,896,373,151,222,523,381,142
2021,Pembrokeshire 008D,W01000614,600,209,77,132,391,283,108
2021,Pembrokeshire 002F,W01000617,669,241,84,157,428,301,127
2021,Pembrokeshire 003D,W01000618,882,326,129,197,556,381,175
2021,Pembrokeshire 016B,W01000619,810,342,117,225,468,383,85
2021,Pembrokeshire 008E,W01000622,686,243,90,153,443,330,113
2021,Pembrokeshire 004D,W01000623,942,304,92,212,638,442,196
2021,Carmarthenshire 005A,W01000624,1116,319,98,221,797,601,196
2021,Carmarthenshire 013A,W01000625,437,126,32,94,311,281,30
2021,Carmarthenshire 013B,W01000626,659,211,52,159,448,382,66
2021,Carmarthenshire 013C,W01000627,1036,287,67,220,749,626,123
2021,Carmarthenshire 024A,W01000628,682,194,54,140,488,441,47
2021,Carmarthenshire 024B,W01000629,824,254,62,192,570,506,64
2021,Carmarthenshire 024C,W01000630,711,230,59,171,481,419,62
2021,Carmarthenshire 024D,W01000631,637,233,51,182,404,361,43
2021,Carmarthenshire 021A,W01000632,579,195,49,146,384,338,46
2021,Carmarthenshire 021B,W01000633,520,176,57,119,344,305,39
2021,Carmarthenshire 021C,W01000634,489,143,29,114,346,298,48
2021,Carmarthenshire 025A,W01000635,1202,328,83,245,874,746,128
2021,Carmarthenshire 025B,W01000636,1084,322,76,246,762,656,106
2021,Carmarthenshire 007A,W01000637,599,210,54,156,389,349,40
2021,Carmarthenshire 007B,W01000638,491,182,52,130,309,248,61
2021,Carmarthenshire 007C,W01000639,656,217,59,158,439,388,51
2021,Carmarthenshire 007D,W01000640,564,144,39,105,420,334,86
2021,Carmarthenshire 008A,W01000641,884,295,105,190,589,504,85
2021,Carmarthenshire 008B,W01000642,776,208,60,148,568,487,81
2021,Carmarthenshire 006A,W01000643,735,245,67,178,490,441,49
2021,Carmarthenshire 006B,W01000644,937,285,98,187,652,550,102
2021,Carmarthenshire 006C,W01000645,922,259,79,180,663,577,86
2021,Carmarthenshire 003A,W01000646,868,283,70,213,585,428,157
2021,Carmarthenshire 002A,W01000647,643,228,71,157,415,270,145
2021,Carmarthenshire 006D,W01000648,688,207,58,149,481,325,156
2021,Carmarthenshire 006E,W01000649,724,200,61,139,524,386,138
2021,Carmarthenshire 002B,W01000650,720,257,105,152,463,287,176
2021,Carmarthenshire 020A,W01000651,723,208,69,139,515,456,59
2021,Carmarthenshire 020B,W01000652,705,216,48,168,489,442,47
2021,Carmarthenshire 023A,W01000653,624,167,50,117,457,402,55
2021,Carmarthenshire 023B,W01000654,765,234,67,167,531,463,68
2021,Carmarthenshire 020C,W01000655,696,219,62,157,477,424,53
2021,Carmarthenshire 010A,W01000656,824,253,75,178,571,486,85
2021,Carmarthenshire 010B,W01000657,457,146,45,101,311,263,48
2021,Carmarthenshire 010C,W01000658,516,156,35,121,360,301,59
2021,Carmarthenshire 026A,W01000659,707,234,51,183,473,404,69
2021,Carmarthenshire 026B,W01000660,555,197,56,141,358,316,42
2021,Carmarthenshire 016A,W01000662,968,254,95,159,714,600,114
2021,Carmarthenshire 016B,W01000663,1118,328,90,238,790,666,124
2021,Carmarthenshire 016C,W01000664,1332,323,88,235,1009,843,166
2021,Carmarthenshire 017A,W01000665,877,269,72,197,608,505,103
2021,Carmarthenshire 017B,W01000666,837,223,49,174,614,537,77
2021,Carmarthenshire 023C,W01000667,1075,268,64,204,807,696,111
2021,Carmarthenshire 018A,W01000670,574,185,42,143,389,333,56
2021,Carmarthenshire 018B,W01000671,873,273,84,189,600,502,98
2021,Carmarthenshire 027E,W01000672,673,237,85,152,436,336,100
2021,Carmarthenshire 027F,W01000673,455,159,61,98,296,231,65
2021,Carmarthenshire 027A,W01000674,1029,363,121,242,666,428,238
2021,Carmarthenshire 012A,W01000675,955,304,109,195,651,473,178
2021,Carmarthenshire 004A,W01000676,674,163,38,125,511,386,125
2021,Carmarthenshire 004B,W01000677,607,186,76,110,421,364,57
2021,Carmarthenshire 002C,W01000678,549,156,40,116,393,278,115
2021,Carmarthenshire 002D,W01000679,572,195,61,134,377,290,87
2021,Carmarthenshire 011A,W01000680,996,276,80,196,720,585,135
2021,Carmarthenshire 011B,W01000681,833,244,63,181,589,486,103
2021,Carmarthenshire 005B,W01000682,653,205,87,118,448,319,129
2021,Carmarthenshire 005C,W01000683,511,180,78,102,331,213,118
2021,Carmarthenshire 005D,W01000684,803,238,80,158,565,435,130
2021,Carmarthenshire 001A,W01000685,703,220,58,162,483,361,122
2021,Carmarthenshire 001B,W01000686,578,157,43,114,421,289,132
2021,Carmarthenshire 004C,W01000687,865,263,84,179,602,393,209
2021,Carmarthenshire 003B,W01000688,688,224,65,159,464,365,99
2021,Carmarthenshire 003C,W01000689,807,249,85,164,558,422,136
2021,Carmarthenshire 019A,W01000690,744,230,57,173,514,431,83
2021,Carmarthenshire 019B,W01000691,758,215,61,154,543,467,76
2021,Carmarthenshire 019C,W01000692,750,209,56,153,541,476,65
2021,Carmarthenshire 008C,W01000693,453,143,39,104,310,267,43
2021,Carmarthenshire 008D,W01000694,644,197,51,146,447,358,89
2021,Carmarthenshire 012B,W01000695,1041,259,61,198,782,663,119
2021,Carmarthenshire 012C,W01000696,719,213,56,157,506,376,130
2021,Carmarthenshire 015A,W01000697,856,263,76,187,593,500,93
2021,Carmarthenshire 015B,W01000698,845,278,74,204,567,479,88
2021,Carmarthenshire 015C,W01000699,675,171,51,120,504,382,122
2021,Carmarthenshire 027G,W01000700,884,254,104,150,630,489,141
2021,Carmarthenshire 001C,W01000701,706,205,54,151,501,383,118
2021,Carmarthenshire 001D,W01000702,520,149,36,113,371,305,66
2021,Carmarthenshire 022A,W01000703,799,234,64,170,565,499,66
2021,Carmarthenshire 022B,W01000704,718,204,54,150,514,461,53
2021,Carmarthenshire 022C,W01000705,778,273,59,214,505,458,47
2021,Carmarthenshire 025C,W01000706,664,197,40,157,467,407,60
2021,Carmarthenshire 025D,W01000707,566,181,54,127,385,352,33
2021,Carmarthenshire 025E,W01000708,459,144,38,106,315,275,40
2021,Carmarthenshire 004D,W01000709,1015,354,123,231,661,469,192
2021,Carmarthenshire 021D,W01000710,946,283,93,190,663,559,104
2021,Carmarthenshire 021E,W01000711,736,243,70,173,493,425,68
2021,Carmarthenshire 015D,W01000712,778,213,63,150,565,479,86
2021,Carmarthenshire 015E,W01000713,657,207,46,161,450,392,58
2021,Carmarthenshire 013D,W01000714,570,168,54,114,402,342,60
2021,Carmarthenshire 013E,W01000715,568,171,51,120,397,318,79
2021,Carmarthenshire 016D,W01000716,630,168,57,111,462,393,69
2021,Carmarthenshire 016E,W01000717,619,206,46,160,413,350,63
2021,Carmarthenshire 010D,W01000718,568,181,52,129,387,341,46
2021,Carmarthenshire 010E,W01000719,599,171,39,132,428,353,75
2021,Carmarthenshire 027B,W01000720,806,234,81,153,572,446,126
2021,Carmarthenshire 027C,W01000721,662,221,60,161,441,363,78
2021,Carmarthenshire 012D,W01000722,572,138,42,96,434,307,127
2021,Carmarthenshire 012E,W01000723,584,184,54,130,400,304,96
2021,Carmarthenshire 011C,W01000724,803,228,67,161,575,495,80
2021,Carmarthenshire 011D,W01000725,924,250,89,161,674,589,85
2021,Carmarthenshire 003D,W01000728,999,268,90,178,731,468,263
2021,Carmarthenshire 018C,W01000729,444,147,32,115,297,263,34
2021,Carmarthenshire 018D,W01000730,527,168,47,121,359,278,81
2021,Carmarthenshire 017C,W01000731,1096,298,86,212,798,674,124
2021,Carmarthenshire 026D,W01000732,558,195,59,136,363,326,37
2021,Carmarthenshire 026E,W01000733,444,158,47,111,286,240,46
2021,Carmarthenshire 026F,W01000734,561,162,46,116,399,357,42
2021,Carmarthenshire 027D,W01000735,1106,339,115,224,767,578,189
2021,Swansea 028A,W01000736,709,226,80,146,483,404,79
2021,Swansea 028B,W01000737,569,181,65,116,388,314,74
2021,Swansea 014A,W01000738,661,247,63,184,414,360,54
2021,Swansea 014B,W01000739,1134,305,82,223,829,720,109
2021,Swansea 014C,W01000740,615,191,46,145,424,376,48
2021,Swansea 014D,W01000741,864,241,54,187,623,549,74
2021,Swansea 016A,W01000742,586,219,61,158,367,326,41
2021,Swansea 016B,W01000744,702,213,53,160,489,435,54
2021,Swansea 025B,W01000745,806,380,172,208,426,366,60
2021,Swansea 025C,W01000746,611,230,67,163,381,347,34
2021,Swansea 024A,W01000747,637,243,93,150,394,349,45
2021,Swansea 026A,W01000749,647,232,85,147,415,360,55
2021,Swansea 002A,W01000750,558,179,52,127,379,340,39
2021,Swansea 002B,W01000751,627,200,73,127,427,374,53
2021,Swansea 002C,W01000752,554,189,57,132,365,316,49
2021,Swansea 002D,W01000753,640,201,61,140,439,382,57
2021,Swansea 002E,W01000754,718,238,76,162,480,428,52
2021,Swansea 017A,W01000755,931,318,75,243,613,539,74
2021,Swansea 017B,W01000756,598,206,52,154,392,354,38
2021,Swansea 017C,W01000757,581,188,43,145,393,352,41
2021,Swansea 017D,W01000758,872,229,57,172,643,565,78
2021,Swansea 012A,W01000759,634,219,61,158,415,361,54
2021,Swansea 013A,W01000760,705,219,64,155,486,436,50
2021,Swansea 013B,W01000761,711,219,68,151,492,436,56
2021,Swansea 013C,W01000762,608,234,69,165,374,336,38
2021,Swansea 015A,W01000763,687,251,84,167,436,397,39
2021,Swansea 015B,W01000764,791,247,70,177,544,503,41
2021,Swansea 015C,W01000765,721,221,68,153,500,463,37
2021,Swansea 015D,W01000766,728,229,67,162,499,445,54
2021,Swansea 015E,W01000767,571,186,44,142,385,336,49
2021,Swansea 032A,W01000768,636,220,58,162,416,365,51
2021,Swansea 032B,W01000769,622,198,55,143,424,382,42
2021,Swansea 032D,W01000770,759,260,57,203,499,450,49
2021,Swansea 032G,W01000771,562,208,74,134,354,309,45
2021,Swansea 018A,W01000772,655,221,78,143,434,359,75
2021,Swansea 005B,W01000774,738,231,52,179,507,434,73
2021,Swansea 030A,W01000775,726,281,139,142,445,319,126
2021,Swansea 030B,W01000776,766,260,100,160,506,392,114
2021,Swansea 012B,W01000777,767,244,76,168,523,474,49
2021,Swansea 012C,W01000778,935,263,79,184,672,592,80
2021,Swansea 012D,W01000779,657,217,64,153,440,387,53
2021,Swansea 032E,W01000781,661,213,63,150,448,390,58
2021,Swansea 032F,W01000782,503,153,37,116,350,316,34
2021,Swansea 007A,W01000784,600,195,64,131,405,351,54
2021,Swansea 007B,W01000785,864,225,60,165,639,570,69
2021,Swansea 007C,W01000786,604,170,44,126,434,380,54
2021,Swansea 016C,W01000787,696,201,54,147,495,457,38
2021,Swansea 016D,W01000788,708,238,58,180,470,412,58
2021,Swansea 016E,W01000789,598,188,49,139,410,365,45
2021,Swansea 016F,W01000790,974,367,124,243,607,533,74
2021,Swansea 004A,W01000791,785,197,52,145,588,531,57
2021,Swansea 004B,W01000792,776,209,57,152,567,497,70
2021,Swansea 004C,W01000793,1029,257,82,175,772,662,110
2021,Swansea 010A,W01000794,1276,338,76,262,938,803,135
2021,Swansea 006A,W01000795,846,220,61,159,626,539,87
2021,Swansea 010B,W01000797,685,186,45,141,499,438,61
2021,Swansea 010C,W01000798,608,194,38,156,414,366,48
2021,Swansea 010D,W01000799,814,261,65,196,553,491,62
2021,Swansea 006C,W01000800,711,194,54,140,517,447,70
2021,Swansea 006D,W01000801,755,230,85,145,525,457,68
2021,Swansea 007D,W01000802,1010,299,81,218,711,627,84
2021,Swansea 002F,W01000803,825,242,69,173,583,474,109
2021,Swansea 028C,W01000804,537,181,78,103,356,283,73
2021,Swansea 028D,W01000805,521,176,55,121,345,280,65
2021,Swansea 003A,W01000806,661,187,39,148,474,436,38
2021,Swansea 003B,W01000807,617,181,39,142,436,396,40
2021,Swansea 003C,W01000808,587,172,45,127,415,376,39
2021,Swansea 008A,W01000809,690,214,74,140,476,434,42
2021,Swansea 003D,W01000810,432,153,37,116,279,244,35
2021,Swansea 008B,W01000811,648,218,49,169,430,402,28
2021,Swansea 008C,W01000812,591,205,63,142,386,322,64
2021,Swansea 008D,W01000813,719,212,60,152,507,445,62
2021,Swansea 008E,W01000814,569,163,45,118,406,367,39
2021,Swansea 003E,W01000815,673,209,57,152,464,409,55
2021,Swansea 003F,W01000816,927,271,63,208,656,580,76
2021,Swansea 009A,W01000817,696,217,47,170,479,427,52
2021,Swansea 009B,W01000818,540,195,46,149,345,301,44
2021,Swansea 009C,W01000819,657,188,44,144,469,417,52
2021,Swansea 009D,W01000820,631,207,46,161,424,382,42
2021,Swansea 009E,W01000821,658,203,48,155,455,401,54
2021,Swansea 009F,W01000822,423,126,31,95,297,274,23
2021,Swansea 031A,W01000823,728,243,90,153,485,399,86
2021,Swansea 031B,W01000824,626,210,87,123,416,325,91
2021,Swansea 031C,W01000825,564,192,76,116,372,306,66
2021,Swansea 031D,W01000826,517,166,62,104,351,288,63
2021,Swansea 031E,W01000827,550,187,67,120,363,300,63
2021,Swansea 018B,W01000828,686,197,64,133,489,404,85
2021,Swansea 018C,W01000829,858,251,75,176,607,512,95
2021,Swansea 011A,W01000830,565,235,64,171,330,286,44
2021,Swansea 013D,W01000831,648,260,71,189,388,362,26
2021,Swansea 011B,W01000832,591,197,60,137,394,358,36
2021,Swansea 011C,W01000833,553,211,62,149,342,292,50
2021,Swansea 011D,W01000834,484,179,45,134,305,270,35
2021,Swansea 013E,W01000835,522,198,53,145,324,285,39
2021,Swansea 011E,W01000836,908,265,76,189,643,553,90
2021,Swansea 004D,W01000837,1176,314,84,230,862,739,123
2021,Swansea 004E,W01000838,531,158,49,109,373,339,34
2021,Swansea 030C,W01000839,419,122,35,87,297,243,54
2021,Swansea 030D,W01000840,603,211,81,130,392,336,56
2021,Swansea 005C,W01000841,656,186,46,140,470,404,66
2021,Swansea 005D,W01000842,672,225,72,153,447,396,51
2021,Swansea 005E,W01000843,668,209,57,152,459,396,63
2021,Swansea 005F,W01000844,622,192,60,132,430,368,62
2021,Swansea 001A,W01000845,962,294,79,215,668,569,99
2021,Swansea 001B,W01000846,1003,301,91,210,702,629,73
2021,Swansea 001C,W01000847,537,148,38,110,389,347,42
2021,Swansea 001D,W01000848,452,144,41,103,308,269,39
2021,Swansea 021A,W01000849,908,285,93,192,623,553,70
2021,Swansea 021C,W01000851,712,214,74,140,498,435,63
2021,Swansea 021D,W01000852,652,243,76,167,409,357,52
2021,Swansea 022A,W01000853,821,244,69,175,577,516,61
2021,Swansea 022B,W01000854,717,220,80,140,497,445,52
2021,Swansea 022C,W01000855,596,188,69,119,408,354,54
2021,Swansea 022D,W01000856,594,192,66,126,402,355,47
2021,Swansea 022E,W01000857,604,203,58,145,401,348,53
2021,Swansea 027A,W01000858,763,220,72,148,543,459,84
2021,Swansea 027B,W01000859,502,159,49,110,343,296,47
2021,Swansea 027C,W01000860,623,197,72,125,426,357,69
2021,Swansea 027D,W01000861,479,200,106,94,279,256,23
2021,Swansea 019A,W01000862,500,207,45,162,293,265,28
2021,Swansea 019B,W01000863,498,197,61,136,301,269,32
2021,Swansea 019C,W01000864,528,223,51,172,305,271,34
2021,Swansea 019D,W01000865,545,180,40,140,365,328,37
2021,Swansea 019E,W01000866,414,139,35,104,275,252,23
2021,Swansea 019F,W01000867,394,152,41,111,242,218,24
2021,Swansea 024B,W01000868,531,161,39,122,370,329,41
2021,Swansea 024C,W01000869,603,218,84,134,385,326,59
2021,Swansea 024D,W01000870,587,220,99,121,367,306,61
2021,Swansea 026B,W01000871,631,266,123,143,365,335,30
2021,Swansea 024E,W01000872,660,194,74,120,466,411,55
2021,Swansea 026C,W01000873,433,220,126,94,213,178,35
2021,Swansea 024F,W01000874,603,271,137,134,332,288,44
2021,Swansea 026D,W01000875,582,293,169,124,289,266,23
2021,Swansea 026E,W01000876,529,276,145,131,253,241,12
2021,Swansea 007E,W01000877,776,255,70,185,521,453,68
2021,Swansea 007F,W01000878,602,175,41,134,427,381,46
2021,Swansea 029A,W01000879,668,235,76,159,433,348,85
2021,Swansea 029B,W01000880,603,194,64,130,409,347,62
2021,Swansea 029C,W01000881,413,145,42,103,268,232,36
2021,Swansea 029D,W01000882,642,217,67,150,425,369,56
2021,Neath Port Talbot 016A,W01000883,569,156,44,112,413,370,43
2021,Neath Port Talbot 017A,W01000884,481,146,46,100,335,300,35
2021,Neath Port Talbot 017B,W01000885,581,177,41,136,404,359,45
2021,Neath Port Talbot 017C,W01000886,588,178,54,124,410,360,50
2021,Neath Port Talbot 021C,W01000887,1029,265,67,198,764,661,103
2021,Neath Port Talbot 004A,W01000888,1343,361,108,253,982,849,133
2021,Neath Port Talbot 015A,W01000889,834,222,58,164,612,547,65
2021,Neath Port Talbot 015B,W01000890,727,166,49,117,561,487,74
2021,Neath Port Talbot 015C,W01000891,638,169,37,132,469,422,47
2021,Neath Port Talbot 015D,W01000892,874,226,52,174,648,581,67
2021,Neath Port Talbot 003A,W01000893,785,199,41,158,586,506,80
2021,Neath Port Talbot 013A,W01000894,605,184,51,133,421,370,51
2021,Neath Port Talbot 013B,W01000895,637,188,53,135,449,396,53
2021,Neath Port Talbot 013C,W01000896,540,165,42,123,375,336,39
2021,Neath Port Talbot 013D,W01000897,534,158,52,106,376,335,41
2021,Neath Port Talbot 014A,W01000898,663,167,47,120,496,434,62
2021,Neath Port Talbot 014B,W01000899,862,227,67,160,635,551,84
2021,Neath Port Talbot 014C,W01000900,621,184,57,127,437,379,58
2021,Neath Port Talbot 014D,W01000901,713,208,61,147,505,438,67
2021,Neath Port Talbot 006C,W01000904,731,203,58,145,528,458,70
2021,Neath Port Talbot 006D,W01000905,672,191,58,133,481,422,59
2021,Neath Port Talbot 007B,W01000907,650,206,59,147,444,394,50
2021,Neath Port Talbot 006E,W01000908,718,172,56,116,546,463,83
2021,Neath Port Talbot 009A,W01000909,421,115,24,91,306,272,34
2021,Neath Port Talbot 009B,W01000910,588,154,49,105,434,379,55
2021,Neath Port Talbot 009C,W01000911,540,155,38,117,385,346,39
2021,Neath Port Talbot 010A,W01000912,530,148,45,103,382,342,40
2021,Neath Port Talbot 010B,W01000913,524,142,41,101,382,344,38
2021,Neath Port Talbot 010C,W01000914,606,199,50,149,407,362,45
2021,Neath Port Talbot 010D,W01000915,514,156,43,113,358,308,50
2021,Neath Port Talbot 010E,W01000916,552,162,36,126,390,343,47
2021,Neath Port Talbot 002A,W01000918,823,216,64,152,607,520,87
2021,Neath Port Talbot 020A,W01000919,502,139,30,109,363,304,59
2021,Neath Port Talbot 021G,W01000921,433,157,44,113,276,238,38
2021,Neath Port Talbot 007C,W01000922,686,197,49,148,489,441,48
2021,Neath Port Talbot 003B,W01000925,565,136,37,99,429,353,76
2021,Neath Port Talbot 003C,W01000926,835,247,56,191,588,509,79
2021,Neath Port Talbot 020B,W01000927,992,298,83,215,694,603,91
2021,Neath Port Talbot 020C,W01000928,645,191,53,138,454,391,63
2021,Neath Port Talbot 020D,W01000929,447,148,45,103,299,261,38
2021,Neath Port Talbot 021F,W01000930,414,125,35,90,289,260,29
2021,Neath Port Talbot 020E,W01000931,603,180,39,141,423,362,61
2021,Neath Port Talbot 019A,W01000932,414,103,21,82,311,284,27
2021,Neath Port Talbot 019B,W01000933,1012,259,78,181,753,603,150
2021,Neath Port Talbot 008A,W01000934,493,149,52,97,344,315,29
2021,Neath Port Talbot 008B,W01000935,592,199,55,144,393,344,49
2021,Neath Port Talbot 012A,W01000936,551,156,33,123,395,351,44
2021,Neath Port Talbot 013E,W01000937,824,221,50,171,603,540,63
2021,Neath Port Talbot 008C,W01000938,574,181,42,139,393,342,51
2021,Neath Port Talbot 008D,W01000939,361,118,28,90,243,215,28
2021,Neath Port Talbot 008E,W01000940,428,163,40,123,265,244,21
2021,Neath Port Talbot 012B,W01000941,625,183,52,131,442,398,44
2021,Neath Port Talbot 012C,W01000942,657,189,56,133,468,417,51
2021,Neath Port Talbot 012D,W01000943,682,189,51,138,493,439,54
2021,Neath Port Talbot 002B,W01000944,457,140,33,107,317,263,54
2021,Neath Port Talbot 014E,W01000945,500,122,37,85,378,329,49
2021,Neath Port Talbot 004B,W01000946,796,247,71,176,549,480,69
2021,Neath Port Talbot 004C,W01000947,897,279,82,197,618,560,58
2021,Neath Port Talbot 004D,W01000948,843,246,78,168,597,511,86
2021,Neath Port Talbot 018A,W01000949,586,162,39,123,424,371,53
2021,Neath Port Talbot 018B,W01000950,650,210,59,151,440,389,51
2021,Neath Port Talbot 018C,W01000951,753,238,63,175,515,465,50
2021,Neath Port Talbot 018D,W01000952,518,138,33,105,380,341,39
2021,Neath Port Talbot 021B,W01000953,643,169,39,130,474,410,64
2021,Neath Port Talbot 021A,W01000954,618,174,52,122,444,388,56
2021,Neath Port Talbot 004E,W01000955,646,190,61,129,456,395,61
2021,Neath Port Talbot 004F,W01000956,448,141,41,100,307,262,45
2021,Neath Port Talbot 017D,W01000957,534,175,44,131,359,312,47
2021,Neath Port Talbot 016B,W01000958,522,172,43,129,350,302,48
2021,Neath Port Talbot 017E,W01000959,753,212,67,145,541,485,56
2021,Neath Port Talbot 017F,W01000960,735,210,49,161,525,466,59
2021,Neath Port Talbot 016C,W01000961,624,195,43,152,429,394,35
2021,Neath Port Talbot 016D,W01000962,500,183,55,128,317,280,37
2021,Neath Port Talbot 016E,W01000963,715,213,50,163,502,443,59
2021,Neath Port Talbot 016F,W01000964,622,183,54,129,439,367,72
2021,Neath Port Talbot 002C,W01000965,803,236,64,172,567,502,65
2021,Neath Port Talbot 018E,W01000966,592,179,47,132,413,357,56
2021,Neath Port Talbot 019C,W01000967,551,154,41,113,397,347,50
2021,Neath Port Talbot 019D,W01000968,828,234,73,161,594,528,66
2021,Neath Port Talbot 009D,W01000969,795,219,53,166,576,508,68
2021,Neath Port Talbot 021D,W01000970,482,133,28,105,349,318,31
2021,Neath Port Talbot 004G,W01000971,632,198,71,127,434,366,68
2021,Neath Port Talbot 020F,W01000973,568,192,45,147,376,334,42
2021,Bridgend 006A,W01000974,1158,317,102,215,841,746,95
2021,Bridgend 004A,W01000975,816,240,63,177,576,506,70
2021,Bridgend 003A,W01000976,429,108,22,86,321,279,42
2021,Bridgend 003B,W01000977,555,155,38,117,400,342,58
2021,Bridgend 004B,W01000978,782,223,61,162,559,501,58
2021,Bridgend 015A,W01000979,798,223,64,159,575,498,77
2021,Bridgend 016A,W01000980,610,198,66,132,412,375,37
2021,Bridgend 016B,W01000981,385,135,42,93,250,232,18
2021,Bridgend 016C,W01000982,571,180,51,129,391,342,49
2021,Bridgend 015B,W01000983,830,204,51,153,626,556,70
2021,Bridgend 016D,W01000984,1081,283,70,213,798,693,105
2021,Bridgend 015C,W01000985,716,193,54,139,523,458,65
2021,Bridgend 007A,W01000986,920,212,67,145,708,613,95
2021,Bridgend 007B,W01000987,1095,298,81,217,797,689,108
2021,Bridgend 013A,W01000989,755,200,69,131,555,471,84
2021,Bridgend 017B,W01000990,662,198,57,141,464,413,51
2021,Bridgend 001A,W01000991,320,107,26,81,213,187,26
2021,Bridgend 001B,W01000992,506,170,45,125,336,296,40
2021,Bridgend 001C,W01000993,515,160,42,118,355,318,37
2021,Bridgend 001D,W01000994,521,162,44,118,359,322,37
2021,Bridgend 001E,W01000995,584,156,35,121,428,377,51
2021,Bridgend 008A,W01000996,619,194,53,141,425,369,56
2021,Bridgend 012A,W01000997,748,183,55,128,565,493,72
2021,Bridgend 010A,W01000999,585,190,48,142,395,348,47
2021,Bridgend 010B,W01001000,823,239,68,171,584,496,88
2021,Bridgend 010C,W01001001,749,240,51,189,509,441,68
2021,Bridgend 010D,W01001002,986,308,94,214,678,589,89
2021,Bridgend 015D,W01001003,554,160,60,100,394,331,63
2021,Bridgend 009A,W01001004,476,123,26,97,353,302,51
2021,Bridgend 009B,W01001005,746,198,65,133,548,481,67
2021,Bridgend 009C,W01001006,1051,286,93,193,765,673,92
2021,Bridgend 009D,W01001007,837,228,67,161,609,531,78
2021,Bridgend 011B,W01001008,1252,292,70,222,960,834,126
2021,Bridgend 004C,W01001009,589,158,41,117,431,377,54
2021,Bridgend 012B,W01001010,464,158,47,111,306,269,37
2021,Bridgend 012C,W01001011,582,176,43,133,406,356,50
2021,Bridgend 005A,W01001012,733,198,48,150,535,463,72
2021,Bridgend 005B,W01001013,587,150,48,102,437,387,50
2021,Bridgend 002A,W01001014,637,194,46,148,443,401,42
2021,Bridgend 002B,W01001015,635,204,55,149,431,375,56
2021,Bridgend 005C,W01001016,659,173,44,129,486,432,54
2021,Bridgend 002C,W01001017,695,205,56,149,490,438,52
2021,Bridgend 002D,W01001018,554,172,38,134,382,350,32
2021,Bridgend 005D,W01001019,602,177,41,136,425,371,54
2021,Bridgend 002E,W01001020,552,176,53,123,376,335,41
2021,Bridgend 014A,W01001021,731,206,62,144,525,463,62
2021,Bridgend 014B,W01001022,497,191,47,144,306,281,25
2021,Bridgend 014C,W01001023,664,172,44,128,492,449,43
2021,Bridgend 003C,W01001024,463,124,38,86,339,303,36
2021,Bridgend 003D,W01001025,532,170,43,127,362,319,43
2021,Bridgend 012D,W01001026,794,229,53,176,565,494,71
2021,Bridgend 017C,W01001027,619,164,48,116,455,397,58
2021,Bridgend 014D,W01001028,905,252,78,174,653,565,88
2021,Bridgend 019A,W01001029,666,212,69,143,454,375,79
2021,Bridgend 019B,W01001030,814,220,69,151,594,490,104
2021,Bridgend 018A,W01001031,576,154,37,117,422,346,76
2021,Bridgend 018B,W01001032,782,202,58,144,580,509,71
2021,Bridgend 003E,W01001033,810,220,56,164,590,519,71
2021,Bridgend 003F,W01001034,587,165,32,133,422,369,53
2021,Bridgend 014E,W01001035,788,254,85,169,534,473,61
2021,Bridgend 017D,W01001036,710,191,54,137,519,443,76
2021,Bridgend 013B,W01001037,789,201,69,132,588,517,71
2021,Bridgend 011C,W01001038,1295,295,74,221,1000,904,96
2021,Bridgend 009E,W01001039,816,248,81,167,568,502,66
2021,Bridgend 009F,W01001040,744,189,60,129,555,479,76
2021,Bridgend 013C,W01001041,1042,273,86,187,769,678,91
2021,Bridgend 004D,W01001042,571,154,44,110,417,373,44
2021,Bridgend 004E,W01001043,546,148,44,104,398,358,40
2021,Bridgend 019C,W01001044,618,198,56,142,420,366,54
2021,Bridgend 019D,W01001045,712,217,64,153,495,428,67
2021,Bridgend 018C,W01001046,687,202,74,128,485,399,86
2021,Bridgend 018D,W01001047,685,212,72,140,473,392,81
2021,Bridgend 008B,W01001048,706,219,64,155,487,433,54
2021,Bridgend 008C,W01001049,516,148,39,109,368,319,49
2021,Bridgend 008D,W01001050,660,197,52,145,463,404,59
2021,Bridgend 008E,W01001051,767,242,54,188,525,444,81
2021,Bridgend 008F,W01001052,534,163,46,117,371,328,43
2021,Bridgend 018E,W01001053,376,110,28,82,266,229,37
2021,Bridgend 018F,W01001054,494,139,50,89,355,279,76
2021,Bridgend 007C,W01001055,449,149,36,113,300,259,41
2021,Bridgend 007D,W01001056,518,158,62,96,360,325,35
2021,Bridgend 006B,W01001057,754,229,60,169,525,450,75
2021,Bridgend 006C,W01001058,914,250,74,176,664,580,84
2021,Vale of Glamorgan 015A,W01001059,776,240,84,156,536,448,88
2021,Vale of Glamorgan 015B,W01001060,586,161,52,109,425,366,59
2021,Vale of Glamorgan 013A,W01001062,675,207,58,149,468,411,57
2021,Vale of Glamorgan 012A,W01001063,714,234,71,163,480,429,51
2021,Vale of Glamorgan 013B,W01001064,531,186,44,142,345,308,37
2021,Vale of Glamorgan 012B,W01001065,745,258,83,175,487,429,58
2021,Vale of Glamorgan 015D,W01001066,788,253,79,174,535,486,49
2021,Vale of Glamorgan 009A,W01001067,506,187,45,142,319,282,37
2021,Vale of Glamorgan 009B,W01001068,772,236,72,164,536,468,68
2021,Vale of Glamorgan 012C,W01001069,671,238,63,175,433,392,41
2021,Vale of Glamorgan 009C,W01001070,444,147,42,105,297,273,24
2021,Vale of Glamorgan 009D,W01001071,696,218,54,164,478,431,47
2021,Vale of Glamorgan 009E,W01001072,1441,441,133,308,1000,858,142
2021,Vale of Glamorgan 015E,W01001073,886,308,83,225,578,498,80
2021,Vale of Glamorgan 004A,W01001075,604,174,52,122,430,367,63
2021,Vale of Glamorgan 004B,W01001076,732,229,76,153,503,443,60
2021,Vale of Glamorgan 004C,W01001077,603,209,66,143,394,350,44
2021,Vale of Glamorgan 004D,W01001078,606,209,68,141,397,357,40
2021,Vale of Glamorgan 012E,W01001079,674,209,41,168,465,408,57
2021,Vale of Glamorgan 012F,W01001080,713,249,75,174,464,416,48
2021,Vale of Glamorgan 007A,W01001081,657,223,52,171,434,385,49
2021,Vale of Glamorgan 002A,W01001082,592,202,79,123,390,308,82
2021,Vale of Glamorgan 002B,W01001083,704,222,74,148,482,371,111
2021,Vale of Glamorgan 002C,W01001084,648,220,88,132,428,333,95
2021,Vale of Glamorgan 002D,W01001085,762,219,85,134,543,421,122
2021,Vale of Glamorgan 006A,W01001086,656,221,76,145,435,346,89
2021,Vale of Glamorgan 006B,W01001087,654,212,57,155,442,379,63
2021,Vale of Glamorgan 006C,W01001088,915,268,70,198,647,560,87
2021,Vale of Glamorgan 006D,W01001089,761,227,75,152,534,455,79
2021,Vale of Glamorgan 006E,W01001090,715,202,70,132,513,428,85
2021,Vale of Glamorgan 010A,W01001091,709,203,48,155,506,439,67
2021,Vale of Glamorgan 007B,W01001092,992,317,77,240,675,613,62
2021,Vale of Glamorgan 013C,W01001093,680,217,54,163,463,391,72
2021,Vale of Glamorgan 007C,W01001094,476,169,53,116,307,275,32
2021,Vale of Glamorgan 007D,W01001095,482,170,42,128,312,275,37
2021,Vale of Glamorgan 007E,W01001096,579,164,40,124,415,380,35
2021,Vale of Glamorgan 007F,W01001097,600,244,68,176,356,308,48
2021,Vale of Glamorgan 010B,W01001098,439,135,44,91,304,258,46
2021,Vale of Glamorgan 013D,W01001099,498,175,38,137,323,281,42
2021,Vale of Glamorgan 010C,W01001100,658,205,58,147,453,398,55
2021,Vale of Glamorgan 013E,W01001101,751,224,74,150,527,466,61
2021,Vale of Glamorgan 013F,W01001102,818,242,61,181,576,514,62
2021,Vale of Glamorgan 010D,W01001103,580,163,42,121,417,365,52
2021,Vale of Glamorgan 004E,W01001104,975,249,74,175,726,648,78
2021,Vale of Glamorgan 001A,W01001105,1314,394,135,259,920,707,213
2021,Vale of Glamorgan 011A,W01001106,658,200,60,140,458,401,57
2021,Vale of Glamorgan 011B,W01001107,595,186,70,116,409,337,72
2021,Vale of Glamorgan 014A,W01001108,877,221,72,149,656,553,103
2021,Vale of Glamorgan 011C,W01001109,567,174,54,120,393,348,45
2021,Vale of Glamorgan 011D,W01001110,731,182,66,116,549,439,110
2021,Vale of Glamorgan 011E,W01001111,498,162,48,114,336,291,45
2021,Vale of Glamorgan 011F,W01001112,676,183,55,128,493,420,73
2021,Vale of Glamorgan 003A,W01001113,1085,339,117,222,746,539,207
2021,Vale of Glamorgan 008A,W01001114,629,203,77,126,426,329,97
2021,Vale of Glamorgan 008B,W01001115,955,294,79,215,661,551,110
2021,Vale of Glamorgan 005A,W01001116,739,231,93,138,508,395,113
2021,Vale of Glamorgan 014B,W01001117,492,149,52,97,343,296,47
2021,Vale of Glamorgan 003B,W01001119,916,258,106,152,658,508,150
2021,Vale of Glamorgan 014D,W01001120,648,203,54,149,445,375,70
2021,Vale of Glamorgan 014E,W01001121,714,188,67,121,526,440,86
2021,Vale of Glamorgan 014F,W01001122,1289,302,98,204,987,820,167
2021,Vale of Glamorgan 005B,W01001123,648,223,86,137,425,350,75
2021,Vale of Glamorgan 005C,W01001124,759,238,74,164,521,451,70
2021,Vale of Glamorgan 005D,W01001125,661,203,56,147,458,403,55
2021,Vale of Glamorgan 001B,W01001127,762,215,89,126,547,461,86
2021,Vale of Glamorgan 001C,W01001128,771,214,94,120,557,441,116
2021,Vale of Glamorgan 004F,W01001129,758,232,46,186,526,441,85
2021,Vale of Glamorgan 005F,W01001130,628,203,71,132,425,340,85
2021,Vale of Glamorgan 008C,W01001131,730,240,64,176,490,436,54
2021,Vale of Glamorgan 008D,W01001132,694,209,66,143,485,421,64
2021,Vale of Glamorgan 008E,W01001133,899,291,115,176,608,495,113
2021,Vale of Glamorgan 008F,W01001134,518,175,68,107,343,288,55
2021,Vale of Glamorgan 003C,W01001135,1159,329,110,219,830,669,161
2021,Vale of Glamorgan 003D,W01001136,673,197,71,126,476,401,75
2021,Rhondda Cynon Taf 005A,W01001137,1058,308,97,211,750,656,94
2021,Rhondda Cynon Taf 005B,W01001138,532,159,43,116,373,342,31
2021,Rhondda Cynon Taf 005C,W01001139,624,174,33,141,450,403,47
2021,Rhondda Cynon Taf 005D,W01001140,579,158,39,119,421,359,62
2021,Rhondda Cynon Taf 005E,W01001141,609,184,31,153,425,372,53
2021,Rhondda Cynon Taf 005F,W01001142,835,230,58,172,605,536,69
2021,Rhondda Cynon Taf 012A,W01001143,700,187,50,137,513,445,68
2021,Rhondda Cynon Taf 012B,W01001144,597,176,37,139,421,377,44
2021,Rhondda Cynon Taf 012C,W01001145,770,208,51,157,562,503,59
2021,Rhondda Cynon Taf 012D,W01001146,690,183,48,135,507,442,65
2021,Rhondda Cynon Taf 004A,W01001147,824,233,85,148,591,500,91
2021,Rhondda Cynon Taf 002A,W01001148,777,221,61,160,556,488,68
2021,Rhondda Cynon Taf 003A,W01001149,584,183,40,143,401,350,51
2021,Rhondda Cynon Taf 003B,W01001150,699,213,66,147,486,420,66
2021,Rhondda Cynon Taf 003C,W01001151,741,190,54,136,551,464,87
2021,Rhondda Cynon Taf 002B,W01001152,907,239,67,172,668,565,103
2021,Rhondda Cynon Taf 002C,W01001153,652,183,45,138,469,402,67
2021,Rhondda Cynon Taf 003D,W01001154,571,160,44,116,411,365,46
2021,Rhondda Cynon Taf 002D,W01001155,627,166,33,133,461,412,49
2021,Rhondda Cynon Taf 003E,W01001156,744,174,56,118,570,502,68
2021,Rhondda Cynon Taf 028A,W01001157,664,200,58,142,464,406,58
2021,Rhondda Cynon Taf 028B,W01001158,660,189,55,134,471,405,66
2021,Rhondda Cynon Taf 028C,W01001159,921,220,60,160,701,612,89
2021,Rhondda Cynon Taf 029A,W01001160,791,219,74,145,572,503,69
2021,Rhondda Cynon Taf 025A,W01001162,1144,267,75,192,877,778,99
2021,Rhondda Cynon Taf 019A,W01001164,772,197,42,155,575,509,66
2021,Rhondda Cynon Taf 019B,W01001165,662,181,44,137,481,432,49
2021,Rhondda Cynon Taf 016A,W01001166,519,149,19,130,370,315,55
2021,Rhondda Cynon Taf 016B,W01001167,585,197,45,152,388,358,30
2021,Rhondda Cynon Taf 004B,W01001168,557,163,47,116,394,356,38
2021,Rhondda Cynon Taf 004C,W01001169,1054,302,94,208,752,674,78
2021,Rhondda Cynon Taf 004D,W01001170,496,121,36,85,375,321,54
2021,Rhondda Cynon Taf 017A,W01001171,585,169,49,120,416,377,39
2021,Rhondda Cynon Taf 020A,W01001172,649,144,37,107,505,443,62
2021,Rhondda Cynon Taf 020B,W01001173,532,158,30,128,374,329,45
2021,Rhondda Cynon Taf 020C,W01001174,502,142,41,101,360,315,45
2021,Rhondda Cynon Taf 009A,W01001175,548,126,20,106,422,384,38
2021,Rhondda Cynon Taf 013A,W01001176,619,187,51,136,432,395,37
2021,Rhondda Cynon Taf 009B,W01001177,546,178,45,133,368,335,33
2021,Rhondda Cynon Taf 023A,W01001178,730,199,41,158,531,477,54
2021,Rhondda Cynon Taf 023B,W01001179,687,194,42,152,493,428,65
2021,Rhondda Cynon Taf 015A,W01001180,486,167,36,131,319,284,35
2021,Rhondda Cynon Taf 015B,W01001181,637,166,53,113,471,413,58
2021,Rhondda Cynon Taf 026A,W01001184,983,263,65,198,720,637,83
2021,Rhondda Cynon Taf 022A,W01001185,926,224,54,170,702,619,83
2021,Rhondda Cynon Taf 001A,W01001186,755,214,57,157,541,463,78
2021,Rhondda Cynon Taf 001B,W01001187,584,160,47,113,424,354,70
2021,Rhondda Cynon Taf 001C,W01001188,408,115,33,82,293,250,43
2021,Rhondda Cynon Taf 029C,W01001189,676,212,67,145,464,410,54
2021,Rhondda Cynon Taf 029D,W01001190,1586,410,112,298,1176,1001,175
2021,Rhondda Cynon Taf 031B,W01001192,586,171,57,114,415,364,51
2021,Rhondda Cynon Taf 030A,W01001193,532,148,49,99,384,341,43
2021,Rhondda Cynon Taf 030B,W01001194,1102,292,107,185,810,723,87
2021,Rhondda Cynon Taf 030C,W01001195,687,204,65,139,483,416,67
2021,Rhondda Cynon Taf 027B,W01001196,737,187,67,120,550,482,68
2021,Rhondda Cynon Taf 027C,W01001197,552,149,53,96,403,322,81
2021,Rhondda Cynon Taf 027D,W01001198,751,201,57,144,550,497,53
2021,Rhondda Cynon Taf 027E,W01001199,837,211,63,148,626,542,84
2021,Rhondda Cynon Taf 009C,W01001202,615,162,38,124,453,417,36
2021,Rhondda Cynon Taf 009D,W01001203,412,140,40,100,272,241,31
2021,Rhondda Cynon Taf 006A,W01001204,767,179,41,138,588,533,55
2021,Rhondda Cynon Taf 006B,W01001205,580,154,39,115,426,379,47
2021,Rhondda Cynon Taf 006C,W01001206,598,160,36,124,438,387,51
2021,Rhondda Cynon Taf 006D,W01001207,427,119,39,80,308,275,33
2021,Rhondda Cynon Taf 006E,W01001208,628,182,52,130,446,406,40
2021,Rhondda Cynon Taf 008A,W01001209,489,136,47,89,353,327,26
2021,Rhondda Cynon Taf 008B,W01001210,597,179,47,132,418,385,33
2021,Rhondda Cynon Taf 008C,W01001211,591,193,47,146,398,356,42
2021,Rhondda Cynon Taf 008D,W01001212,532,143,35,108,389,356,33
2021,Rhondda Cynon Taf 011B,W01001214,598,160,33,127,438,389,49
2021,Rhondda Cynon Taf 011D,W01001216,653,202,56,146,451,398,53
2021,Rhondda Cynon Taf 018A,W01001217,433,113,21,92,320,292,28
2021,Rhondda Cynon Taf 018B,W01001218,669,211,55,156,458,398,60
2021,Rhondda Cynon Taf 018C,W01001219,446,139,32,107,307,289,18
2021,Rhondda Cynon Taf 018D,W01001220,679,188,51,137,491,429,62
2021,Rhondda Cynon Taf 001D,W01001221,427,144,31,113,283,251,32
2021,Rhondda Cynon Taf 001E,W01001222,455,131,41,90,324,271,53
2021,Rhondda Cynon Taf 031C,W01001223,840,249,75,174,591,498,93
2021,Rhondda Cynon Taf 031D,W01001224,1020,244,69,175,776,660,116
2021,Rhondda Cynon Taf 031E,W01001225,766,226,88,138,540,448,92
2021,Rhondda Cynon Taf 031F,W01001226,752,187,48,139,565,482,83
2021,Rhondda Cynon Taf 021C,W01001227,608,174,50,124,434,393,41
2021,Rhondda Cynon Taf 021D,W01001228,678,189,58,131,489,417,72
2021,Rhondda Cynon Taf 017B,W01001229,636,182,59,123,454,405,49
2021,Rhondda Cynon Taf 017C,W01001230,725,197,41,156,528,468,60
2021,Rhondda Cynon Taf 017D,W01001231,661,196,52,144,465,416,49
2021,Rhondda Cynon Taf 020D,W01001232,507,131,42,89,376,325,51
2021,Rhondda Cynon Taf 001F,W01001233,791,214,60,154,577,445,132
2021,Rhondda Cynon Taf 021E,W01001234,688,188,57,131,500,428,72
2021,Rhondda Cynon Taf 021F,W01001235,725,208,57,151,517,455,62
2021,Rhondda Cynon Taf 021G,W01001236,770,235,75,160,535,479,56
2021,Rhondda Cynon Taf 022B,W01001237,573,171,52,119,402,357,45
2021,Rhondda Cynon Taf 022C,W01001238,583,196,59,137,387,336,51
2021,Rhondda Cynon Taf 026B,W01001239,507,159,40,119,348,323,25
2021,Rhondda Cynon Taf 026C,W01001240,970,285,85,200,685,603,82
2021,Rhondda Cynon Taf 026D,W01001241,823,218,58,160,605,532,73
2021,Rhondda Cynon Taf 030D,W01001242,612,166,63,103,446,377,69
2021,Rhondda Cynon Taf 030E,W01001243,536,145,42,103,391,351,40
2021,Rhondda Cynon Taf 025B,W01001244,515,122,34,88,393,341,52
2021,Rhondda Cynon Taf 025C,W01001245,502,138,32,106,364,311,53
2021,Rhondda Cynon Taf 025D,W01001246,548,157,40,117,391,355,36
2021,Rhondda Cynon Taf 016C,W01001247,692,215,47,168,477,426,51
2021,Rhondda Cynon Taf 016D,W01001248,915,260,69,191,655,594,61
2021,Rhondda Cynon Taf 024A,W01001249,620,160,36,124,460,426,34
2021,Rhondda Cynon Taf 024B,W01001250,746,166,34,132,580,484,96
2021,Rhondda Cynon Taf 024C,W01001251,528,171,37,134,357,318,39
2021,Rhondda Cynon Taf 024D,W01001252,816,219,65,154,597,518,79
2021,Rhondda Cynon Taf 023C,W01001253,664,186,36,150,478,406,72
2021,Rhondda Cynon Taf 023E,W01001255,899,240,53,187,659,566,93
2021,Rhondda Cynon Taf 019C,W01001256,546,166,49,117,380,346,34
2021,Rhondda Cynon Taf 019D,W01001257,577,162,51,111,415,363,52
2021,Rhondda Cynon Taf 019E,W01001258,592,166,37,129,426,387,39
2021,Rhondda Cynon Taf 018E,W01001259,690,194,40,154,496,446,50
2021,Rhondda Cynon Taf 014C,W01001260,450,128,35,93,322,293,29
2021,Rhondda Cynon Taf 018F,W01001261,538,138,29,109,400,357,43
2021,Rhondda Cynon Taf 022D,W01001262,623,270,130,140,353,313,40
2021,Rhondda Cynon Taf 022E,W01001263,613,279,131,148,334,304,30
2021,Rhondda Cynon Taf 022F,W01001264,592,278,156,122,314,272,42
2021,Rhondda Cynon Taf 007A,W01001265,633,185,50,135,448,400,48
2021,Rhondda Cynon Taf 007B,W01001266,487,154,39,115,333,291,42
2021,Rhondda Cynon Taf 007C,W01001267,558,156,41,115,402,362,40
2021,Rhondda Cynon Taf 007D,W01001268,514,131,33,98,383,349,34
2021,Rhondda Cynon Taf 010A,W01001269,633,166,29,137,467,415,52
2021,Rhondda Cynon Taf 010B,W01001270,665,142,32,110,523,458,65
2021,Rhondda Cynon Taf 010C,W01001271,609,198,51,147,411,368,43
2021,Rhondda Cynon Taf 010D,W01001272,565,162,40,122,403,366,37
2021,Rhondda Cynon Taf 010E,W01001273,734,214,39,175,520,463,57
2021,Rhondda Cynon Taf 013B,W01001274,342,108,26,82,234,200,34
2021,Rhondda Cynon Taf 013C,W01001275,774,213,43,170,561,502,59
2021,Rhondda Cynon Taf 013D,W01001276,496,150,36,114,346,303,43
2021,Rhondda Cynon Taf 028D,W01001277,517,143,35,108,374,324,50
2021,Rhondda Cynon Taf 028E,W01001278,547,176,55,121,371,332,39
2021,Rhondda Cynon Taf 028F,W01001279,387,119,35,84,268,240,28
2021,Rhondda Cynon Taf 017E,W01001280,555,159,36,123,396,350,46
2021,Rhondda Cynon Taf 017F,W01001281,772,238,53,185,534,462,72
2021,Rhondda Cynon Taf 015C,W01001282,858,229,59,170,629,542,87
2021,Rhondda Cynon Taf 015D,W01001283,607,154,35,119,453,389,64
2021,Rhondda Cynon Taf 015E,W01001284,593,150,30,120,443,395,48
2021,Rhondda Cynon Taf 014D,W01001285,605,144,24,120,461,409,52
2021,Rhondda Cynon Taf 014E,W01001286,660,200,39,161,460,417,43
2021,Rhondda Cynon Taf 014F,W01001287,587,144,33,111,443,379,64
2021,Rhondda Cynon Taf 014G,W01001288,568,166,55,111,402,340,62
2021,Merthyr Tydfil 006A,W01001289,546,147,43,104,399,332,67
2021,Merthyr Tydfil 007A,W01001290,1138,273,53,220,865,736,129
2021,Merthyr Tydfil 003A,W01001291,956,236,54,182,720,603,117
2021,Merthyr Tydfil 004A,W01001292,677,227,68,159,450,372,78
2021,Merthyr Tydfil 004B,W01001293,705,190,32,158,515,458,57
2021,Merthyr Tydfil 003B,W01001294,793,204,65,139,589,521,68
2021,Merthyr Tydfil 002A,W01001295,621,183,46,137,438,383,55
2021,Merthyr Tydfil 002B,W01001296,708,195,54,141,513,452,61
2021,Merthyr Tydfil 002C,W01001297,909,257,73,184,652,575,77
2021,Merthyr Tydfil 002D,W01001298,749,221,64,157,528,458,70
2021,Merthyr Tydfil 008A,W01001299,591,166,40,126,425,370,55
2021,Merthyr Tydfil 008B,W01001300,588,216,55,161,372,323,49
2021,Merthyr Tydfil 008C,W01001301,715,237,59,178,478,437,41
2021,Merthyr Tydfil 006B,W01001302,656,167,34,133,489,434,55
2021,Merthyr Tydfil 003C,W01001305,545,154,44,110,391,350,41
2021,Merthyr Tydfil 003D,W01001306,718,184,37,147,534,484,50
2021,Merthyr Tydfil 004C,W01001307,547,151,55,96,396,349,47
2021,Merthyr Tydfil 008D,W01001308,415,146,34,112,269,226,43
2021,Merthyr Tydfil 008E,W01001309,511,149,37,112,362,322,40
2021,Merthyr Tydfil 002E,W01001310,709,171,45,126,538,483,55
2021,Merthyr Tydfil 002F,W01001311,539,119,23,96,420,365,55
2021,Merthyr Tydfil 006E,W01001312,562,167,29,138,395,336,59
2021,Merthyr Tydfil 006F,W01001313,666,186,44,142,480,426,54
2021,Merthyr Tydfil 005A,W01001314,936,264,72,192,672,593,79
2021,Merthyr Tydfil 004D,W01001315,786,220,69,151,566,511,55
2021,Merthyr Tydfil 005C,W01001317,785,211,45,166,574,509,65
2021,Merthyr Tydfil 005D,W01001318,716,190,49,141,526,448,78
2021,Merthyr Tydfil 007B,W01001319,831,220,74,146,611,526,85
2021,Merthyr Tydfil 007C,W01001320,620,168,53,115,452,414,38
2021,Merthyr Tydfil 007D,W01001321,698,158,30,128,540,489,51
2021,Merthyr Tydfil 007E,W01001322,709,213,57,156,496,436,60
2021,Merthyr Tydfil 003E,W01001324,826,235,61,174,591,498,93
2021,Caerphilly 003A,W01001325,680,195,54,141,485,437,48
2021,Caerphilly 003B,W01001326,846,232,77,155,614,543,71
2021,Caerphilly 014A,W01001327,1255,299,85,214,956,868,88
2021,Caerphilly 014B,W01001328,709,177,53,124,532,472,60
2021,Caerphilly 014C,W01001329,666,174,48,126,492,445,47
2021,Caerphilly 018A,W01001330,637,189,44,145,448,396,52
2021,Caerphilly 018B,W01001331,797,215,38,177,582,529,53
2021,Caerphilly 018C,W01001332,781,245,69,176,536,459,77
2021,Caerphilly 018D,W01001333,591,171,37,134,420,372,48
2021,Caerphilly 005A,W01001334,521,141,30,111,380,339,41
2021,Caerphilly 005B,W01001335,625,144,52,92,481,411,70
2021,Caerphilly 004A,W01001336,620,166,40,126,454,392,62
2021,Caerphilly 004B,W01001337,611,174,55,119,437,390,47
2021,Caerphilly 004C,W01001338,767,224,48,176,543,487,56
2021,Caerphilly 004D,W01001339,403,142,40,102,261,222,39
2021,Caerphilly 020A,W01001340,947,234,59,175,713,637,76
2021,Caerphilly 020B,W01001341,713,218,59,159,495,448,47
2021,Caerphilly 021A,W01001342,556,144,44,100,412,368,44
2021,Caerphilly 021B,W01001343,523,142,31,111,381,334,47
2021,Caerphilly 020C,W01001344,706,197,56,141,509,444,65
2021,Caerphilly 021C,W01001345,397,133,41,92,264,238,26
2021,Caerphilly 020D,W01001346,618,172,46,126,446,397,49
2021,Caerphilly 005C,W01001347,649,191,46,145,458,410,48
2021,Caerphilly 009A,W01001348,689,193,50,143,496,438,58
2021,Caerphilly 009B,W01001349,895,201,59,142,694,605,89
2021,Caerphilly 009C,W01001350,806,216,69,147,590,530,60
2021,Caerphilly 005D,W01001351,596,156,54,102,440,377,63
2021,Caerphilly 007A,W01001352,743,211,47,164,532,481,51
2021,Caerphilly 007B,W01001353,547,137,40,97,410,376,34
2021,Caerphilly 014D,W01001354,817,225,63,162,592,522,70
2021,Caerphilly 015A,W01001355,648,176,47,129,472,411,61
2021,Caerphilly 006A,W01001356,601,140,30,110,461,404,57
2021,Caerphilly 006B,W01001357,824,207,49,158,617,523,94
2021,Caerphilly 006C,W01001358,550,137,32,105,413,372,41
2021,Caerphilly 006D,W01001359,679,165,41,124,514,458,56
2021,Caerphilly 002A,W01001360,600,153,36,117,447,392,55
2021,Caerphilly 002B,W01001361,443,150,40,110,293,253,40
2021,Caerphilly 003C,W01001362,827,223,66,157,604,533,71
2021,Caerphilly 012A,W01001363,905,210,44,166,695,607,88
2021,Caerphilly 012B,W01001364,699,203,54,149,496,442,54
2021,Caerphilly 012C,W01001365,932,215,57,158,717,642,75
2021,Caerphilly 019A,W01001366,677,187,41,146,490,428,62
2021,Caerphilly 019B,W01001367,697,174,39,135,523,477,46
2021,Caerphilly 019C,W01001368,601,186,52,134,415,367,48
2021,Caerphilly 012D,W01001369,1144,280,72,208,864,768,96
2021,Caerphilly 023A,W01001370,815,229,60,169,586,529,57
2021,Caerphilly 022A,W01001371,889,212,63,149,677,600,77
2021,Caerphilly 022B,W01001372,851,242,92,150,609,539,70
2021,Caerphilly 022C,W01001373,939,265,70,195,674,607,67
2021,Caerphilly 001A,W01001374,595,156,38,118,439,388,51
2021,Caerphilly 001B,W01001375,613,182,44,138,431,383,48
2021,Caerphilly 001C,W01001376,469,139,43,96,330,296,34
2021,Caerphilly 013A,W01001377,648,174,44,130,474,414,60
2021,Caerphilly 013B,W01001378,568,156,42,114,412,363,49
2021,Caerphilly 013C,W01001379,681,161,49,112,520,436,84
2021,Caerphilly 010A,W01001380,812,221,66,155,591,513,78
2021,Caerphilly 010B,W01001381,528,154,45,109,374,335,39
2021,Caerphilly 010C,W01001382,643,187,60,127,456,398,58
2021,Caerphilly 010D,W01001383,648,163,36,127,485,434,51
2021,Caerphilly 002C,W01001384,695,181,37,144,514,452,62
2021,Caerphilly 002D,W01001385,643,168,36,132,475,411,64
2021,Caerphilly 002E,W01001386,553,141,32,109,412,366,46
2021,Caerphilly 007C,W01001387,500,146,31,115,354,311,43
2021,Caerphilly 007D,W01001388,778,206,52,154,572,512,60
2021,Caerphilly 007E,W01001389,513,112,19,93,401,342,59
2021,Caerphilly 006E,W01001390,1043,236,60,176,807,689,118
2021,Caerphilly 006F,W01001391,716,192,57,135,524,465,59
2021,Caerphilly 009D,W01001392,902,183,48,135,719,647,72
2021,Caerphilly 019D,W01001393,528,146,46,100,382,349,33
2021,Caerphilly 023B,W01001394,663,154,47,107,509,452,57
2021,Caerphilly 023C,W01001395,558,167,44,123,391,358,33
2021,Caerphilly 023D,W01001396,571,172,35,137,399,359,40
2021,Caerphilly 019E,W01001397,784,194,56,138,590,516,74
2021,Caerphilly 024A,W01001398,1468,359,90,269,1109,980,129
2021,Caerphilly 023E,W01001399,583,180,62,118,403,362,41
2021,Caerphilly 019F,W01001400,510,156,35,121,354,320,34
2021,Caerphilly 011A,W01001401,831,203,41,162,628,544,84
2021,Caerphilly 011B,W01001402,673,190,55,135,483,425,58
2021,Caerphilly 011C,W01001403,754,182,51,131,572,505,67
2021,Caerphilly 011D,W01001404,557,141,35,106,416,374,42
2021,Caerphilly 011E,W01001405,770,200,56,144,570,493,77
2021,Caerphilly 001D,W01001406,786,206,66,140,580,515,65
2021,Caerphilly 016A,W01001407,608,147,37,110,461,414,47
2021,Caerphilly 016B,W01001408,644,202,68,134,442,405,37
2021,Caerphilly 016C,W01001409,740,189,46,143,551,492,59
2021,Caerphilly 016D,W01001410,798,215,58,157,583,506,77
2021,Caerphilly 017A,W01001411,706,190,52,138,516,467,49
2021,Caerphilly 017B,W01001412,769,211,50,161,558,487,71
2021,Caerphilly 017C,W01001413,821,214,44,170,607,540,67
2021,Caerphilly 008A,W01001414,605,174,50,124,431,382,49
2021,Caerphilly 008B,W01001415,787,192,54,138,595,514,81
2021,Caerphilly 008C,W01001416,638,149,36,113,489,434,55
2021,Caerphilly 008D,W01001417,688,164,37,127,524,460,64
2021,Caerphilly 008E,W01001418,586,159,40,119,427,367,60
2021,Caerphilly 021D,W01001419,778,243,92,151,535,451,84
2021,Caerphilly 022D,W01001420,538,161,43,118,377,340,37
2021,Caerphilly 022E,W01001421,435,157,44,113,278,254,24
2021,Caerphilly 022F,W01001422,475,170,50,120,305,277,28
2021,Caerphilly 024B,W01001423,617,161,57,104,456,402,54
2021,Caerphilly 024C,W01001424,600,168,42,126,432,384,48
2021,Caerphilly 024D,W01001425,817,221,68,153,596,511,85
2021,Caerphilly 024E,W01001426,685,193,52,141,492,425,67
2021,Caerphilly 024F,W01001427,1068,283,80,203,785,681,104
2021,Caerphilly 001E,W01001428,351,105,24,81,246,209,37
2021,Caerphilly 001F,W01001429,520,122,31,91,398,348,50
2021,Caerphilly 015B,W01001430,1129,286,79,207,843,756,87
2021,Caerphilly 015C,W01001431,792,228,65,163,564,481,83
2021,Caerphilly 013D,W01001432,1321,299,70,229,1022,903,119
2021,Caerphilly 013E,W01001433,602,170,59,111,432,383,49
2021,Caerphilly 013F,W01001434,709,171,39,132,538,469,69
2021,Blaenau Gwent 008A,W01001435,605,164,42,122,441,399,42
2021,Blaenau Gwent 008B,W01001436,547,141,42,99,406,364,42
2021,Blaenau Gwent 008C,W01001437,713,192,53,139,521,478,43
2021,Blaenau Gwent 004A,W01001438,668,207,52,155,461,421,40
2021,Blaenau Gwent 004B,W01001439,792,195,46,149,597,528,69
2021,Blaenau Gwent 001A,W01001440,569,165,63,102,404,359,45
2021,Blaenau Gwent 001B,W01001441,390,88,23,65,302,264,38
2021,Blaenau Gwent 001C,W01001442,526,104,23,81,422,373,49
2021,Blaenau Gwent 005A,W01001443,483,142,38,104,341,296,45
2021,Blaenau Gwent 005B,W01001444,866,227,50,177,639,579,60
2021,Blaenau Gwent 005C,W01001445,599,145,33,112,454,407,47
2021,Blaenau Gwent 002A,W01001446,557,163,33,130,394,341,53
2021,Blaenau Gwent 002B,W01001447,598,177,31,146,421,375,46
2021,Blaenau Gwent 002C,W01001448,524,130,29,101,394,348,46
2021,Blaenau Gwent 002D,W01001449,627,145,31,114,482,427,55
2021,Blaenau Gwent 007A,W01001450,542,137,31,106,405,353,52
2021,Blaenau Gwent 007B,W01001451,572,161,34,127,411,352,59
2021,Blaenau Gwent 007C,W01001452,726,206,55,151,520,465,55
2021,Blaenau Gwent 008D,W01001453,559,164,51,113,395,359,36
2021,Blaenau Gwent 008E,W01001454,552,125,30,95,427,385,42
2021,Blaenau Gwent 008F,W01001455,721,187,55,132,534,478,56
2021,Blaenau Gwent 004C,W01001456,539,147,34,113,392,342,50
2021,Blaenau Gwent 004D,W01001457,611,187,45,142,424,386,38
2021,Blaenau Gwent 004E,W01001458,825,194,50,144,631,576,55
2021,Blaenau Gwent 007D,W01001459,432,135,43,92,297,268,29
2021,Blaenau Gwent 007E,W01001460,859,224,58,166,635,549,86
2021,Blaenau Gwent 007F,W01001461,572,170,54,116,402,361,41
2021,Blaenau Gwent 006A,W01001462,890,206,36,170,684,600,84
2021,Blaenau Gwent 006B,W01001463,845,203,39,164,642,570,72
2021,Blaenau Gwent 009A,W01001464,590,141,43,98,449,387,62
2021,Blaenau Gwent 009B,W01001465,601,148,28,120,453,407,46
2021,Blaenau Gwent 009C,W01001466,611,140,36,104,471,405,66
2021,Blaenau Gwent 005D,W01001467,796,206,50,156,590,520,70
2021,Blaenau Gwent 005E,W01001468,579,154,39,115,425,359,66
2021,Blaenau Gwent 005F,W01001469,488,127,27,100,361,307,54
2021,Blaenau Gwent 001D,W01001470,638,145,28,117,493,430,63
2021,Blaenau Gwent 001E,W01001471,595,168,39,129,427,378,49
2021,Blaenau Gwent 003A,W01001472,686,170,54,116,516,453,63
2021,Blaenau Gwent 003B,W01001473,389,124,30,94,265,230,35
2021,Blaenau Gwent 003C,W01001474,570,153,32,121,417,362,55
2021,Blaenau Gwent 003D,W01001475,550,131,37,94,419,383,36
2021,Blaenau Gwent 006C,W01001478,678,178,54,124,500,450,50
2021,Blaenau Gwent 006D,W01001479,460,146,33,113,314,287,27
2021,Blaenau Gwent 003E,W01001480,583,163,46,117,420,372,48
2021,Blaenau Gwent 006E,W01001481,641,192,76,116,449,378,71
2021,Torfaen 002A,W01001482,497,165,46,119,332,292,40
2021,Torfaen 002B,W01001483,520,146,31,115,374,332,42
2021,Torfaen 002C,W01001484,766,206,56,150,560,489,71
2021,Torfaen 002D,W01001485,492,138,37,101,354,306,48
2021,Torfaen 002E,W01001486,698,153,45,108,545,475,70
2021,Torfaen 001A,W01001487,742,176,49,127,566,510,56
2021,Torfaen 001B,W01001488,570,157,42,115,413,379,34
2021,Torfaen 001C,W01001489,586,177,50,127,409,361,48
2021,Torfaen 001D,W01001490,627,154,36,118,473,432,41
2021,Torfaen 004A,W01001491,696,189,44,145,507,456,51
2021,Torfaen 012A,W01001492,1055,323,99,224,732,652,80
2021,Torfaen 008A,W01001493,802,218,63,155,584,522,62
2021,Torfaen 008B,W01001494,673,197,53,144,476,416,60
2021,Torfaen 008C,W01001495,740,188,50,138,552,468,84
2021,Torfaen 004B,W01001496,607,183,44,139,424,385,39
2021,Torfaen 011A,W01001497,589,179,39,140,410,372,38
2021,Torfaen 011B,W01001498,494,166,46,120,328,293,35
2021,Torfaen 011C,W01001499,597,169,46,123,428,377,51
2021,Torfaen 011D,W01001500,617,138,41,97,479,431,48
2021,Torfaen 009A,W01001501,517,154,40,114,363,330,33
2021,Torfaen 011E,W01001502,593,166,33,133,427,376,51
2021,Torfaen 009B,W01001503,516,152,43,109,364,319,45
2021,Torfaen 013A,W01001504,1041,267,66,201,774,667,107
2021,Torfaen 013B,W01001505,1389,331,116,215,1058,918,140
2021,Torfaen 010A,W01001506,616,168,45,123,448,401,47
2021,Torfaen 008D,W01001507,880,229,60,169,651,581,70
2021,Torfaen 013C,W01001508,498,139,34,105,359,306,53
2021,Torfaen 013D,W01001509,631,167,59,108,464,409,55
2021,Torfaen 005A,W01001510,712,190,50,140,522,455,67
2021,Torfaen 005B,W01001511,645,168,42,126,477,421,56
2021,Torfaen 005C,W01001512,537,135,37,98,402,356,46
2021,Torfaen 005D,W01001513,634,161,38,123,473,410,63
2021,Torfaen 006A,W01001514,512,118,29,89,394,353,41
2021,Torfaen 006B,W01001515,732,171,41,130,561,510,51
2021,Torfaen 006C,W01001516,629,187,57,130,442,398,44
2021,Torfaen 006D,W01001517,1255,281,64,217,974,865,109
2021,Torfaen 006E,W01001518,487,134,37,97,353,313,40
2021,Torfaen 007A,W01001519,488,160,45,115,328,293,35
2021,Torfaen 007B,W01001520,1367,314,97,217,1053,910,143
2021,Torfaen 007C,W01001521,677,218,71,147,459,420,39
2021,Torfaen 007D,W01001522,682,183,56,127,499,448,51
2021,Torfaen 004C,W01001523,717,191,55,136,526,466,60
2021,Torfaen 004D,W01001524,776,195,52,143,581,511,70
2021,Torfaen 003A,W01001525,773,215,67,148,558,482,76
2021,Torfaen 010B,W01001526,524,163,40,123,361,313,48
2021,Torfaen 010C,W01001527,488,139,42,97,349,297,52
2021,Torfaen 010D,W01001528,886,197,33,164,689,614,75
2021,Torfaen 003B,W01001529,845,254,67,187,591,525,66
2021,Torfaen 003C,W01001530,625,215,60,155,410,360,50
2021,Torfaen 003D,W01001531,684,209,61,148,475,423,52
2021,Torfaen 010E,W01001532,700,207,56,151,493,432,61
2021,Torfaen 012B,W01001533,832,217,79,138,615,507,108
2021,Torfaen 012C,W01001534,621,169,43,126,452,409,43
2021,Torfaen 012D,W01001535,576,148,47,101,428,377,51
2021,Torfaen 009C,W01001536,407,151,48,103,256,238,18
2021,Torfaen 007E,W01001537,555,156,52,104,399,349,50
2021,Torfaen 009D,W01001538,504,159,34,125,345,315,30
2021,Torfaen 009E,W01001539,630,189,54,135,441,387,54
2021,Torfaen 004E,W01001540,637,158,39,119,479,427,52
2021,Torfaen 004F,W01001541,473,142,30,112,331,289,42
2021,Monmouthshire 009A,W01001542,1023,290,102,188,733,591,142
2021,Monmouthshire 009B,W01001543,851,241,79,162,610,515,95
2021,Monmouthshire 001A,W01001545,554,209,67,142,345,285,60
2021,Monmouthshire 002A,W01001546,642,218,68,150,424,355,69
2021,Monmouthshire 001B,W01001548,1057,321,119,202,736,514,222
2021,Monmouthshire 007A,W01001549,653,194,62,132,459,342,117
2021,Monmouthshire 010C,W01001551,549,156,38,118,393,337,56
2021,Monmouthshire 004A,W01001552,629,219,104,115,410,324,86
2021,Monmouthshire 004C,W01001554,622,188,84,104,434,322,112
2021,Monmouthshire 006A,W01001555,560,175,79,96,385,303,82
2021,Monmouthshire 006B,W01001556,640,167,57,110,473,385,88
2021,Monmouthshire 001C,W01001557,875,282,95,187,593,509,84
2021,Monmouthshire 002C,W01001558,615,203,63,140,412,353,59
2021,Monmouthshire 008A,W01001559,547,152,52,100,395,339,56
2021,Monmouthshire 006C,W01001560,647,208,91,117,439,323,116
2021,Monmouthshire 003A,W01001561,648,190,68,122,458,376,82
2021,Monmouthshire 003B,W01001562,688,212,55,157,476,396,80
2021,Monmouthshire 003C,W01001563,520,177,54,123,343,308,35
2021,Monmouthshire 006D,W01001565,895,301,118,183,594,401,193
2021,Monmouthshire 005C,W01001568,905,300,106,194,605,411,194
2021,Monmouthshire 003E,W01001569,548,172,61,111,376,318,58
2021,Monmouthshire 001D,W01001571,716,232,84,148,484,377,107
2021,Monmouthshire 011A,W01001572,748,218,77,141,530,442,88
2021,Monmouthshire 011B,W01001573,717,194,73,121,523,429,94
2021,Monmouthshire 011C,W01001574,702,170,56,114,532,466,66
2021,Monmouthshire 005D,W01001575,583,184,80,104,399,288,111
2021,Monmouthshire 004D,W01001576,517,157,38,119,360,319,41
2021,Monmouthshire 004E,W01001577,460,158,59,99,302,270,32
2021,Monmouthshire 009C,W01001578,1285,343,116,227,942,783,159
2021,Monmouthshire 001E,W01001579,680,219,79,140,461,400,61
2021,Monmouthshire 002E,W01001580,738,230,85,145,508,421,87
2021,Monmouthshire 005E,W01001581,865,292,111,181,573,437,136
2021,Monmouthshire 011D,W01001582,956,248,86,162,708,620,88
2021,Monmouthshire 007B,W01001583,734,234,85,149,500,371,129
2021,Monmouthshire 008B,W01001584,895,253,78,175,642,562,80
2021,Monmouthshire 007C,W01001585,576,156,51,105,420,359,61
2021,Monmouthshire 007D,W01001586,1216,356,124,232,860,715,145
2021,Monmouthshire 008C,W01001587,934,258,94,164,676,569,107
2021,Monmouthshire 010D,W01001588,708,212,60,152,496,431,65
2021,Monmouthshire 010E,W01001589,612,182,63,119,430,374,56
2021,Monmouthshire 009D,W01001590,992,309,109,200,683,526,157
2021,Monmouthshire 011E,W01001591,953,271,92,179,682,590,92
2021,Monmouthshire 008D,W01001592,744,221,75,146,523,458,65
2021,Monmouthshire 008E,W01001593,895,228,71,157,667,576,91
2021,Monmouthshire 007E,W01001594,625,242,102,140,383,287,96
2021,Monmouthshire 007F,W01001595,601,206,70,136,395,304,91
2021,Monmouthshire 006E,W01001596,342,110,44,66,232,196,36
2021,Monmouthshire 006F,W01001597,714,216,73,143,498,398,100
2021,Monmouthshire 010F,W01001598,759,208,48,160,551,479,72
2021,Monmouthshire 004F,W01001599,895,304,84,220,591,494,97
2021,Newport 012A,W01001600,923,219,69,150,704,593,111
2021,Newport 006A,W01001601,556,174,52,122,382,341,41
2021,Newport 012B,W01001602,725,172,63,109,553,456,97
2021,Newport 012C,W01001603,759,181,54,127,578,491,87
2021,Newport 012D,W01001604,698,196,64,132,502,428,74
2021,Newport 014A,W01001605,649,189,45,144,460,409,51
2021,Newport 008A,W01001606,631,194,46,148,437,370,67
2021,Newport 015A,W01001607,505,179,52,127,326,291,35
2021,Newport 008B,W01001608,727,191,51,140,536,476,60
2021,Newport 015B,W01001609,771,263,62,201,508,461,47
2021,Newport 015C,W01001610,597,200,45,155,397,342,55
2021,Newport 011A,W01001611,600,179,40,139,421,390,31
2021,Newport 011B,W01001612,721,185,54,131,536,465,71
2021,Newport 011C,W01001613,767,251,69,182,516,464,52
2021,Newport 005A,W01001614,614,209,53,156,405,350,55
2021,Newport 005B,W01001615,731,206,46,160,525,458,67
2021,Newport 005C,W01001616,642,195,60,135,447,403,44
2021,Newport 003A,W01001617,461,163,31,132,298,275,23
2021,Newport 003B,W01001618,418,117,26,91,301,273,28
2021,Newport 003C,W01001619,537,188,48,140,349,302,47
2021,Newport 003D,W01001620,789,216,45,171,573,506,67
2021,Newport 003E,W01001621,539,163,40,123,376,333,43
2021,Newport 003F,W01001622,559,151,29,122,408,362,46
2021,Newport 001A,W01001623,630,163,46,117,467,399,68
2021,Newport 001B,W01001624,590,165,45,120,425,376,49
2021,Newport 001C,W01001625,563,174,64,110,389,310,79
2021,Newport 001D,W01001626,649,187,65,122,462,392,70
2021,Newport 001E,W01001627,783,199,60,139,584,497,87
2021,Newport 001F,W01001628,430,118,34,84,312,266,46
2021,Newport 017A,W01001629,593,184,41,143,409,366,43
2021,Newport 017B,W01001630,593,181,60,121,412,363,49
2021,Newport 017C,W01001631,691,205,44,161,486,435,51
2021,Newport 017D,W01001632,676,205,51,154,471,425,46
2021,Newport 019A,W01001633,693,217,54,163,476,417,59
2021,Newport 019B,W01001634,670,176,53,123,494,429,65
2021,Newport 016A,W01001635,687,184,62,122,503,425,78
2021,Newport 020A,W01001636,1096,299,106,193,797,686,111
2021,Newport 016B,W01001637,1022,244,65,179,778,659,119
2021,Newport 016C,W01001638,585,146,34,112,439,374,65
2021,Newport 004A,W01001639,1135,314,110,204,821,701,120
2021,Newport 004B,W01001640,500,159,59,100,341,268,73
2021,Newport 004C,W01001641,616,192,69,123,424,340,84
2021,Newport 013A,W01001642,832,233,63,170,599,532,67
2021,Newport 013B,W01001643,813,224,65,159,589,535,54
2021,Newport 015D,W01001645,625,182,46,136,443,396,47
2021,Newport 015E,W01001646,556,207,62,145,349,311,38
2021,Newport 015G,W01001648,737,197,43,154,540,478,62
2021,Newport 004E,W01001650,697,180,53,127,517,454,63
2021,Newport 002A,W01001651,687,191,43,148,496,437,59
2021,Newport 002B,W01001652,569,193,52,141,376,310,66
2021,Newport 002C,W01001653,648,206,46,160,442,393,49
2021,Newport 002D,W01001654,772,201,57,144,571,509,62
2021,Newport 002E,W01001655,699,216,59,157,483,426,57
2021,Newport 020C,W01001657,726,176,67,109,550,454,96
2021,Newport 020D,W01001658,1019,262,79,183,757,623,134
2021,Newport 018A,W01001659,588,217,58,159,371,336,35
2021,Newport 018B,W01001660,1302,325,95,230,977,881,96
2021,Newport 018C,W01001661,1258,385,125,260,873,777,96
2021,Newport 018D,W01001662,500,190,51,139,310,258,52
2021,Newport 008C,W01001663,546,185,44,141,361,314,47
2021,Newport 010A,W01001664,462,159,40,119,303,264,39
2021,Newport 008D,W01001665,665,189,63,126,476,413,63
2021,Newport 010B,W01001666,595,219,49,170,376,339,37
2021,Newport 010C,W01001667,444,157,37,120,287,252,35
2021,Newport 010D,W01001668,445,151,54,97,294,261,33
2021,Newport 009A,W01001669,609,172,64,108,437,390,47
2021,Newport 009B,W01001670,1150,282,85,197,868,757,111
2021,Newport 016D,W01001671,1187,298,84,214,889,776,113
2021,Newport 009D,W01001673,573,166,43,123,407,347,60
2021,Newport 009E,W01001674,685,198,59,139,487,428,59
2021,Newport 007A,W01001675,719,208,56,152,511,461,50
2021,Newport 007B,W01001676,981,283,72,211,698,628,70
2021,Newport 007C,W01001677,714,180,50,130,534,486,48
2021,Newport 005D,W01001678,641,181,60,121,460,392,68
2021,Newport 007D,W01001679,546,151,34,117,395,347,48
2021,Newport 007E,W01001680,675,218,58,160,457,409,48
2021,Newport 006B,W01001681,548,155,30,125,393,353,40
2021,Newport 006C,W01001682,601,218,54,164,383,345,38
2021,Newport 006D,W01001683,567,164,45,119,403,360,43
2021,Newport 006E,W01001684,747,199,58,141,548,468,80
2021,Newport 014B,W01001685,802,233,90,143,569,508,61
2021,Newport 014C,W01001686,663,181,55,126,482,415,67
2021,Newport 014D,W01001687,971,264,101,163,707,597,110
2021,Newport 019D,W01001689,640,212,53,159,428,365,63
2021,Newport 013D,W01001690,1032,329,94,235,703,640,63
2021,Newport 011D,W01001691,819,217,63,154,602,542,60
2021,Newport 011E,W01001692,1002,372,101,271,630,576,54
2021,Newport 013E,W01001693,1275,422,102,320,853,755,98
2021,Cardiff 036A,W01001694,930,294,106,188,636,579,57
2021,Cardiff 036B,W01001695,911,408,212,196,503,429,74
2021,Cardiff 036C,W01001696,639,238,75,163,401,368,33
2021,Cardiff 036D,W01001697,984,300,93,207,684,630,54
2021,Cardiff 036E,W01001698,979,314,125,189,665,608,57
2021,Cardiff 049A,W01001699,919,298,106,192,621,549,72
2021,Cardiff 045A,W01001702,812,253,63,190,559,498,61
2021,Cardiff 045B,W01001703,417,143,40,103,274,242,32
2021,Cardiff 041A,W01001704,500,200,53,147,300,263,37
2021,Cardiff 045C,W01001705,779,265,75,190,514,466,48
2021,Cardiff 041B,W01001706,619,206,61,145,413,357,56
2021,Cardiff 041C,W01001707,728,275,98,177,453,406,47
2021,Cardiff 045D,W01001708,609,242,76,166,367,313,54
2021,Cardiff 040B,W01001710,921,283,88,195,638,548,90
2021,Cardiff 040C,W01001711,830,301,96,205,529,469,60
2021,Cardiff 040D,W01001712,845,202,78,124,643,565,78
2021,Cardiff 040E,W01001713,980,239,89,150,741,650,91
2021,Cardiff 035A,W01001714,758,205,67,138,553,476,77
2021,Cardiff 035B,W01001715,848,215,64,151,633,544,89
2021,Cardiff 035C,W01001716,676,177,61,116,499,434,65
2021,Cardiff 035D,W01001717,804,194,52,142,610,529,81
2021,Cardiff 028A,W01001718,760,312,152,160,448,400,48
2021,Cardiff 028B,W01001719,763,339,191,148,424,378,46
2021,Cardiff 028C,W01001720,661,343,207,136,318,291,27
2021,Cardiff 032A,W01001721,618,362,244,118,256,228,28
2021,Cardiff 028D,W01001722,543,291,181,110,252,231,21
2021,Cardiff 032C,W01001724,587,359,251,108,228,206,22
2021,Cardiff 032D,W01001725,481,314,200,114,167,156,11
2021,Cardiff 028E,W01001726,665,293,159,134,372,340,32
2021,Cardiff 014A,W01001727,547,149,51,98,398,348,50
2021,Cardiff 014B,W01001728,624,179,54,125,445,384,61
2021,Cardiff 014C,W01001729,1595,413,138,275,1182,1003,179
2021,Cardiff 008A,W01001730,610,196,66,130,414,312,102
2021,Cardiff 008B,W01001731,651,206,68,138,445,379,66
2021,Cardiff 019A,W01001732,743,218,58,160,525,442,83
2021,Cardiff 019B,W01001733,569,171,67,104,398,330,68
2021,Cardiff 019C,W01001734,697,231,79,152,466,371,95
2021,Cardiff 019D,W01001735,751,265,122,143,486,407,79
2021,Cardiff 008C,W01001736,636,211,64,147,425,363,62
2021,Cardiff 039A,W01001737,508,193,54,139,315,279,36
2021,Cardiff 039B,W01001738,417,163,34,129,254,225,29
2021,Cardiff 039C,W01001739,423,180,64,116,243,222,21
2021,Cardiff 039D,W01001740,528,179,50,129,349,297,52
2021,Cardiff 039E,W01001741,510,241,75,166,269,239,30
2021,Cardiff 043A,W01001742,462,177,44,133,285,253,32
2021,Cardiff 043B,W01001743,690,213,73,140,477,413,64
2021,Cardiff 043C,W01001744,563,209,57,152,354,326,28
2021,Cardiff 043D,W01001745,667,205,56,149,462,417,45
2021,Cardiff 041D,W01001746,565,199,63,136,366,333,33
2021,Cardiff 027A,W01001747,899,243,78,165,656,586,70
2021,Cardiff 027B,W01001748,688,214,45,169,474,414,60
2021,Cardiff 027C,W01001749,694,210,50,160,484,429,55
2021,Cardiff 031A,W01001750,609,181,40,141,428,383,45
2021,Cardiff 027D,W01001751,690,250,75,175,440,417,23
2021,Cardiff 031B,W01001752,842,248,72,176,594,533,61
2021,Cardiff 031C,W01001753,621,196,50,146,425,381,44
2021,Cardiff 031D,W01001754,813,231,82,149,582,513,69
2021,Cardiff 025A,W01001755,892,226,84,142,666,590,76
2021,Cardiff 025B,W01001756,954,470,269,201,484,442,42
2021,Cardiff 025C,W01001757,790,218,92,126,572,525,47
2021,Cardiff 025D,W01001758,910,304,142,162,606,550,56
2021,Cardiff 046A,W01001759,772,217,63,154,555,496,59
2021,Cardiff 046B,W01001760,745,251,100,151,494,438,56
2021,Cardiff 046C,W01001761,726,242,92,150,484,420,64
2021,Cardiff 046D,W01001762,705,239,81,158,466,419,47
2021,Cardiff 044A,W01001764,786,298,112,186,488,449,39
2021,Cardiff 044B,W01001765,620,214,86,128,406,357,49
2021,Cardiff 044C,W01001766,751,299,85,214,452,411,41
2021,Cardiff 044D,W01001767,834,314,93,221,520,466,54
2021,Cardiff 044E,W01001768,692,278,101,177,414,365,49
2021,Cardiff 018A,W01001769,740,220,71,149,520,450,70
2021,Cardiff 018B,W01001770,529,138,47,91,391,352,39
2021,Cardiff 018C,W01001771,841,220,68,152,621,549,72
2021,Cardiff 021A,W01001772,629,182,56,126,447,388,59
2021,Cardiff 012A,W01001773,1252,339,89,250,913,818,95
2021,Cardiff 018D,W01001774,693,197,59,138,496,424,72
2021,Cardiff 021B,W01001775,811,227,54,173,584,525,59
2021,Cardiff 021C,W01001776,633,173,51,122,460,405,55
2021,Cardiff 001A,W01001777,831,234,83,151,597,501,96
2021,Cardiff 001B,W01001778,796,243,90,153,553,452,101
2021,Cardiff 026A,W01001779,708,182,73,109,526,447,79
2021,Cardiff 026B,W01001780,671,236,107,129,435,363,72
2021,Cardiff 026C,W01001781,767,217,87,130,550,443,107
2021,Cardiff 026D,W01001782,734,201,62,139,533,464,69
2021,Cardiff 026E,W01001783,605,187,62,125,418,372,46
2021,Cardiff 026F,W01001784,622,197,67,130,425,387,38
2021,Cardiff 023A,W01001785,443,177,52,125,266,229,37
2021,Cardiff 023B,W01001786,767,214,55,159,553,504,49
2021,Cardiff 023C,W01001787,588,196,60,136,392,347,45
2021,Cardiff 023D,W01001788,643,229,75,154,414,372,42
2021,Cardiff 023E,W01001789,854,227,56,171,627,558,69
2021,Cardiff 023F,W01001790,524,178,45,133,346,314,32
2021,Cardiff 005A,W01001791,779,228,85,143,551,478,73
2021,Cardiff 005B,W01001792,677,193,63,130,484,430,54
2021,Cardiff 002A,W01001793,758,224,66,158,534,474,60
2021,Cardiff 001C,W01001794,720,196,46,150,524,476,48
2021,Cardiff 002B,W01001795,827,229,70,159,598,527,71
2021,Cardiff 002C,W01001796,685,224,62,162,461,402,59
2021,Cardiff 005C,W01001797,649,188,59,129,461,396,65
2021,Cardiff 002D,W01001798,696,193,59,134,503,454,49
2021,Cardiff 001D,W01001799,512,136,46,90,376,304,72
2021,Cardiff 005D,W01001800,627,185,54,131,442,387,55
2021,Cardiff 007A,W01001802,725,272,79,193,453,407,46
2021,Cardiff 015A,W01001803,670,209,53,156,461,418,43
2021,Cardiff 015B,W01001804,665,206,50,156,459,416,43
2021,Cardiff 015C,W01001805,733,217,59,158,516,468,48
2021,Cardiff 015D,W01001806,769,226,57,169,543,482,61
2021,Cardiff 007B,W01001807,649,233,46,187,416,375,41
2021,Cardiff 007C,W01001808,608,225,76,149,383,355,28
2021,Cardiff 017A,W01001809,575,183,46,137,392,351,41
2021,Cardiff 017B,W01001810,645,255,77,178,390,357,33
2021,Cardiff 009A,W01001811,512,172,41,131,340,311,29
2021,Cardiff 017C,W01001812,503,162,36,126,341,328,13
2021,Cardiff 017D,W01001813,637,230,65,165,407,378,29
2021,Cardiff 017E,W01001814,674,228,68,160,446,401,45
2021,Cardiff 008D,W01001815,641,221,62,159,420,375,45
2021,Cardiff 009B,W01001816,1194,344,115,229,850,753,97
2021,Cardiff 009C,W01001817,680,219,50,169,461,408,53
2021,Cardiff 009D,W01001818,679,202,67,135,477,446,31
2021,Cardiff 014D,W01001819,1020,324,118,206,696,573,123
2021,Cardiff 006A,W01001820,554,152,63,89,402,344,58
2021,Cardiff 024A,W01001821,592,188,81,107,404,333,71
2021,Cardiff 029A,W01001822,836,255,79,176,581,490,91
2021,Cardiff 029B,W01001823,663,183,63,120,480,391,89
2021,Cardiff 029C,W01001824,833,250,98,152,583,506,77
2021,Cardiff 029D,W01001825,983,248,66,182,735,619,116
2021,Cardiff 024B,W01001826,578,163,48,115,415,359,56
2021,Cardiff 024C,W01001827,702,251,76,175,451,371,80
2021,Cardiff 024D,W01001828,678,196,60,136,482,417,65
2021,Cardiff 033A,W01001829,883,364,165,199,519,475,44
2021,Cardiff 033B,W01001830,850,268,119,149,582,520,62
2021,Cardiff 030A,W01001831,875,238,117,121,637,579,58
2021,Cardiff 033C,W01001832,710,265,132,133,445,418,27
2021,Cardiff 033D,W01001833,816,216,63,153,600,538,62
2021,Cardiff 033E,W01001834,837,269,112,157,568,515,53
2021,Cardiff 033F,W01001835,812,255,128,127,557,504,53
2021,Cardiff 030B,W01001836,710,194,80,114,516,443,73
2021,Cardiff 030C,W01001837,639,250,135,115,389,358,31
2021,Cardiff 030D,W01001838,863,284,116,168,579,517,62
2021,Cardiff 030E,W01001839,788,267,109,158,521,485,36
2021,Cardiff 007D,W01001840,842,257,76,181,585,490,95
2021,Cardiff 003A,W01001841,1005,295,93,202,710,624,86
2021,Cardiff 003B,W01001842,1023,243,71,172,780,688,92
2021,Cardiff 003D,W01001844,1072,288,97,191,784,688,96
2021,Cardiff 006C,W01001846,858,205,59,146,653,555,98
2021,Cardiff 006D,W01001847,653,208,72,136,445,359,86
2021,Cardiff 012B,W01001848,715,205,51,154,510,449,61
2021,Cardiff 004A,W01001849,735,250,83,167,485,415,70
2021,Cardiff 012C,W01001850,852,271,96,175,581,506,75
2021,Cardiff 012D,W01001851,672,178,47,131,494,433,61
2021,Cardiff 004B,W01001852,899,265,84,181,634,516,118
2021,Cardiff 004C,W01001853,683,205,63,142,478,412,66
2021,Cardiff 004D,W01001854,608,200,42,158,408,356,52
2021,Cardiff 042A,W01001855,738,295,84,211,443,392,51
2021,Cardiff 042B,W01001856,702,288,101,187,414,369,45
2021,Cardiff 042C,W01001857,747,278,84,194,469,423,46
2021,Cardiff 034A,W01001858,907,215,74,141,692,574,118
2021,Cardiff 034B,W01001859,936,204,71,133,732,606,126
2021,Cardiff 034C,W01001860,1012,254,99,155,758,640,118
2021,Cardiff 034D,W01001861,940,231,98,133,709,578,131
2021,Cardiff 042D,W01001862,920,331,110,221,589,525,64
2021,Cardiff 022A,W01001863,711,225,56,169,486,436,50
2021,Cardiff 022B,W01001864,732,212,68,144,520,457,63
2021,Cardiff 022C,W01001865,667,184,72,112,483,417,66
2021,Cardiff 016A,W01001866,593,164,51,113,429,382,47
2021,Cardiff 016B,W01001867,523,196,52,144,327,295,32
2021,Cardiff 022D,W01001868,603,237,55,182,366,327,39
2021,Cardiff 038A,W01001869,742,173,64,109,569,503,66
2021,Cardiff 037A,W01001870,761,231,62,169,530,463,67
2021,Cardiff 037B,W01001871,623,203,53,150,420,361,59
2021,Cardiff 038B,W01001872,807,228,78,150,579,514,65
2021,Cardiff 038C,W01001873,813,224,78,146,589,536,53
2021,Cardiff 038D,W01001874,542,183,52,131,359,317,42
2021,Cardiff 037D,W01001876,577,206,62,144,371,336,35
2021,Cardiff 011A,W01001877,996,244,60,184,752,668,84
2021,Cardiff 011B,W01001878,688,195,52,143,493,437,56
2021,Cardiff 013A,W01001879,715,215,60,155,500,440,60
2021,Cardiff 013B,W01001880,566,181,49,132,385,344,41
2021,Cardiff 013C,W01001881,527,179,51,128,348,302,46
2021,Cardiff 011C,W01001882,932,244,78,166,688,624,64
2021,Cardiff 016C,W01001883,570,182,58,124,388,332,56
2021,Cardiff 013D,W01001884,388,149,23,126,239,211,28
2021,Cardiff 011D,W01001885,1178,287,73,214,891,803,88
2021,Cardiff 016D,W01001886,447,137,37,100,310,273,37
2021,Cardiff 020A,W01001887,755,247,77,170,508,432,76
2021,Cardiff 010A,W01001888,836,241,60,181,595,508,87
2021,Cardiff 020B,W01001889,623,210,55,155,413,360,53
2021,Cardiff 021D,W01001890,678,215,81,134,463,415,48
2021,Cardiff 020C,W01001891,707,174,47,127,533,467,66
2021,Cardiff 020D,W01001892,667,191,53,138,476,422,54
2021,Cardiff 010B,W01001893,888,250,58,192,638,553,85
2021,Cardiff 010C,W01001894,708,190,57,133,518,462,56
2021,Cardiff 010D,W01001895,667,199,52,147,468,412,56
2021,Cardiff 020E,W01001896,690,212,65,147,478,415,63
2021,Powys 020D,W01001897,917,315,110,205,602,423,179
2021,Merthyr Tydfil 008F,W01001898,633,153,46,107,480,414,66
2021,Powys 021F,W01001899,921,263,64,199,658,568,90
2021,Neath Port Talbot 020G,W01001900,571,186,58,128,385,335,50
2021,Powys 017F,W01001901,788,227,54,173,561,471,90
2021,Powys 017G,W01001902,568,200,57,143,368,331,37
2021,Powys 018F,W01001903,886,331,130,201,555,443,112
2021,Powys 018G,W01001904,704,255,88,167,449,341,108
2021,Powys 018H,W01001905,1056,337,124,213,719,520,199
2021,Powys 001F,W01001906,886,297,114,183,589,424,165
2021,Powys 001G,W01001907,690,230,89,141,460,282,178
2021,Monmouthshire 010G,W01001908,874,297,80,217,577,490,87
2021,Vale of Glamorgan 012G,W01001910,773,255,59,196,518,455,63
2021,Vale of Glamorgan 012H,W01001911,539,161,28,133,378,328,50
2021,Newport 020E,W01001912,763,188,50,138,575,482,93
2021,Newport 020F,W01001913,836,181,55,126,655,558,97
2021,Rhondda Cynon Taf 023F,W01001914,1058,217,55,162,841,727,114
2021,Rhondda Cynon Taf 027F,W01001915,848,214,55,159,634,568,66
2021,Rhondda Cynon Taf 027G,W01001916,845,211,55,156,634,550,84
2021,Rhondda Cynon Taf 023G,W01001917,714,183,58,125,531,461,70
2021,Bridgend 017E,W01001918,1008,229,70,159,779,654,125
2021,Bridgend 017F,W01001919,759,198,62,136,561,493,68
2021,Bridgend 017G,W01001920,640,166,61,105,474,398,76
2021,Bridgend 017H,W01001921,759,194,55,139,565,483,82
2021,Cardiff 032E,W01001922,428,271,175,96,157,130,27
2021,Carmarthenshire 026G,W01001923,862,216,66,150,646,554,92
2021,Carmarthenshire 026H,W01001924,456,152,33,119,304,264,40
2021,Carmarthenshire 023F,W01001925,893,294,93,201,599,501,98
2021,Conwy 011F,W01001926,1022,321,82,239,701,595,106
2021,Conwy 010G,W01001927,481,173,44,129,308,271,37
2021,Conwy 010H,W01001928,318,131,50,81,187,162,25
2021,Wrexham 012F,W01001929,622,136,42,94,486,440,46
2021,Wrexham 019F,W01001930,1010,355,134,221,655,476,179
2021,Wrexham 012G,W01001931,631,152,39,113,479,431,48
2021,Gwynedd 014E,W01001932,1292,425,141,284,867,599,268
2021,Gwynedd 017F,W01001933,879,314,123,191,565,411,154
2021,Ceredigion 003E,W01001935,516,139,50,89,377,318,59
2021,Ceredigion 003F,W01001936,449,172,71,101,277,233,44
2021,Ceredigion 001F,W01001937,877,317,109,208,560,474,86
2021,Cardiff 048A,W01001940,749,115,48,67,634,568,66
2021,Cardiff 049B,W01001942,820,218,85,133,602,530,72
2021,Cardiff 048B,W01001943,781,131,45,86,650,580,70
2021,Cardiff 048C,W01001944,814,123,44,79,691,634,57
2021,Cardiff 049C,W01001946,643,199,68,131,444,395,49
2021,Cardiff 048E,W01001947,1190,210,71,139,980,875,105
2021,Cardiff 006E,W01001948,1283,305,89,216,978,823,155
2021,Cardiff 005F,W01001949,688,135,33,102,553,501,52
2021,Cardiff 049D,W01001950,689,113,45,68,576,500,76
2021,Cardiff 049E,W01001951,768,215,115,100,553,487,66
2021,Cardiff 049F,W01001952,911,217,108,109,694,611,83
2021,Cardiff 005G,W01001953,727,215,50,165,512,467,45
2021,Cardiff 006F,W01001954,650,182,57,125,468,385,83
2021,Swansea 025F,W01001955,656,226,82,144,430,383,47
2021,Swansea 032C,W01001956,834,267,105,162,567,490,77
2021,Swansea 025H,W01001958,545,129,54,75,416,336,80
2021,Merthyr Tydfil 005E,W01001959,807,195,50,145,612,522,90
2021,Merthyr Tydfil 005F,W01001960,746,210,64,146,536,482,54
2021,Merthyr Tydfil 006G,W01001961,985,264,76,188,721,641,80
2021,Rhondda Cynon Taf 011E,W01001962,1033,279,64,215,754,681,73
2021,Rhondda Cynon Taf 014H,W01001963,968,299,75,224,669,597,72
2021,Rhondda Cynon Taf 021H,W01001964,1111,288,79,209,823,749,74
2021,Rhondda Cynon Taf 029E,W01001965,757,197,60,137,560,492,68
2021,Rhondda Cynon Taf 029F,W01001966,953,198,48,150,755,652,103
2021,Rhondda Cynon Taf 031G,W01001967,795,207,62,145,588,507,81
2021,Rhondda Cynon Taf 031H,W01001968,834,206,59,147,628,556,72
2021,Wrexham 010F,W01001969,917,273,81,192,644,558,86
2021,Wrexham 021C,W01001970,1012,318,120,198,694,573,121
2021,Wrexham 022D,W01001971,779,246,81,165,533,387,146
2021,Wrexham 022E,W01001972,729,158,45,113,571,497,74
2021,Blaenau Gwent 009F,W01001973,1031,266,85,181,765,706,59
2021,Monmouthshire 002G,W01001974,589,184,56,128,405,345,60
2021,Monmouthshire 002H,W01001975,548,197,71,126,351,293,58
2021,Monmouthshire 003F,W01001976,678,224,69,155,454,375,79
2021,Monmouthshire 003G,W01001977,635,195,53,142,440,361,79
2021,Monmouthshire 004G,W01001978,665,213,53,160,452,375,77
2021,Monmouthshire 004H,W01001979,983,244,72,172,739,602,137
2021,Monmouthshire 005F,W01001980,1032,310,104,206,722,520,202
2021,Bridgend 011D,W01001981,1013,243,62,181,770,625,145
2021,Bridgend 011E,W01001982,765,133,31,102,632,537,95
2021,Bridgend 011F,W01001983,918,168,42,126,750,636,114
2021,Bridgend 011G,W01001984,656,132,44,88,524,457,67
2021,Neath Port Talbot 006F,W01001985,866,245,78,167,621,524,97
2021,Neath Port Talbot 007E,W01001986,1004,319,80,239,685,604,81
2021,Neath Port Talbot 010G,W01001987,757,210,56,154,547,483,64
2021,Neath Port Talbot 010H,W01001988,893,195,54,141,698,621,77
2021,Neath Port Talbot 010I,W01001989,801,277,122,155,524,449,75
2021,Neath Port Talbot 021E,W01001990,850,242,84,158,608,523,85
2021,Swansea 005G,W01001991,618,226,57,169,392,348,44
2021,Swansea 005H,W01001992,717,212,65,147,505,443,62
2021,Swansea 006E,W01001993,955,228,63,165,727,635,92
2021,Swansea 006F,W01001994,778,196,47,149,582,517,65
2021,Swansea 021E,W01001995,544,196,48,148,348,303,45
2021,Swansea 021F,W01001996,618,161,58,103,457,388,69
2021,Swansea 025I,W01001997,817,226,90,136,591,519,72
2021,Vale of Glamorgan 015G,W01001998,1027,320,102,218,707,614,93
2021,Carmarthenshire 019F,W01001999,1045,351,117,234,694,581,113
2021,Ceredigion 002G,W01002000,620,345,219,126,275,227,48
2021,Ceredigion 002H,W01002001,420,213,114,99,207,172,35
2021,Ceredigion 007E,W01002002,1839,616,229,387,1223,878,345
2021,Gwynedd 013E,W01002003,937,345,134,211,592,461,131
2021,Gwynedd 016F,W01002004,879,349,122,227,530,400,130
2021,Isle of Anglesey 002E,W01002005,938,288,88,200,650,491,159
2021,Isle of Anglesey 004G,W01002007,863,308,100,208,555,465,90
2021,Isle of Anglesey 007F,W01002008,884,293,107,186,591,478,113
2021,Pembrokeshire 005E,W01002009,498,176,61,115,322,272,50
2021,Pembrokeshire 005F,W01002010,510,169,64,105,341,293,48
2021,Pembrokeshire 010D,W01002011,640,201,52,149,439,353,86
2021,Pembrokeshire 010E,W01002012,484,192,49,143,292,231,61
2021,Pembrokeshire 011G,W01002013,882,311,113,198,571,436,135
2021,Pembrokeshire 016E,W01002014,907,352,129,223,555,420,135
2021,Cardiff 003E,W01002016,792,160,64,96,632,559,73
2021,Cardiff 003F,W01002017,803,156,52,104,647,580,67
2021,Cardiff 003G,W01002018,878,224,60,164,654,568,86
2021,Cardiff 032H,W01002019,1004,236,110,126,768,657,111
2021,Cardiff 037E,W01002020,657,200,58,142,457,409,48
2021,Cardiff 037F,W01002021,777,210,61,149,567,508,59
2021,Cardiff 040F,W01002022,810,149,41,108,661,601,60
2021,Cardiff 040G,W01002023,887,267,81,186,620,539,81
2021,Cardiff 048F,W01002024,814,137,62,75,677,588,89
2021,Cardiff 048G,W01002025,677,116,52,64,561,468,93
2021,Newport 004F,W01002026,1174,209,53,156,965,836,129
2021,Newport 004G,W01002027,914,242,67,175,672,536,136
2021,Newport 009F,W01002028,902,241,65,176,661,594,67
2021,Newport 009G,W01002029,1022,174,39,135,848,747,101
2021,Newport 013F,W01002030,672,202,56,146,470,417,53
2021,Newport 013G,W01002031,931,205,52,153,726,647,79
2021,Newport 015H,W01002032,561,183,57,126,378,323,55
2021,Newport 015I,W01002033,813,174,45,129,639,556,83
2021,Newport 019E,W01002034,993,201,50,151,792,727,65
2021,Newport 019F,W01002035,749,210,47,163,539,469,70
2021,Vale of Glamorgan 005G,W01002036,806,193,76,117,613,522,91
2021,Vale of Glamorgan 005H,W01002037,578,138,50,88,440,357,83
2021,Vale of Glamorgan 014G,W01002038,554,158,51,107,396,356,40
2021,Vale of Glamorgan 014H,W01002039,920,259,77,182,661,568,93
2021,Vale of Glamorgan 015F,W01002040,1220,233,52,181,987,876,111
